chrX	0	100000	0.0036071781153834592	1456
chrX	100000	200000	0.0024865410704724795	4965
chrX	200000	300000	0.0037157439878159207	2964
chrX	300000	400000	0.0018837885701602228	15533
chrX	400000	500000	0.0024166358301798683	29352
chrX	500000	600000	0.0024291323032549286	30548
chrX	600000	700000	0.002168693968816892	32131
chrX	700000	800000	0.0023229953694321485	42139
chrX	800000	900000	0.0016556941191721015	28095
chrX	900000	1000000	0.0018475998055789136	33413
chrX	1000000	1100000	0.001574794866400169	10800
chrX	1100000	1200000	0.0	NA
chrX	1200000	1300000	0.002031359469869232	14837
chrX	1300000	1400000	0.00157313561500912	11710
chrX	1400000	1500000	0.0024785334799388597	3621
chrX	1500000	1600000	0.0013908290786052184	5994
chrX	1600000	1700000	0.0020472626158796474	13016
chrX	1700000	1800000	0.002151638523015333	15723
chrX	1800000	1900000	0.0016274814045134493	33177
chrX	1900000	2000000	0.0014974799243547764	42559
chrX	2000000	2100000	0.001875396787462901	27331
chrX	2100000	2200000	0.002232574277180961	5654
chrX	2200000	2300000	0.0	NA
chrX	2300000	2400000	0.0	NA
chrX	2400000	2500000	0.001462248549793747	45281
chrX	2500000	2600000	0.0013281283269252595	31936
chrX	2600000	2700000	0.001382419678091926	9973
chrX	2700000	2800000	0.00118483706403197	6527
chrX	2800000	2900000	0.0013398068447751244	22760
chrX	2900000	3000000	0.0009027011751335826	18211
chrX	3000000	3100000	0.0015142341815484973	41962
chrX	3100000	3200000	0.0013120245940846827	67756
chrX	3200000	3300000	0.0017428475800834208	40676
chrX	3300000	3400000	0.001006048757484596	66600
chrX	3400000	3500000	0.0008930277108143116	62692
chrX	3500000	3600000	0.0007495321452293416	14266
chrX	3600000	3700000	0.0012877905194088421	32614
chrX	3700000	3800000	0.0011895787024340263	21192
chrX	3800000	3900000	0.000889478355235138	25561
chrX	3900000	4000000	0.0014550529166350743	78839
chrX	4000000	4100000	0.0007748224402388149	79245
chrX	4100000	4200000	0.0014375204470363499	79718
chrX	4200000	4300000	0.0013146645205275441	84113
chrX	4300000	4400000	0.0007722731899106057	79369
chrX	4400000	4500000	0.0005469952912568641	77637
chrX	4500000	4600000	0.0009705146764029594	75731
chrX	4600000	4700000	0.0010073224110036631	73578
chrX	4700000	4800000	0.0009073429504785526	76081
chrX	4800000	4900000	0.0007727011527059489	77400
chrX	4900000	5000000	0.0011015609884534147	79951
chrX	5000000	5100000	0.001166026020268929	74083
chrX	5100000	5200000	0.0007694724270479444	78953
chrX	5200000	5300000	0.0008184478004791136	81913
chrX	5300000	5400000	0.0013095739031989762	80640
chrX	5400000	5500000	0.0013209537238712758	79923
chrX	5500000	5600000	0.0012812220926503059	82766
chrX	5600000	5700000	0.0012508329217935162	76600
chrX	5700000	5800000	0.0008264364187080659	79391
chrX	5800000	5900000	0.0006964059590499656	6848
chrX	5900000	6000000	0.0	NA
chrX	6000000	6100000	0.0	NA
chrX	6100000	6200000	0.0007076736491250617	40080
chrX	6200000	6300000	0.0006911214871734536	79340
chrX	6300000	6400000	0.000940190686085288	81858
chrX	6400000	6500000	0.0008638185254056045	76866
chrX	6500000	6600000	0.0006611670633514097	79199
chrX	6600000	6700000	0.0007178390585871377	80898
chrX	6700000	6800000	0.0007380965653292684	84914
chrX	6800000	6900000	0.0008370150371029695	73474
chrX	6900000	7000000	0.0005051521835933658	30759
chrX	7000000	7100000	0.0	NA
chrX	7100000	7200000	0.0	NA
chrX	7200000	7300000	0.00030024157051131964	22227
chrX	7300000	7400000	0.0006359111780951733	85565
chrX	7400000	7500000	0.000517460630549199	79549
chrX	7500000	7600000	0.0007612799170559212	81085
chrX	7600000	7700000	0.0011694071849135533	39189
chrX	7700000	7800000	0.0005527622995023116	88353
chrX	7800000	7900000	0.0009535268797956065	55024
chrX	7900000	8000000	0.0005577499201068717	79564
chrX	8000000	8100000	0.0005269696341236699	84815
chrX	8100000	8200000	0.0005968582631363875	69704
chrX	8200000	8300000	0.0009262242072096874	83886
chrX	8300000	8400000	0.0008955905584774326	84731
chrX	8400000	8500000	0.0008679028615406026	60611
chrX	8500000	8600000	0.0	NA
chrX	8600000	8700000	0.0	NA
chrX	8700000	8800000	0.0006068446336916013	64184
chrX	8800000	8900000	0.000717155937565773	92359
chrX	8900000	9000000	0.0007742766845976191	64487
chrX	9000000	9100000	0.000633800921165978	81408
chrX	9100000	9200000	0.0004835994790692031	86934
chrX	9200000	9300000	0.0008171896689628721	81300
chrX	9300000	9400000	0.0007561391674588806	65299
chrX	9400000	9500000	0.0007057063876025571	22404
chrX	9500000	9600000	0.0	NA
chrX	9600000	9700000	0.0010968758368722418	5219
chrX	9700000	9800000	0.0006951968783921681	11848
chrX	9800000	9900000	0.0	NA
chrX	9900000	10000000	0.0010826121987272145	44001
chrX	10000000	10100000	0.0	NA
chrX	10100000	10200000	0.0010720823753310879	8765
chrX	10200000	10300000	0.0010717613908093166	29283
chrX	10300000	10400000	0.0	NA
chrX	10400000	10500000	0.0	NA
chrX	10500000	10600000	0.0	NA
chrX	10600000	10700000	0.0	NA
chrX	10700000	10800000	0.0	NA
chrX	10800000	10900000	0.0	NA
chrX	10900000	11000000	0.0	NA
chrX	11000000	11100000	0.0	NA
chrX	11100000	11200000	0.0	NA
chrX	11200000	11300000	0.0	NA
chrX	11300000	11400000	0.0	NA
chrX	11400000	11500000	0.0	NA
chrX	11500000	11600000	0.0	NA
chrX	11600000	11700000	0.0	NA
chrX	11700000	11800000	0.0	NA
chrX	11800000	11900000	0.0	NA
chrX	11900000	12000000	0.0	NA
chrX	12000000	12100000	0.0	NA
chrX	12100000	12200000	0.0	NA
chrX	12200000	12300000	0.0	NA
chrX	12300000	12400000	0.0	NA
chrX	12400000	12500000	0.0	NA
chrX	12500000	12600000	0.0	NA
chrX	12600000	12700000	0.0	NA
chrX	12700000	12800000	0.0009091948875533266	43811
chrX	12800000	12900000	0.0012454866505093383	25947
chrX	12900000	13000000	0.0009678507938707061	35930
chrX	13000000	13100000	0.0007374811615223761	74039
chrX	13100000	13200000	0.0003743445463008346	80230
chrX	13200000	13300000	0.0005681515899280578	83862
chrX	13300000	13400000	0.00033340986173756895	73450
chrX	13400000	13500000	0.0010176828314796419	78761
chrX	13500000	13600000	0.0007955944289624414	74737
chrX	13600000	13700000	0.0010440293656035452	22874
chrX	13700000	13800000	0.0006542155931688297	9371
chrX	13800000	13900000	0.0	NA
chrX	13900000	14000000	0.0005355058913171309	29364
chrX	14000000	14100000	0.0006973086208302335	65754
chrX	14100000	14200000	0.0007978782126025565	79481
chrX	14200000	14300000	0.0005663469260665023	74794
chrX	14300000	14400000	0.0006765336659183106	79874
chrX	14400000	14500000	0.00048214479181981815	80841
chrX	14500000	14600000	0.0003510241881884038	42635
chrX	14600000	14700000	0.0	NA
chrX	14700000	14800000	0.00044408107185062927	38657
chrX	14800000	14900000	0.0005069777497375949	48752
chrX	14900000	15000000	0.0006865148973983603	42771
chrX	15000000	15100000	0.0005832283360684772	80872
chrX	15100000	15200000	0.0005600006584840547	82204
chrX	15200000	15300000	0.0007863309338952567	58956
chrX	15300000	15400000	0.0006008968239877894	11373
chrX	15400000	15500000	0.0	NA
chrX	15500000	15600000	0.0004762793611646388	10123
chrX	15600000	15700000	0.0006630487671851451	13653
chrX	15700000	15800000	0.0003844982546114954	23510
chrX	15800000	15900000	0.0004489248159928433	26088
chrX	15900000	16000000	0.0005724212222706972	81552
chrX	16000000	16100000	0.00044399233499088436	82768
chrX	16100000	16200000	0.0007311266659734187	53837
chrX	16200000	16300000	0.0007845070371942548	72067
chrX	16300000	16400000	0.0008434056784453792	72354
chrX	16400000	16500000	0.0005088355851482371	84033
chrX	16500000	16600000	0.0007624186881995456	70365
chrX	16600000	16700000	0.0004960353805231039	3618
chrX	16700000	16800000	0.0005568060931230401	12512
chrX	16800000	16900000	0.00036770001113783137	11521
chrX	16900000	17000000	0.0006005431439200005	32283
chrX	17000000	17100000	0.0	NA
chrX	17100000	17200000	0.0	NA
chrX	17200000	17300000	0.0	NA
chrX	17300000	17400000	0.0	NA
chrX	17400000	17500000	0.0	NA
chrX	17500000	17600000	0.0	NA
chrX	17600000	17700000	0.0	NA
chrX	17700000	17800000	0.0	NA
chrX	17800000	17900000	0.0	NA
chrX	17900000	18000000	0.0	NA
chrX	18000000	18100000	0.0	NA
chrX	18100000	18200000	0.0	NA
chrX	18200000	18300000	0.0	NA
chrX	18300000	18400000	0.0	NA
chrX	18400000	18500000	0.0	NA
chrX	18500000	18600000	0.0	NA
chrX	18600000	18700000	0.0	NA
chrX	18700000	18800000	0.0	NA
chrX	18800000	18900000	0.0005966492282683046	32737
chrX	18900000	19000000	0.0006887911825841002	7954
chrX	19000000	19100000	0.0001810017385572245	4116
chrX	19100000	19200000	0.0008362372486972521	39110
chrX	19200000	19300000	0.0010087668305396613	73116
chrX	19300000	19400000	0.0009610229193107241	2790
chrX	19400000	19500000	0.0	NA
chrX	19500000	19600000	0.0	NA
chrX	19600000	19700000	0.0	NA
chrX	19700000	19800000	0.0	NA
chrX	19800000	19900000	0.0	NA
chrX	19900000	20000000	0.0	NA
chrX	20000000	20100000	0.0	NA
chrX	20100000	20200000	0.0	NA
chrX	20200000	20300000	0.0	NA
chrX	20300000	20400000	0.0	NA
chrX	20400000	20500000	0.0	NA
chrX	20500000	20600000	0.0	NA
chrX	20600000	20700000	0.0	NA
chrX	20700000	20800000	0.0	NA
chrX	20800000	20900000	0.0	NA
chrX	20900000	21000000	0.0	NA
chrX	21000000	21100000	0.0	NA
chrX	21100000	21200000	0.0	NA
chrX	21200000	21300000	0.0	NA
chrX	21300000	21400000	0.0	NA
chrX	21400000	21500000	0.0	NA
chrX	21500000	21600000	0.0	NA
chrX	21600000	21700000	0.0	NA
chrX	21700000	21800000	0.0	NA
chrX	21800000	21900000	0.0	NA
chrX	21900000	22000000	0.0	NA
chrX	22000000	22100000	0.0	NA
chrX	22100000	22200000	0.0	NA
chrX	22200000	22300000	0.0	NA
chrX	22300000	22400000	0.0	NA
chrX	22400000	22500000	0.0	NA
chrX	22500000	22600000	0.0	NA
chrX	22600000	22700000	0.0	NA
chrX	22700000	22800000	0.0	NA
chrX	22800000	22900000	0.0	NA
chrX	22900000	23000000	0.0	NA
chrX	23000000	23100000	0.0	NA
chrX	23100000	23200000	0.0	NA
chrX	23200000	23300000	0.0	NA
chrX	23300000	23400000	0.0007565687990557734	38178
chrX	23400000	23500000	0.0008703808304310668	60203
chrX	23500000	23600000	0.0005446947670558782	72295
chrX	23600000	23700000	0.0017047045381074761	61975
chrX	23700000	23800000	0.0011504400161904847	25799
chrX	23800000	23900000	0.0006812411609381944	25641
chrX	23900000	24000000	0.000653636744597652	23844
chrX	24000000	24100000	0.0004559199817680632	10384
chrX	24100000	24200000	0.0006098996030284393	32863
chrX	24200000	24300000	0.0007537939332582148	44739
chrX	24300000	24400000	0.0006032286692822193	68865
chrX	24400000	24500000	0.0006888995366078186	63323
chrX	24500000	24600000	0.00030064690510630816	6730
chrX	24600000	24700000	0.00019517537120257577	7120
chrX	24700000	24800000	0.00014204125129497702	8397
chrX	24800000	24900000	0.0	NA
chrX	24900000	25000000	0.0	NA
chrX	25000000	25100000	0.0003921384872497528	56512
chrX	25100000	25200000	0.0004193468178719451	78985
chrX	25200000	25300000	0.0007090228960962894	85156
chrX	25300000	25400000	0.00035871179923273517	65743
chrX	25400000	25500000	0.0002712089391018929	80410
chrX	25500000	25600000	0.0006269679042762445	86307
chrX	25600000	25700000	0.0006885494910121091	91717
chrX	25700000	25800000	0.0008145089154543218	79346
chrX	25800000	25900000	0.0007737307169133033	84625
chrX	25900000	26000000	0.0009993996897307948	75396
chrX	26000000	26100000	0.0007322110488205889	81360
chrX	26100000	26200000	0.0007632347201911276	73080
chrX	26200000	26300000	0.0005996694340199785	74608
chrX	26300000	26400000	0.0008578116355334868	71017
chrX	26400000	26500000	0.0006612862865681052	84539
chrX	26500000	26600000	0.0006889754680133361	75100
chrX	26600000	26700000	0.0005099410775824497	85836
chrX	26700000	26800000	0.0004895204055527553	81441
chrX	26800000	26900000	0.0005929980406581094	85563
chrX	26900000	27000000	0.000980385396083926	86586
chrX	27000000	27100000	0.0009313868978635273	78634
chrX	27100000	27200000	0.000753566520764426	75843
chrX	27200000	27300000	0.0006906198117367578	81114
chrX	27300000	27400000	0.0008516962305188347	74297
chrX	27400000	27500000	0.0010327631746686616	78903
chrX	27500000	27600000	0.000726076734606128	75188
chrX	27600000	27700000	0.000765591369806713	82222
chrX	27700000	27800000	0.0007250144578269244	81185
chrX	27800000	27900000	0.0005758374444869951	75740
chrX	27900000	28000000	0.0005761749611976973	83629
chrX	28000000	28100000	0.0006975543266628094	87563
chrX	28100000	28200000	0.00044239450758874397	80671
chrX	28200000	28300000	0.0006904430339972965	83213
chrX	28300000	28400000	0.0005501396012217418	81454
chrX	28400000	28500000	0.0008695436003693072	74206
chrX	28500000	28600000	0.0007620024407451067	79862
chrX	28600000	28700000	0.00026983756805269243	5532
chrX	28700000	28800000	0.0	NA
chrX	28800000	28900000	0.0	NA
chrX	28900000	29000000	0.0	NA
chrX	29000000	29100000	0.0	NA
chrX	29100000	29200000	0.0	NA
chrX	29200000	29300000	0.0	NA
chrX	29300000	29400000	0.0	NA
chrX	29400000	29500000	0.0	NA
chrX	29500000	29600000	0.0	NA
chrX	29600000	29700000	0.0	NA
chrX	29700000	29800000	0.0	NA
chrX	29800000	29900000	0.0	NA
chrX	29900000	30000000	0.00029347566968009455	17886
chrX	30000000	30100000	0.0006361848125860153	75211
chrX	30100000	30200000	0.0006700511858712355	82088
chrX	30200000	30300000	0.0007383754324244089	68485
chrX	30300000	30400000	0.0007859057916630482	77006
chrX	30400000	30500000	0.001010575293991199	81302
chrX	30500000	30600000	0.0009757357369391898	61425
chrX	30600000	30700000	0.0006555043198148136	46509
chrX	30700000	30800000	0.0005739281839756394	29646
chrX	30800000	30900000	0.0004113974293332383	20458
chrX	30900000	31000000	0.0008689279426985492	81314
chrX	31000000	31100000	0.0008730249105041641	79204
chrX	31100000	31200000	0.00047579696313965734	32605
chrX	31200000	31300000	0.0	NA
chrX	31300000	31400000	0.0	NA
chrX	31400000	31500000	0.0	NA
chrX	31500000	31600000	0.0	NA
chrX	31600000	31700000	0.0	NA
chrX	31700000	31800000	0.0	NA
chrX	31800000	31900000	0.0	NA
chrX	31900000	32000000	0.0	NA
chrX	32000000	32100000	0.0	NA
chrX	32100000	32200000	0.0	NA
chrX	32200000	32300000	0.0	NA
chrX	32300000	32400000	0.0	NA
chrX	32400000	32500000	0.0	NA
chrX	32500000	32600000	0.0	NA
chrX	32600000	32700000	0.0	NA
chrX	32700000	32800000	0.0	NA
chrX	32800000	32900000	0.0	NA
chrX	32900000	33000000	0.0	NA
chrX	33000000	33100000	0.0	NA
chrX	33100000	33200000	0.0	NA
chrX	33200000	33300000	0.0	NA
chrX	33300000	33400000	0.00043849843187103893	32560
chrX	33400000	33500000	0.0007542370569071864	84705
chrX	33500000	33600000	0.0008535969665655895	81055
chrX	33600000	33700000	0.0007503981951351753	84563
chrX	33700000	33800000	0.0006670637561448415	84785
chrX	33800000	33900000	0.0008946216710245267	85057
chrX	33900000	34000000	0.0008311595224690575	84549
chrX	34000000	34100000	0.0006404170245548213	91089
chrX	34100000	34200000	0.0008456166944888502	76290
chrX	34200000	34300000	0.0007799937635254304	83539
chrX	34300000	34400000	0.0008909951029394499	84866
chrX	34400000	34500000	0.0008401397435994575	74386
chrX	34500000	34600000	0.0008042374421414927	83698
chrX	34600000	34700000	0.0005966300258485577	62606
chrX	34700000	34800000	0.0008139495067922644	85644
chrX	34800000	34900000	0.0008536993246037728	79295
chrX	34900000	35000000	0.0008435754633247286	85031
chrX	35000000	35100000	0.000848095640693815	84520
chrX	35100000	35200000	0.00042048126001051204	83989
chrX	35200000	35300000	0.000488302850853659	82838
chrX	35300000	35400000	0.0005366757809875628	83294
chrX	35400000	35500000	0.0003466100692327958	83693
chrX	35500000	35600000	0.00036905243028621196	79453
chrX	35600000	35700000	0.000790847713576734	72509
chrX	35700000	35800000	0.0007168863902904094	87814
chrX	35800000	35900000	0.0011641002933160574	79834
chrX	35900000	36000000	0.0008070053226585336	28989
chrX	36000000	36100000	0.0	NA
chrX	36100000	36200000	0.0	NA
chrX	36200000	36300000	0.0	NA
chrX	36300000	36400000	0.0	NA
chrX	36400000	36500000	0.0005855257871812361	31231
chrX	36500000	36600000	0.0007387456672458378	87048
chrX	36600000	36700000	0.0011443627085441835	84166
chrX	36700000	36800000	0.000828653587957641	83505
chrX	36800000	36900000	0.0007071127320534969	90691
chrX	36900000	37000000	0.000552662229496144	78143
chrX	37000000	37100000	0.000569092543136637	51870
chrX	37100000	37200000	0.0008922447838445365	38644
chrX	37200000	37300000	0.0007570950385682858	8119
chrX	37300000	37400000	0.0007961478293341522	41133
chrX	37400000	37500000	0.00047305385469453316	13968
chrX	37500000	37600000	0.00038410919570274073	15052
chrX	37600000	37700000	0.0005874830121862156	49342
chrX	37700000	37800000	0.0008772948974462741	78306
chrX	37800000	37900000	0.0008822370553019987	53127
chrX	37900000	38000000	0.0005427518875022533	11123
chrX	38000000	38100000	0.0006307292314000432	25187
chrX	38100000	38200000	0.0006427639873207817	33111
chrX	38200000	38300000	0.0010363861167173747	25710
chrX	38300000	38400000	0.0007194966973898677	39860
chrX	38400000	38500000	0.0	NA
chrX	38500000	38600000	0.0	NA
chrX	38600000	38700000	0.0	NA
chrX	38700000	38800000	0.0	NA
chrX	38800000	38900000	0.0	NA
chrX	38900000	39000000	0.0	NA
chrX	39000000	39100000	0.0	NA
chrX	39100000	39200000	0.0	NA
chrX	39200000	39300000	0.0	NA
chrX	39300000	39400000	0.0	NA
chrX	39400000	39500000	0.0	NA
chrX	39500000	39600000	0.0	NA
chrX	39600000	39700000	0.0	NA
chrX	39700000	39800000	0.0	NA
chrX	39800000	39900000	0.0	NA
chrX	39900000	40000000	0.0	NA
chrX	40000000	40100000	0.0	NA
chrX	40100000	40200000	0.0	NA
chrX	40200000	40300000	0.0	NA
chrX	40300000	40400000	0.0	NA
chrX	40400000	40500000	0.0	NA
chrX	40500000	40600000	0.0	NA
chrX	40600000	40700000	0.0	NA
chrX	40700000	40800000	0.0	NA
chrX	40800000	40900000	0.0	NA
chrX	40900000	41000000	0.0	NA
chrX	41000000	41100000	0.0	NA
chrX	41100000	41200000	0.0	NA
chrX	41200000	41300000	0.0012989698075002484	12017
chrX	41300000	41400000	0.0007304170235799112	25399
chrX	41400000	41500000	0.0	NA
chrX	41500000	41600000	0.0	NA
chrX	41600000	41700000	0.0	NA
chrX	41700000	41800000	0.00014726540735581213	14731
chrX	41800000	41900000	0.0004120811702145647	80598
chrX	41900000	42000000	0.0006561884102159753	88976
chrX	42000000	42100000	0.000512824781038589	79880
chrX	42100000	42200000	0.000537247300619857	79572
chrX	42200000	42300000	0.0004634672386947373	80006
chrX	42300000	42400000	0.0004920699284087798	83348
chrX	42400000	42500000	0.00035355414651489864	81275
chrX	42500000	42600000	0.0007615799118289067	79932
chrX	42600000	42700000	0.0007502400779150823	81058
chrX	42700000	42800000	0.0008375096637891541	79569
chrX	42800000	42900000	0.000982022101707318	84428
chrX	42900000	43000000	0.000758448636556914	89394
chrX	43000000	43100000	0.0005817454761409841	44692
chrX	43100000	43200000	0.00042934199724361133	76557
chrX	43200000	43300000	0.00029812553281285996	86165
chrX	43300000	43400000	0.0006823066856151684	85402
chrX	43400000	43500000	0.0006697885258207017	77829
chrX	43500000	43600000	0.0006895511313773464	9768
chrX	43600000	43700000	0.0005614316362686643	17236
chrX	43700000	43800000	0.00042598906320781544	48087
chrX	43800000	43900000	0.0005878517512690913	61576
chrX	43900000	44000000	0.0005176531176098909	82612
chrX	44000000	44100000	0.0004538956985365102	6075
chrX	44100000	44200000	0.0	NA
chrX	44200000	44300000	0.000800283506327746	68152
chrX	44300000	44400000	0.0007050596147570722	50725
chrX	44400000	44500000	0.000822091676844698	45746
chrX	44500000	44600000	0.0005681668474630787	61365
chrX	44600000	44700000	0.0007746407797475428	47804
chrX	44700000	44800000	0.0006582997203335672	18821
chrX	44800000	44900000	0.0	NA
chrX	44900000	45000000	0.0005416124601577549	21963
chrX	45000000	45100000	0.0008885465077030737	38914
chrX	45100000	45200000	0.0006736402186831205	85322
chrX	45200000	45300000	0.0007348729114513708	85326
chrX	45300000	45400000	0.0006082862792960265	61223
chrX	45400000	45500000	0.0005397007669866226	84098
chrX	45500000	45600000	0.0007393563326302399	76303
chrX	45600000	45700000	0.0006338029063615473	84474
chrX	45700000	45800000	0.0004452102128183032	74446
chrX	45800000	45900000	0.0007438546765946297	78444
chrX	45900000	46000000	0.00042323490081436915	21486
chrX	46000000	46100000	0.0	NA
chrX	46100000	46200000	0.0	NA
chrX	46200000	46300000	0.0	NA
chrX	46300000	46400000	0.0	NA
chrX	46400000	46500000	0.0	NA
chrX	46500000	46600000	0.0	NA
chrX	46600000	46700000	0.0	NA
chrX	46700000	46800000	0.0	NA
chrX	46800000	46900000	0.0	NA
chrX	46900000	47000000	0.0	NA
chrX	47000000	47100000	0.0	NA
chrX	47100000	47200000	0.0	NA
chrX	47200000	47300000	0.0	NA
chrX	47300000	47400000	0.0	NA
chrX	47400000	47500000	0.0	NA
chrX	47500000	47600000	0.0	NA
chrX	47600000	47700000	0.0	NA
chrX	47700000	47800000	0.0	NA
chrX	47800000	47900000	0.0	NA
chrX	47900000	48000000	0.0	NA
chrX	48000000	48100000	0.0	NA
chrX	48100000	48200000	0.0	NA
chrX	48200000	48300000	0.0	NA
chrX	48300000	48400000	0.0	NA
chrX	48400000	48500000	0.0	NA
chrX	48500000	48600000	0.0	NA
chrX	48600000	48700000	0.0	NA
chrX	48700000	48800000	0.0	NA
chrX	48800000	48900000	0.0	NA
chrX	48900000	49000000	0.0	NA
chrX	49000000	49100000	0.0	NA
chrX	49100000	49200000	0.0	NA
chrX	49200000	49300000	0.0	NA
chrX	49300000	49400000	0.0	NA
chrX	49400000	49500000	0.0	NA
chrX	49500000	49600000	0.0	NA
chrX	49600000	49700000	0.0	NA
chrX	49700000	49800000	0.0	NA
chrX	49800000	49900000	0.0	NA
chrX	49900000	50000000	0.0	NA
chrX	50000000	50100000	0.0	NA
chrX	50100000	50200000	0.0	NA
chrX	50200000	50300000	0.0	NA
chrX	50300000	50400000	0.0	NA
chrX	50400000	50500000	0.0	NA
chrX	50500000	50600000	0.0	NA
chrX	50600000	50700000	0.0	NA
chrX	50700000	50800000	0.0	NA
chrX	50800000	50900000	0.0	NA
chrX	50900000	51000000	0.0	NA
chrX	51000000	51100000	0.0	NA
chrX	51100000	51200000	0.0	NA
chrX	51200000	51300000	0.0	NA
chrX	51300000	51400000	0.0	NA
chrX	51400000	51500000	0.0	NA
chrX	51500000	51600000	0.0	NA
chrX	51600000	51700000	0.0	NA
chrX	51700000	51800000	0.0	NA
chrX	51800000	51900000	0.0	NA
chrX	51900000	52000000	0.0	NA
chrX	52000000	52100000	0.0	NA
chrX	52100000	52200000	0.0	NA
chrX	52200000	52300000	0.0	NA
chrX	52300000	52400000	0.0	NA
chrX	52400000	52500000	0.0	NA
chrX	52500000	52600000	0.0	NA
chrX	52600000	52700000	0.0	NA
chrX	52700000	52800000	0.0	NA
chrX	52800000	52900000	0.0	NA
chrX	52900000	53000000	0.0	NA
chrX	53000000	53100000	0.0	NA
chrX	53100000	53200000	0.0	NA
chrX	53200000	53300000	0.0	NA
chrX	53300000	53400000	0.0	NA
chrX	53400000	53500000	0.0	NA
chrX	53500000	53600000	0.0	NA
chrX	53600000	53700000	0.0	NA
chrX	53700000	53800000	0.0	NA
chrX	53800000	53900000	0.0	NA
chrX	53900000	54000000	0.0	NA
chrX	54000000	54100000	0.0	NA
chrX	54100000	54200000	0.0	NA
chrX	54200000	54300000	0.0	NA
chrX	54300000	54400000	0.0	NA
chrX	54400000	54500000	0.0	NA
chrX	54500000	54600000	0.0	NA
chrX	54600000	54700000	0.0	NA
chrX	54700000	54800000	0.0	NA
chrX	54800000	54900000	0.0	NA
chrX	54900000	55000000	0.0	NA
chrX	55000000	55100000	0.0	NA
chrX	55100000	55200000	0.0	NA
chrX	55200000	55300000	0.0	NA
chrX	55300000	55400000	0.0	NA
chrX	55400000	55500000	0.0	NA
chrX	55500000	55600000	0.0	NA
chrX	55600000	55700000	0.0	NA
chrX	55700000	55800000	0.0	NA
chrX	55800000	55900000	0.0	NA
chrX	55900000	56000000	0.0	NA
chrX	56000000	56100000	0.0	NA
chrX	56100000	56200000	0.0	NA
chrX	56200000	56300000	0.0	NA
chrX	56300000	56400000	0.0	NA
chrX	56400000	56500000	0.0	NA
chrX	56500000	56600000	0.0	NA
chrX	56600000	56700000	0.0	NA
chrX	56700000	56800000	0.0	NA
chrX	56800000	56900000	0.0	NA
chrX	56900000	57000000	0.0	NA
chrX	57000000	57100000	0.0	NA
chrX	57100000	57200000	0.0	NA
chrX	57200000	57300000	0.0	NA
chrX	57300000	57400000	0.0	NA
chrX	57400000	57500000	0.0	NA
chrX	57500000	57600000	0.0	NA
chrX	57600000	57700000	0.0	NA
chrX	57700000	57800000	0.0	NA
chrX	57800000	57900000	0.0	NA
chrX	57900000	58000000	0.0	NA
chrX	58000000	58100000	0.0	NA
chrX	58100000	58200000	0.0	NA
chrX	58200000	58300000	0.0	NA
chrX	58300000	58400000	0.0	NA
chrX	58400000	58500000	0.0	NA
chrX	58500000	58600000	0.0	NA
chrX	58600000	58700000	0.0	NA
chrX	58700000	58800000	0.0	NA
chrX	58800000	58900000	0.0	NA
chrX	58900000	59000000	0.0	NA
chrX	59000000	59100000	0.0	NA
chrX	59100000	59200000	0.0	NA
chrX	59200000	59300000	0.0	NA
chrX	59300000	59400000	0.0	NA
chrX	59400000	59500000	0.0	NA
chrX	59500000	59600000	0.0	NA
chrX	59600000	59700000	0.0	NA
chrX	59700000	59800000	0.0	NA
chrX	59800000	59900000	0.0	NA
chrX	59900000	60000000	0.0	NA
chrX	60000000	60100000	0.0	NA
chrX	60100000	60200000	0.0	NA
chrX	60200000	60300000	0.0	NA
chrX	60300000	60400000	0.0	NA
chrX	60400000	60500000	0.0	NA
chrX	60500000	60600000	0.0	NA
chrX	60600000	60700000	0.0	NA
chrX	60700000	60800000	0.0	NA
chrX	60800000	60900000	0.0	NA
chrX	60900000	61000000	0.0	NA
chrX	61000000	61100000	0.0	NA
chrX	61100000	61200000	0.0	NA
chrX	61200000	61300000	0.0	NA
chrX	61300000	61400000	0.0	NA
chrX	61400000	61500000	0.0	NA
chrX	61500000	61600000	0.0	NA
chrX	61600000	61700000	0.0	NA
chrX	61700000	61800000	0.0	NA
chrX	61800000	61900000	0.0	NA
chrX	61900000	62000000	0.0	NA
chrX	62000000	62100000	0.0	NA
chrX	62100000	62200000	0.0	NA
chrX	62200000	62300000	0.0	NA
chrX	62300000	62400000	0.0	NA
chrX	62400000	62500000	0.0	NA
chrX	62500000	62600000	0.0	NA
chrX	62600000	62700000	0.0	NA
chrX	62700000	62800000	0.0	NA
chrX	62800000	62900000	0.0	NA
chrX	62900000	63000000	0.0	NA
chrX	63000000	63100000	0.0	NA
chrX	63100000	63200000	0.0	NA
chrX	63200000	63300000	0.0	NA
chrX	63300000	63400000	0.0	NA
chrX	63400000	63500000	0.0	NA
chrX	63500000	63600000	0.0	NA
chrX	63600000	63700000	0.0	NA
chrX	63700000	63800000	0.0	NA
chrX	63800000	63900000	0.0	NA
chrX	63900000	64000000	0.0	NA
chrX	64000000	64100000	0.0	NA
chrX	64100000	64200000	0.0	NA
chrX	64200000	64300000	0.0	NA
chrX	64300000	64400000	0.0	NA
chrX	64400000	64500000	0.0	NA
chrX	64500000	64600000	0.0	NA
chrX	64600000	64700000	0.0	NA
chrX	64700000	64800000	0.0	NA
chrX	64800000	64900000	0.0	NA
chrX	64900000	65000000	0.0	NA
chrX	65000000	65100000	0.0	NA
chrX	65100000	65200000	0.0	NA
chrX	65200000	65300000	0.0	NA
chrX	65300000	65400000	0.0	NA
chrX	65400000	65500000	0.0	NA
chrX	65500000	65600000	0.0	NA
chrX	65600000	65700000	0.0	NA
chrX	65700000	65800000	0.0	NA
chrX	65800000	65900000	0.0	NA
chrX	65900000	66000000	0.0	NA
chrX	66000000	66100000	0.0	NA
chrX	66100000	66200000	0.0	NA
chrX	66200000	66300000	0.0	NA
chrX	66300000	66400000	0.0	NA
chrX	66400000	66500000	0.0	NA
chrX	66500000	66600000	0.0	NA
chrX	66600000	66700000	0.0	NA
chrX	66700000	66800000	0.0	NA
chrX	66800000	66900000	0.0	NA
chrX	66900000	67000000	0.0	NA
chrX	67000000	67100000	0.0	NA
chrX	67100000	67200000	0.0	NA
chrX	67200000	67300000	0.0	NA
chrX	67300000	67400000	0.0	NA
chrX	67400000	67500000	0.0	NA
chrX	67500000	67600000	0.0	NA
chrX	67600000	67700000	0.0	NA
chrX	67700000	67800000	0.0	NA
chrX	67800000	67900000	0.0	NA
chrX	67900000	68000000	0.0	NA
chrX	68000000	68100000	0.0	NA
chrX	68100000	68200000	0.0	NA
chrX	68200000	68300000	0.0	NA
chrX	68300000	68400000	0.0	NA
chrX	68400000	68500000	0.0	NA
chrX	68500000	68600000	0.0	NA
chrX	68600000	68700000	0.0	NA
chrX	68700000	68800000	0.0	NA
chrX	68800000	68900000	0.0	NA
chrX	68900000	69000000	0.0	NA
chrX	69000000	69100000	0.0	NA
chrX	69100000	69200000	0.0	NA
chrX	69200000	69300000	0.0	NA
chrX	69300000	69400000	0.0	NA
chrX	69400000	69500000	0.0	NA
chrX	69500000	69600000	0.0	NA
chrX	69600000	69700000	0.0	NA
chrX	69700000	69800000	0.0	NA
chrX	69800000	69900000	0.0	NA
chrX	69900000	70000000	0.0	NA
chrX	70000000	70100000	0.0	NA
chrX	70100000	70200000	0.0	NA
chrX	70200000	70300000	0.0	NA
chrX	70300000	70400000	0.0	NA
chrX	70400000	70500000	0.0	NA
chrX	70500000	70600000	0.0	NA
chrX	70600000	70700000	0.0	NA
chrX	70700000	70800000	0.0	NA
chrX	70800000	70900000	0.0	NA
chrX	70900000	71000000	0.0	NA
chrX	71000000	71100000	0.0	NA
chrX	71100000	71200000	0.0	NA
chrX	71200000	71300000	0.0	NA
chrX	71300000	71400000	0.0	NA
chrX	71400000	71500000	0.0	NA
chrX	71500000	71600000	0.0	NA
chrX	71600000	71700000	0.0	NA
chrX	71700000	71800000	0.0	NA
chrX	71800000	71900000	0.0	NA
chrX	71900000	72000000	0.0	NA
chrX	72000000	72100000	0.0	NA
chrX	72100000	72200000	0.0	NA
chrX	72200000	72300000	0.0	NA
chrX	72300000	72400000	0.0	NA
chrX	72400000	72500000	0.0	NA
chrX	72500000	72600000	0.0	NA
chrX	72600000	72700000	0.0	NA
chrX	72700000	72800000	0.0	NA
chrX	72800000	72900000	0.0	NA
chrX	72900000	73000000	0.0	NA
chrX	73000000	73100000	0.0	NA
chrX	73100000	73200000	0.0	NA
chrX	73200000	73300000	0.0	NA
chrX	73300000	73400000	0.0	NA
chrX	73400000	73500000	0.0	NA
chrX	73500000	73600000	0.0	NA
chrX	73600000	73700000	0.0	NA
chrX	73700000	73800000	0.0	NA
chrX	73800000	73900000	0.0	NA
chrX	73900000	74000000	0.0	NA
chrX	74000000	74100000	0.0	NA
chrX	74100000	74200000	0.0	NA
chrX	74200000	74300000	0.0	NA
chrX	74300000	74400000	0.0	NA
chrX	74400000	74500000	0.0	NA
chrX	74500000	74600000	0.0	NA
chrX	74600000	74700000	0.0	NA
chrX	74700000	74800000	0.0	NA
chrX	74800000	74900000	0.0	NA
chrX	74900000	75000000	0.0	NA
chrX	75000000	75100000	0.0	NA
chrX	75100000	75200000	0.0	NA
chrX	75200000	75300000	0.0	NA
chrX	75300000	75400000	0.0	NA
chrX	75400000	75500000	0.0	NA
chrX	75500000	75600000	0.0	NA
chrX	75600000	75700000	0.0	NA
chrX	75700000	75800000	0.0	NA
chrX	75800000	75900000	0.0	NA
chrX	75900000	76000000	0.0	NA
chrX	76000000	76100000	0.0	NA
chrX	76100000	76200000	0.0	NA
chrX	76200000	76300000	0.0	NA
chrX	76300000	76400000	0.0	NA
chrX	76400000	76500000	0.0	NA
chrX	76500000	76600000	0.0	NA
chrX	76600000	76700000	0.0	NA
chrX	76700000	76800000	0.0	NA
chrX	76800000	76900000	0.0	NA
chrX	76900000	77000000	0.0	NA
chrX	77000000	77100000	0.0	NA
chrX	77100000	77200000	0.0	NA
chrX	77200000	77300000	0.0	NA
chrX	77300000	77400000	0.0	NA
chrX	77400000	77500000	0.0	NA
chrX	77500000	77600000	0.0	NA
chrX	77600000	77700000	0.0	NA
chrX	77700000	77800000	0.0	NA
chrX	77800000	77900000	0.0	NA
chrX	77900000	78000000	0.0006720541516536117	37998
chrX	78000000	78100000	0.0005437461437479288	69973
chrX	78100000	78200000	0.0003426273746264079	76470
chrX	78200000	78300000	0.0004915979223234481	56319
chrX	78300000	78400000	0.0004365787602253805	79018
chrX	78400000	78500000	0.0007967927095678953	76906
chrX	78500000	78600000	0.0009801712454350318	80798
chrX	78600000	78700000	0.0007982457855869047	72185
chrX	78700000	78800000	0.0008436068111386145	72233
chrX	78800000	78900000	0.0007478606075849368	85322
chrX	78900000	79000000	0.0013213806553459362	71153
chrX	79000000	79100000	0.001823347708327846	74574
chrX	79100000	79200000	0.0018934337996726878	68742
chrX	79200000	79300000	0.001426693293724156	57453
chrX	79300000	79400000	0.0007918654521641916	71543
chrX	79400000	79500000	0.0007678972457066521	56673
chrX	79500000	79600000	0.0	185
chrX	79600000	79700000	0.0	NA
chrX	79700000	79800000	0.00048041675284881644	70979
chrX	79800000	79900000	0.0004408531581773203	69882
chrX	79900000	80000000	0.00039063035580734094	17079
chrX	80000000	80100000	0.00037616258688723644	22051
chrX	80100000	80200000	0.0007641952700533518	64438
chrX	80200000	80300000	0.0006536759202274187	60867
chrX	80300000	80400000	0.0005858327308384173	49662
chrX	80400000	80500000	0.0	NA
chrX	80500000	80600000	0.000473287389381367	32793
chrX	80600000	80700000	0.0006132917551584033	87081
chrX	80700000	80800000	0.0011641290498001478	78084
chrX	80800000	80900000	0.0007583356747976865	82390
chrX	80900000	81000000	0.0005833120936756639	71089
chrX	81000000	81100000	0.0007161997782577678	65405
chrX	81100000	81200000	0.000705075636409046	81176
chrX	81200000	81300000	0.00041726239811474425	71634
chrX	81300000	81400000	0.0007511651055975654	84901
chrX	81400000	81500000	0.0003794713916070163	80220
chrX	81500000	81600000	0.00022824614592082966	87904
chrX	81600000	81700000	0.0005341340406008116	80926
chrX	81700000	81800000	0.0009706190989751325	75521
chrX	81800000	81900000	0.0011328811337336046	78503
chrX	81900000	82000000	0.0006947396754506302	79390
chrX	82000000	82100000	0.0008605229072282187	70360
chrX	82100000	82200000	0.0006843719456423863	82185
chrX	82200000	82300000	0.00103637987938735	80752
chrX	82300000	82400000	0.0007317730306034019	75059
chrX	82400000	82500000	0.0007691604730823058	81344
chrX	82500000	82600000	0.0003918999938409867	77677
chrX	82600000	82700000	0.0004469584856345234	70306
chrX	82700000	82800000	0.00030792439983534176	86482
chrX	82800000	82900000	0.0003056274198562923	73797
chrX	82900000	83000000	0.0003741102880303603	65746
chrX	83000000	83100000	0.0003470302136637894	71216
chrX	83100000	83200000	0.000303661302441004	61184
chrX	83200000	83300000	0.0003507486737086501	77716
chrX	83300000	83400000	0.00031308375075942454	10199
chrX	83400000	83500000	0.00043297378675541084	50376
chrX	83500000	83600000	0.0007958884856462574	55116
chrX	83600000	83700000	0.0	NA
chrX	83700000	83800000	0.0016391856493566887	35573
chrX	83800000	83900000	0.001140201832599372	72500
chrX	83900000	84000000	0.0007469692778425258	82759
chrX	84000000	84100000	0.000978933919012157	76378
chrX	84100000	84200000	0.000861318877606052	62829
chrX	84200000	84300000	0.0010743077161077409	33244
chrX	84300000	84400000	0.0010936031146610802	26706
chrX	84400000	84500000	0.0006365493853512926	70104
chrX	84500000	84600000	0.0007444690802570037	3887
chrX	84600000	84700000	0.001234701790572931	46655
chrX	84700000	84800000	0.0008451345039817581	83194
chrX	84800000	84900000	0.0019599990413723617	74517
chrX	84900000	85000000	0.0013635799149862365	65222
chrX	85000000	85100000	0.0008987591859994922	68020
chrX	85100000	85200000	0.0008390482758950328	12413
chrX	85200000	85300000	0.0	NA
chrX	85300000	85400000	0.0010899124368277126	70772
chrX	85400000	85500000	0.0005650401415482118	2548
chrX	85500000	85600000	0.0	NA
chrX	85600000	85700000	0.0	NA
chrX	85700000	85800000	0.0	NA
chrX	85800000	85900000	0.0	NA
chrX	85900000	86000000	0.0	NA
chrX	86000000	86100000	0.0009455994224026611	11229
chrX	86100000	86200000	0.0008389602615078343	76098
chrX	86200000	86300000	0.0008948435641823197	73869
chrX	86300000	86400000	0.0011671411042180264	73342
chrX	86400000	86500000	0.0014574383771519277	79538
chrX	86500000	86600000	0.0011997630542040915	80524
chrX	86600000	86700000	0.0013052016535022057	80310
chrX	86700000	86800000	0.000980537284491577	54161
chrX	86800000	86900000	0.0	NA
chrX	86900000	87000000	0.0011143261431168494	57181
chrX	87000000	87100000	0.0014162428558160574	71326
chrX	87100000	87200000	0.0009843109416511882	85549
chrX	87200000	87300000	0.0010874501285551511	77545
chrX	87300000	87400000	0.0010037870963173344	87214
chrX	87400000	87500000	0.001365500931468192	82770
chrX	87500000	87600000	0.0016227821744586196	71770
chrX	87600000	87700000	0.0015807901776607063	84236
chrX	87700000	87800000	0.0016305026997682091	73486
chrX	87800000	87900000	0.0009175310949838795	82864
chrX	87900000	88000000	0.0012276492814805038	83275
chrX	88000000	88100000	0.000678154658848021	63045
chrX	88100000	88200000	0.0009050114064767676	81860
chrX	88200000	88300000	0.0010150294241762033	83872
chrX	88300000	88400000	0.0008471804437842842	82143
chrX	88400000	88500000	0.0010264399776196598	47115
chrX	88500000	88600000	0.0	65
chrX	88600000	88700000	0.0	62
chrX	88700000	88800000	0.0	51
chrX	88800000	88900000	0.0008671868568135456	1265
chrX	88900000	89000000	0.002390943486640198	9301
chrX	89000000	89100000	0.0019363923391500038	599
chrX	89100000	89200000	0.0	33
chrX	89200000	89300000	0.0011223870302773582	34332
chrX	89300000	89400000	0.0011196750040579667	41558
chrX	89400000	89500000	0.0003456815945701228	3412
chrX	89500000	89600000	0.0005905478596858286	1833
chrX	89600000	89700000	0.0005210716803067651	514
chrX	89700000	89800000	0.002641794995350984	372
chrX	89800000	89900000	0.000932513030135584	4368
chrX	89900000	90000000	0.0007523112337718595	1360
chrX	90000000	90100000	0.0006193423133484681	782
chrX	90100000	90200000	0.0007556344798294772	7649
chrX	90200000	90300000	0.0016230007060029016	6996
chrX	90300000	90400000	0.0010074157106359912	77222
chrX	90400000	90500000	0.002629917946560067	228
chrX	90500000	90600000	0.0012443256955190908	66546
chrX	90600000	90700000	0.001033288418514242	62942
chrX	90700000	90800000	0.0009608400803691022	30386
chrX	90800000	90900000	0.0005892580463757189	1345
chrX	90900000	91000000	0.0009804501381921358	17357
chrX	91000000	91100000	0.0011716475025689344	276
chrX	91100000	91200000	0.0	NA
chrX	91200000	91300000	0.0	NA
chrX	91300000	91400000	0.0	NA
chrX	91400000	91500000	0.0	NA
chrX	91500000	91600000	0.0	NA
chrX	91600000	91700000	0.0	NA
chrX	91700000	91800000	0.0	NA
chrX	91800000	91900000	0.0005711142799998962	648
chrX	91900000	92000000	0.0	250
chrX	92000000	92100000	0.002146757799917705	226
chrX	92100000	92200000	0.0009058415182210442	4282
chrX	92200000	92300000	0.00041440387339961677	857
chrX	92300000	92400000	0.0005290749880909822	21631
chrX	92400000	92500000	0.0007784841586187589	82097
chrX	92500000	92600000	0.0011655570644898913	80729
chrX	92600000	92700000	0.0008597246532408373	82484
chrX	92700000	92800000	0.0011887655763584764	84326
chrX	92800000	92900000	0.0007916665390040633	77046
chrX	92900000	93000000	0.0008278626038956305	49011
chrX	93000000	93100000	0.00046442085214278554	90770
chrX	93100000	93200000	0.0008563096865194547	79369
chrX	93200000	93300000	0.0013352498414152393	81587
chrX	93300000	93400000	0.001254752413978343	82176
chrX	93400000	93500000	0.0009441552696801929	84111
chrX	93500000	93600000	0.0013293669740445748	82435
chrX	93600000	93700000	0.0009707169604760162	86640
chrX	93700000	93800000	0.0007408694493677048	79207
chrX	93800000	93900000	0.0006078920033038921	83504
chrX	93900000	94000000	0.0004984063816640899	79081
chrX	94000000	94100000	0.0010433637362203935	68599
chrX	94100000	94200000	0.0007032811215798147	81259
chrX	94200000	94300000	0.0008892090351271374	82929
chrX	94300000	94400000	0.0010413069395637494	79103
chrX	94400000	94500000	0.0010679850775877488	80136
chrX	94500000	94600000	0.0006431460956023222	80477
chrX	94600000	94700000	0.0007272018102751578	83628
chrX	94700000	94800000	0.0005951284058403441	85075
chrX	94800000	94900000	0.0007889175364531771	76229
chrX	94900000	95000000	0.000521913427731009	86842
chrX	95000000	95100000	0.0006248414138999967	78596
chrX	95100000	95200000	0.0010380216893086417	82344
chrX	95200000	95300000	0.001061136249669508	79875
chrX	95300000	95400000	0.0005832185376120762	73828
chrX	95400000	95500000	0.0004605073828263856	76776
chrX	95500000	95600000	0.000944380166273449	66411
chrX	95600000	95700000	0.0005655050371172145	80332
chrX	95700000	95800000	0.0006579456929453332	72601
chrX	95800000	95900000	0.000859401998625059	65373
chrX	95900000	96000000	0.0008236099902575408	29983
chrX	96000000	96100000	0.0	NA
chrX	96100000	96200000	0.0	NA
chrX	96200000	96300000	0.0	NA
chrX	96300000	96400000	0.0	NA
chrX	96400000	96500000	0.0	NA
chrX	96500000	96600000	0.0	NA
chrX	96600000	96700000	0.0	NA
chrX	96700000	96800000	0.0	NA
chrX	96800000	96900000	0.0006636658218638941	39876
chrX	96900000	97000000	0.0009518448662645976	83338
chrX	97000000	97100000	0.0008056409298501986	82586
chrX	97100000	97200000	0.0005474042540565028	80776
chrX	97200000	97300000	0.0008174866958293056	85277
chrX	97300000	97400000	0.0008429429867390913	81899
chrX	97400000	97500000	0.0004817842325626175	80460
chrX	97500000	97600000	0.00044112266205221704	79157
chrX	97600000	97700000	0.0005567396094585058	75053
chrX	97700000	97800000	0.00044441272539040653	83246
chrX	97800000	97900000	0.0006159088283825293	79038
chrX	97900000	98000000	0.0005792005859192466	74310
chrX	98000000	98100000	0.0005350792071969488	85181
chrX	98100000	98200000	0.0004790724304126572	79778
chrX	98200000	98300000	0.0005457622796483693	89955
chrX	98300000	98400000	0.000579350221738133	86195
chrX	98400000	98500000	0.0009414250173919831	78522
chrX	98500000	98600000	0.0005080959199925025	80628
chrX	98600000	98700000	0.0004453029270034598	86591
chrX	98700000	98800000	0.0004513888192965471	15641
chrX	98800000	98900000	0.0	NA
chrX	98900000	99000000	0.0	NA
chrX	99000000	99100000	0.0	NA
chrX	99100000	99200000	0.0008551548759891331	3687
chrX	99200000	99300000	0.0005596162741465914	88148
chrX	99300000	99400000	0.00036031511188204713	74942
chrX	99400000	99500000	0.00035356184390253456	42883
chrX	99500000	99600000	0.0	NA
chrX	99600000	99700000	0.0	NA
chrX	99700000	99800000	0.0	NA
chrX	99800000	99900000	0.0	NA
chrX	99900000	100000000	0.0	NA
chrX	100000000	100100000	0.0	NA
chrX	100100000	100200000	0.0	NA
chrX	100200000	100300000	0.0	NA
chrX	100300000	100400000	0.0	NA
chrX	100400000	100500000	0.0	NA
chrX	100500000	100600000	0.0	NA
chrX	100600000	100700000	0.0	NA
chrX	100700000	100800000	0.0	NA
chrX	100800000	100900000	0.0	NA
chrX	100900000	101000000	0.0	NA
chrX	101000000	101100000	0.0	NA
chrX	101100000	101200000	0.0	NA
chrX	101200000	101300000	0.0	NA
chrX	101300000	101400000	0.0	NA
chrX	101400000	101500000	0.0	NA
chrX	101500000	101600000	0.0	NA
chrX	101600000	101700000	0.0	NA
chrX	101700000	101800000	0.0	NA
chrX	101800000	101900000	0.0	NA
chrX	101900000	102000000	0.0	NA
chrX	102000000	102100000	0.0	NA
chrX	102100000	102200000	0.0	NA
chrX	102200000	102300000	0.0	NA
chrX	102300000	102400000	0.0	NA
chrX	102400000	102500000	0.0	NA
chrX	102500000	102600000	0.0	NA
chrX	102600000	102700000	0.0	NA
chrX	102700000	102800000	0.0	NA
chrX	102800000	102900000	0.0	NA
chrX	102900000	103000000	0.0	NA
chrX	103000000	103100000	0.0	NA
chrX	103100000	103200000	0.0	NA
chrX	103200000	103300000	0.0	NA
chrX	103300000	103400000	0.0	NA
chrX	103400000	103500000	0.0	NA
chrX	103500000	103600000	0.0	NA
chrX	103600000	103700000	0.0	NA
chrX	103700000	103800000	0.0	NA
chrX	103800000	103900000	0.0	NA
chrX	103900000	104000000	0.0	NA
chrX	104000000	104100000	0.0	NA
chrX	104100000	104200000	0.0	NA
chrX	104200000	104300000	0.0	NA
chrX	104300000	104400000	0.0	NA
chrX	104400000	104500000	0.0	NA
chrX	104500000	104600000	0.0	NA
chrX	104600000	104700000	0.0	NA
chrX	104700000	104800000	0.0	NA
chrX	104800000	104900000	0.0	NA
chrX	104900000	105000000	0.0	NA
chrX	105000000	105100000	0.0	NA
chrX	105100000	105200000	0.0	NA
chrX	105200000	105300000	0.0	NA
chrX	105300000	105400000	0.0	NA
chrX	105400000	105500000	0.0	NA
chrX	105500000	105600000	0.0	NA
chrX	105600000	105700000	0.0	NA
chrX	105700000	105800000	0.0	NA
chrX	105800000	105900000	0.0	NA
chrX	105900000	106000000	0.0	NA
chrX	106000000	106100000	0.0	NA
chrX	106100000	106200000	0.0	NA
chrX	106200000	106300000	0.0	NA
chrX	106300000	106400000	0.0	NA
chrX	106400000	106500000	0.0	NA
chrX	106500000	106600000	0.0	NA
chrX	106600000	106700000	0.0	NA
chrX	106700000	106800000	0.0	NA
chrX	106800000	106900000	0.0	NA
chrX	106900000	107000000	0.0	NA
chrX	107000000	107100000	0.0	NA
chrX	107100000	107200000	0.0	NA
chrX	107200000	107300000	0.0	NA
chrX	107300000	107400000	0.0	NA
chrX	107400000	107500000	0.0	NA
chrX	107500000	107600000	0.0	NA
chrX	107600000	107700000	0.0	NA
chrX	107700000	107800000	0.0	NA
chrX	107800000	107900000	0.0	NA
chrX	107900000	108000000	0.0	NA
chrX	108000000	108100000	0.0	NA
chrX	108100000	108200000	0.0	NA
chrX	108200000	108300000	0.0	NA
chrX	108300000	108400000	0.0	NA
chrX	108400000	108500000	0.0	NA
chrX	108500000	108600000	0.0	NA
chrX	108600000	108700000	0.0	NA
chrX	108700000	108800000	0.0	NA
chrX	108800000	108900000	0.0	NA
chrX	108900000	109000000	0.0	NA
chrX	109000000	109100000	0.0	NA
chrX	109100000	109200000	0.0	NA
chrX	109200000	109300000	0.0	NA
chrX	109300000	109400000	0.0	NA
chrX	109400000	109500000	0.0	NA
chrX	109500000	109600000	0.0	NA
chrX	109600000	109700000	0.0	NA
chrX	109700000	109800000	0.0	NA
chrX	109800000	109900000	0.0	NA
chrX	109900000	110000000	0.0	NA
chrX	110000000	110100000	0.0	NA
chrX	110100000	110200000	0.0	NA
chrX	110200000	110300000	0.0	NA
chrX	110300000	110400000	0.0	NA
chrX	110400000	110500000	0.0	NA
chrX	110500000	110600000	0.0	NA
chrX	110600000	110700000	0.0	NA
chrX	110700000	110800000	0.0	NA
chrX	110800000	110900000	0.0	NA
chrX	110900000	111000000	0.0	NA
chrX	111000000	111100000	0.0	NA
chrX	111100000	111200000	0.0	NA
chrX	111200000	111300000	0.0	NA
chrX	111300000	111400000	0.0	NA
chrX	111400000	111500000	0.0	NA
chrX	111500000	111600000	0.0	NA
chrX	111600000	111700000	0.0	NA
chrX	111700000	111800000	0.0008217213371230699	67021
chrX	111800000	111900000	0.0009538555689045677	50947
chrX	111900000	112000000	0.0005908613899147476	57531
chrX	112000000	112100000	0.0005908338697404797	28931
chrX	112100000	112200000	0.0006156748976925711	71251
chrX	112200000	112300000	0.0006796181745752948	68433
chrX	112300000	112400000	0.0	NA
chrX	112400000	112500000	0.0	NA
chrX	112500000	112600000	0.0	NA
chrX	112600000	112700000	0.0	NA
chrX	112700000	112800000	0.0007322415541046404	29177
chrX	112800000	112900000	0.0007246766080274605	48656
chrX	112900000	113000000	0.0	NA
chrX	113000000	113100000	0.0	NA
chrX	113100000	113200000	0.0006502443695714688	16190
chrX	113200000	113300000	0.0008776801270392711	73176
chrX	113300000	113400000	0.0007319701466360374	76626
chrX	113400000	113500000	0.0009123640716959215	84368
chrX	113500000	113600000	0.0008034657325630622	40927
chrX	113600000	113700000	0.0008014245239190893	83221
chrX	113700000	113800000	0.0004966703098438321	71662
chrX	113800000	113900000	0.00044081997415375995	16058
chrX	113900000	114000000	0.0	NA
chrX	114000000	114100000	0.0	NA
chrX	114100000	114200000	0.0010273781079443575	41507
chrX	114200000	114300000	0.0008186971137357074	72922
chrX	114300000	114400000	0.000527762390847288	31462
chrX	114400000	114500000	0.0005177568025972442	23784
chrX	114500000	114600000	0.000576501981609791	67241
chrX	114600000	114700000	0.0006919686956570113	82924
chrX	114700000	114800000	0.0007636575273544494	38538
chrX	114800000	114900000	0.001011808047435259	8330
chrX	114900000	115000000	0.00047765103466983845	26510
chrX	115000000	115100000	0.0006536455909122946	12512
chrX	115100000	115200000	0.0005535110425874998	65562
chrX	115200000	115300000	0.0009465512965854621	69242
chrX	115300000	115400000	0.001303051213744335	71602
chrX	115400000	115500000	0.0011834561239875798	80908
chrX	115500000	115600000	0.0009022830634935402	64329
chrX	115600000	115700000	0.0011142183168332518	61160
chrX	115700000	115800000	0.0009071092818654328	52435
chrX	115800000	115900000	0.0006079462788029211	74698
chrX	115900000	116000000	0.0008703622428024847	73119
chrX	116000000	116100000	0.0007551202008583424	76196
chrX	116100000	116200000	0.0009184749911393473	81446
chrX	116200000	116300000	0.0011222151496543663	78640
chrX	116300000	116400000	0.0009263462019717934	71475
chrX	116400000	116500000	0.00149995228780295	70502
chrX	116500000	116600000	0.0017712941817902529	70238
chrX	116600000	116700000	0.0009745551779623282	74390
chrX	116700000	116800000	0.0008883887602161717	74679
chrX	116800000	116900000	0.0011684702656991615	73773
chrX	116900000	117000000	0.0009527461927521877	74148
chrX	117000000	117100000	0.0007851409701967509	22332
chrX	117100000	117200000	0.0	NA
chrX	117200000	117300000	0.0009695980346486979	40347
chrX	117300000	117400000	0.0009676481181737032	77294
chrX	117400000	117500000	0.0009129053730572612	49773
chrX	117500000	117600000	0.0007638957977181604	10631
chrX	117600000	117700000	0.0006001613281208497	14298
chrX	117700000	117800000	0.0	NA
chrX	117800000	117900000	0.00041037042220113805	26803
chrX	117900000	118000000	0.000742689180940083	29815
chrX	118000000	118100000	0.0006767205617901697	53000
chrX	118100000	118200000	0.0006007973469040444	39921
chrX	118200000	118300000	0.0007992620927865814	21133
chrX	118300000	118400000	0.0007374075577139	72783
chrX	118400000	118500000	0.0005056927349817202	44581
chrX	118500000	118600000	0.0007783309274384429	26471
chrX	118600000	118700000	0.0007390135664899556	40897
chrX	118700000	118800000	0.00046593123974596364	13229
chrX	118800000	118900000	0.0010249134969653956	36878
chrX	118900000	119000000	0.0008766303967647985	35385
chrX	119000000	119100000	0.0009060456416527866	25144
chrX	119100000	119200000	0.000773753682175987	48826
chrX	119200000	119300000	0.0005080204357816139	1874
chrX	119300000	119400000	0.0005214956995122784	36215
chrX	119400000	119500000	0.0005708452816363925	38344
chrX	119500000	119600000	0.000888028040232127	28773
chrX	119600000	119700000	0.0005424454816951436	36035
chrX	119700000	119800000	0.00047697028273756416	44851
chrX	119800000	119900000	0.0009500224380820896	78262
chrX	119900000	120000000	0.0004934012458273839	65493
chrX	120000000	120100000	0.00011405680910605098	4678
chrX	120100000	120200000	0.00024799666335588113	61988
chrX	120200000	120300000	0.0005566182742399358	78949
chrX	120300000	120400000	0.000914233146599518	78196
chrX	120400000	120500000	0.0010078622639773734	77432
chrX	120500000	120600000	0.0012441647051947085	77204
chrX	120600000	120700000	0.000657431809610068	79432
chrX	120700000	120800000	0.0007665084740287344	88678
chrX	120800000	120900000	0.0006753742704327242	80903
chrX	120900000	121000000	0.000603060486685961	79332
chrX	121000000	121100000	0.0007590866299256909	83464
chrX	121100000	121200000	0.0006930136432334588	79903
chrX	121200000	121300000	0.0007405064279855802	75811
chrX	121300000	121400000	0.0008049122447211592	74375
chrX	121400000	121500000	0.0010595315070494012	77267
chrX	121500000	121600000	0.0009846251146098653	81218
chrX	121600000	121700000	0.0011475751678051795	71563
chrX	121700000	121800000	0.0008322557234947704	84243
chrX	121800000	121900000	0.0009064331390751006	77265
chrX	121900000	122000000	0.001180197343219512	85213
chrX	122000000	122100000	0.0007533492896347265	82171
chrX	122100000	122200000	0.000608795988981938	76885
chrX	122200000	122300000	0.0008456064182585289	82119
chrX	122300000	122400000	0.0006961738338975046	17186
chrX	122400000	122500000	0.0	NA
chrX	122500000	122600000	0.0	NA
chrX	122600000	122700000	0.000803097609881118	57093
chrX	122700000	122800000	0.0004266879699287137	21285
chrX	122800000	122900000	0.0004139083369483023	16884
chrX	122900000	123000000	0.0006788737016842076	37929
chrX	123000000	123100000	0.0005338238502383411	21411
chrX	123100000	123200000	0.0	NA
chrX	123200000	123300000	0.000852123509975357	38450
chrX	123300000	123400000	0.0009923864019542423	74654
chrX	123400000	123500000	0.000559766012511172	65027
chrX	123500000	123600000	0.0007857830599432751	2455
chrX	123600000	123700000	0.0	NA
chrX	123700000	123800000	0.0	NA
chrX	123800000	123900000	0.0	NA
chrX	123900000	124000000	0.0	NA
chrX	124000000	124100000	0.0012268072671475254	1941
chrX	124100000	124200000	0.000801355971756008	80385
chrX	124200000	124300000	0.0007776375301457577	87713
chrX	124300000	124400000	0.000622033505882255	86602
chrX	124400000	124500000	0.0011227287433858766	75313
chrX	124500000	124600000	0.0010543761189717594	77644
chrX	124600000	124700000	0.0010161204929051378	78830
chrX	124700000	124800000	0.0007513219020364646	79090
chrX	124800000	124900000	0.0005708474650067489	84335
chrX	124900000	125000000	0.0007608981982566064	77285
chrX	125000000	125100000	0.0009924943365022824	77400
chrX	125100000	125200000	0.0009728949768328136	82061
chrX	125200000	125300000	0.001012168146708224	68702
chrX	125300000	125400000	0.0007503055103287071	72324
chrX	125400000	125500000	0.0008317168881222971	76372
chrX	125500000	125600000	0.000821701258343348	73295
chrX	125600000	125700000	0.001192133390434948	78103
chrX	125700000	125800000	0.0006045124359819132	84456
chrX	125800000	125900000	0.0006842391431253521	84984
chrX	125900000	126000000	0.0007409753202610326	76090
chrX	126000000	126100000	0.0009079721078762	69628
chrX	126100000	126200000	0.0005696815143358344	82209
chrX	126200000	126300000	0.00041294767624918766	75685
chrX	126300000	126400000	0.0004398274029065911	66387
chrX	126400000	126500000	0.0007748067828859409	78716
chrX	126500000	126600000	0.00048127436681546615	80933
chrX	126600000	126700000	0.0007140715174819302	77666
chrX	126700000	126800000	0.0006491888743772933	77423
chrX	126800000	126900000	0.0005922586870349644	88719
chrX	126900000	127000000	0.0008826803074006975	71594
chrX	127000000	127100000	0.0006806424116394903	86740
chrX	127100000	127200000	0.000772481527205623	82489
chrX	127200000	127300000	0.0006637111840498831	81487
chrX	127300000	127400000	0.00048726628749192245	78164
chrX	127400000	127500000	0.00044749546732759807	86911
chrX	127500000	127600000	0.0003236017279193012	76013
chrX	127600000	127700000	0.0003684099594824824	83845
chrX	127700000	127800000	0.0004957259701070772	82895
chrX	127800000	127900000	0.000719396298913581	72823
chrX	127900000	128000000	0.0006825029828253095	71949
chrX	128000000	128100000	0.0006669281257443972	82544
chrX	128100000	128200000	0.000643063203584815	76311
chrX	128200000	128300000	0.0004030179889938331	28145
chrX	128300000	128400000	0.0	NA
chrX	128400000	128500000	0.0	NA
chrX	128500000	128600000	0.0	NA
chrX	128600000	128700000	0.0	NA
chrX	128700000	128800000	0.0	NA
chrX	128800000	128900000	0.0	NA
chrX	128900000	129000000	0.0	NA
chrX	129000000	129100000	0.0	NA
chrX	129100000	129200000	0.0	NA
chrX	129200000	129300000	0.0	NA
chrX	129300000	129400000	0.0	NA
chrX	129400000	129500000	0.0	NA
chrX	129500000	129600000	0.0	NA
chrX	129600000	129700000	0.0	NA
chrX	129700000	129800000	0.0	NA
chrX	129800000	129900000	0.0	NA
chrX	129900000	130000000	0.0	NA
chrX	130000000	130100000	0.0	NA
chrX	130100000	130200000	0.0	NA
chrX	130200000	130300000	0.0	NA
chrX	130300000	130400000	0.0	NA
chrX	130400000	130500000	0.0	NA
chrX	130500000	130600000	0.0	NA
chrX	130600000	130700000	0.0	NA
chrX	130700000	130800000	0.0	NA
chrX	130800000	130900000	0.0	NA
chrX	130900000	131000000	0.0	NA
chrX	131000000	131100000	0.0	NA
chrX	131100000	131200000	0.0	NA
chrX	131200000	131300000	0.0	NA
chrX	131300000	131400000	0.0	NA
chrX	131400000	131500000	0.0	NA
chrX	131500000	131600000	0.0	NA
chrX	131600000	131700000	0.0	NA
chrX	131700000	131800000	0.0	NA
chrX	131800000	131900000	0.0	NA
chrX	131900000	132000000	0.0	NA
chrX	132000000	132100000	0.0	NA
chrX	132100000	132200000	0.0	NA
chrX	132200000	132300000	0.0	NA
chrX	132300000	132400000	0.0	NA
chrX	132400000	132500000	0.0	NA
chrX	132500000	132600000	0.0	NA
chrX	132600000	132700000	0.0	NA
chrX	132700000	132800000	0.0	NA
chrX	132800000	132900000	0.0	NA
chrX	132900000	133000000	0.0	NA
chrX	133000000	133100000	0.0	NA
chrX	133100000	133200000	0.0	NA
chrX	133200000	133300000	0.0	NA
chrX	133300000	133400000	0.0	NA
chrX	133400000	133500000	0.0	NA
chrX	133500000	133600000	0.0	NA
chrX	133600000	133700000	0.0	NA
chrX	133700000	133800000	0.0	NA
chrX	133800000	133900000	0.0	NA
chrX	133900000	134000000	0.0	NA
chrX	134000000	134100000	0.0	NA
chrX	134100000	134200000	0.0	NA
chrX	134200000	134300000	0.0	NA
chrX	134300000	134400000	0.0	NA
chrX	134400000	134500000	0.0	NA
chrX	134500000	134600000	0.0	NA
chrX	134600000	134700000	0.0	NA
chrX	134700000	134800000	0.0	NA
chrX	134800000	134900000	0.0	NA
chrX	134900000	135000000	0.0	NA
chrX	135000000	135100000	0.0	NA
chrX	135100000	135200000	0.0	NA
chrX	135200000	135300000	0.0	NA
chrX	135300000	135400000	0.0	NA
chrX	135400000	135500000	0.0	NA
chrX	135500000	135600000	0.0	NA
chrX	135600000	135700000	0.0	NA
chrX	135700000	135800000	0.0	NA
chrX	135800000	135900000	0.0	NA
chrX	135900000	136000000	0.0	NA
chrX	136000000	136100000	0.0	NA
chrX	136100000	136200000	0.0	NA
chrX	136200000	136300000	0.0	NA
chrX	136300000	136400000	0.0	NA
chrX	136400000	136500000	0.0	NA
chrX	136500000	136600000	0.0	NA
chrX	136600000	136700000	0.0	NA
chrX	136700000	136800000	0.00023797253973278167	2815
chrX	136800000	136900000	0.00044818140441663925	70269
chrX	136900000	137000000	0.00048679389420253424	83240
chrX	137000000	137100000	0.0007776067952663401	76557
chrX	137100000	137200000	0.0003578403398596088	69559
chrX	137200000	137300000	0.0005439432978825601	79877
chrX	137300000	137400000	0.0008050056641313374	70831
chrX	137400000	137500000	0.0008206042803443566	81591
chrX	137500000	137600000	0.000982431137047993	80843
chrX	137600000	137700000	0.0003739442314650514	84750
chrX	137700000	137800000	0.00030318530735967404	11618
chrX	137800000	137900000	0.0	NA
chrX	137900000	138000000	0.0	NA
chrX	138000000	138100000	0.0	NA
chrX	138100000	138200000	0.0	NA
chrX	138200000	138300000	0.001116984863202095	10876
chrX	138300000	138400000	0.0007580929011813655	82163
chrX	138400000	138500000	0.0010147768381434676	78737
chrX	138500000	138600000	0.0007299835538509342	73499
chrX	138600000	138700000	0.0006813989581714372	20843
chrX	138700000	138800000	0.00048020535953712293	8013
chrX	138800000	138900000	0.0003966740316742344	7085
chrX	138900000	139000000	0.00040041543455517976	63780
chrX	139000000	139100000	0.0008901375792394825	42201
chrX	139100000	139200000	0.0006134279493385258	70268
chrX	139200000	139300000	0.0005520269139850667	78120
chrX	139300000	139400000	0.00054671963106024	63957
chrX	139400000	139500000	0.0004515563186969057	76316
chrX	139500000	139600000	0.0006613726526822423	81907
chrX	139600000	139700000	0.000985207864980223	85526
chrX	139700000	139800000	0.0006259969055799023	65512
chrX	139800000	139900000	0.0013143097602875018	34757
chrX	139900000	140000000	0.0009809999183363466	83458
chrX	140000000	140100000	0.0008023740439824748	63624
chrX	140100000	140200000	0.0	NA
chrX	140200000	140300000	0.0008357685427273072	65869
chrX	140300000	140400000	0.00114531350512206	53147
chrX	140400000	140500000	0.0008472173738444006	74746
chrX	140500000	140600000	0.0011714165932554346	45584
chrX	140600000	140700000	0.0	NA
chrX	140700000	140800000	0.0007795251967805553	29666
chrX	140800000	140900000	0.0009231618440192017	73662
chrX	140900000	141000000	0.0009773888143396723	28070
chrX	141000000	141100000	0.0011360632977160893	81059
chrX	141100000	141200000	0.001232482058564469	81718
chrX	141200000	141300000	0.0010874735295120779	70325
chrX	141300000	141400000	0.0012645973728447886	79200
chrX	141400000	141500000	0.0010444092482668887	70039
chrX	141500000	141600000	0.0011852876130133145	72042
chrX	141600000	141700000	0.001508850399826206	84230
chrX	141700000	141800000	0.0011844716105044628	81333
chrX	141800000	141900000	0.0009771624359241205	72238
chrX	141900000	142000000	0.0008678468519811464	74115
chrX	142000000	142100000	0.0008697997745639943	79354
chrX	142100000	142200000	0.0008853155690786954	82860
chrX	142200000	142300000	0.0010894135119616476	85677
chrX	142300000	142400000	0.0007765452361254994	83784
chrX	142400000	142500000	0.0009305111436981986	82097
chrX	142500000	142600000	0.0011307807976041189	79563
chrX	142600000	142700000	0.001015951231570274	74762
chrX	142700000	142800000	0.0008416908216046798	70084
chrX	142800000	142900000	0.0010764191784384076	72483
chrX	142900000	143000000	0.0007037271464469857	83030
chrX	143000000	143100000	0.0007058552050403763	79689
chrX	143100000	143200000	0.0007102517397973492	50308
chrX	143200000	143300000	0.0006338443181181731	3317
chrX	143300000	143400000	0.001211341228542263	83346
chrX	143400000	143500000	0.000842883954963754	80611
chrX	143500000	143600000	0.000998829544321657	40018
chrX	143600000	143700000	0.001276187875890995	85863
chrX	143700000	143800000	0.0011386368521635044	81404
chrX	143800000	143900000	0.001112191740182879	84151
chrX	143900000	144000000	0.0009204042105634664	84696
chrX	144000000	144100000	0.00111767496052567	86463
chrX	144100000	144200000	0.0008003141674746313	83878
chrX	144200000	144300000	0.0013564338317582831	85733
chrX	144300000	144400000	0.0010333237180677193	76908
chrX	144400000	144500000	0.0004028798175300092	76452
chrX	144500000	144600000	0.000870878627483344	79929
chrX	144600000	144700000	0.0008575302648642752	87538
chrX	144700000	144800000	0.0006320506606040579	87024
chrX	144800000	144900000	0.0008203475376870756	82454
chrX	144900000	145000000	0.0007833091672302079	75125
chrX	145000000	145100000	0.0008958820358761222	80131
chrX	145100000	145200000	0.0010296216757554606	78751
chrX	145200000	145300000	0.0007835852944173752	83307
chrX	145300000	145400000	0.0011735078871165558	76426
chrX	145400000	145500000	0.0009852695355839448	81886
chrX	145500000	145600000	0.0010766602603884934	83363
chrX	145600000	145700000	0.0011390405103560762	88228
chrX	145700000	145800000	0.0007302968381013662	80064
chrX	145800000	145900000	0.001353102073517165	62280
chrX	145900000	146000000	0.0013372767286532708	72931
chrX	146000000	146100000	0.0010241039093318086	83332
chrX	146100000	146200000	0.0008857690482558826	84928
chrX	146200000	146300000	0.0006795148820472842	65998
chrX	146300000	146400000	0.0008234882449664107	70707
chrX	146400000	146500000	0.0009636551970891512	79162
chrX	146500000	146600000	0.0007856337516133476	82920
chrX	146600000	146700000	0.0009768169611981288	88267
chrX	146700000	146800000	0.0011005840085362359	83557
chrX	146800000	146900000	0.0005856499739159709	90871
chrX	146900000	147000000	0.0006670726261658243	68753
chrX	147000000	147100000	0.0005368476326716624	20925
chrX	147100000	147200000	0.0009230366095128957	77770
chrX	147200000	147300000	0.0006967161228361774	69302
chrX	147300000	147400000	0.0005639239091461666	76285
chrX	147400000	147500000	0.0007146527554306431	72248
chrX	147500000	147600000	0.0006187358379760759	71667
chrX	147600000	147700000	0.0	NA
chrX	147700000	147800000	0.0	NA
chrX	147800000	147900000	0.0	NA
chrX	147900000	148000000	0.0	NA
chrX	148000000	148100000	0.0006895685826765724	16561
chrX	148100000	148200000	0.0006119589490858649	86056
chrX	148200000	148300000	0.0005925984717053786	74065
chrX	148300000	148400000	0.000781972695283095	84756
chrX	148400000	148500000	0.0007533516296980941	79877
chrX	148500000	148600000	0.0009441401049571108	55149
chrX	148600000	148700000	0.0007062687475058612	12987
chrX	148700000	148800000	0.000609655628977554	24016
chrX	148800000	148900000	0.0006113269732248074	32428
chrX	148900000	149000000	0.00032516140169710415	2418
chrX	149000000	149100000	0.000158723008243209	7879
chrX	149100000	149200000	0.00020893755173051557	11561
chrX	149200000	149300000	0.0003768864853624748	80591
chrX	149300000	149400000	0.0006377060069759217	80536
chrX	149400000	149500000	0.0006573873309484934	89618
chrX	149500000	149600000	0.0005775270972994207	27724
chrX	149600000	149700000	0.0012559650228792288	13685
chrX	149700000	149800000	0.0005161713287036733	31273
chrX	149800000	149900000	0.0007322237355729151	17578
chrX	149900000	150000000	0.0004928622464602867	1010
chrX	150000000	150100000	0.0006789012087483229	25319
chrX	150100000	150200000	0.001027179867899253	60222
chrX	150200000	150300000	0.0010539225985629107	75496
chrX	150300000	150400000	0.00091827857940403	69505
chrX	150400000	150500000	0.0009676147636197999	78099
chrX	150500000	150600000	0.000663773367057486	71549
chrX	150600000	150700000	0.0008804831909946461	78061
chrX	150700000	150800000	0.0005578049311446234	16602
chrX	150800000	150900000	0.0011421821672636617	38240
chrX	150900000	151000000	0.0008639981378294596	81420
chrX	151000000	151100000	0.000854447932552657	77446
chrX	151100000	151200000	0.0008081116492470929	62385
chrX	151200000	151300000	0.0010176079069208399	64938
chrX	151300000	151400000	0.0005386055844797307	26120
chrX	151400000	151500000	0.0	NA
chrX	151500000	151600000	0.0	NA
chrX	151600000	151700000	0.0	NA
chrX	151700000	151800000	0.0	NA
chrX	151800000	151900000	0.0	NA
chrX	151900000	152000000	0.0	NA
chrX	152000000	152100000	0.0	NA
chrX	152100000	152200000	0.0	NA
chrX	152200000	152300000	0.0	NA
chrX	152300000	152400000	0.0	NA
chrX	152400000	152500000	0.0	NA
chrX	152500000	152600000	0.0	NA
chrX	152600000	152700000	0.0	NA
chrX	152700000	152800000	0.0	NA
chrX	152800000	152900000	0.0	NA
chrX	152900000	153000000	0.0	NA
chrX	153000000	153100000	0.0	NA
chrX	153100000	153200000	0.0	NA
chrX	153200000	153300000	0.0	NA
chrX	153300000	153400000	0.0	NA
chrX	153400000	153500000	0.0	NA
chrX	153500000	153600000	0.0	NA
chrX	153600000	153700000	0.0	NA
chrX	153700000	153800000	0.0	NA
chrX	153800000	153900000	0.0	NA
chrX	153900000	154000000	0.0	NA
chrX	154000000	154100000	0.0	NA
chrX	154100000	154200000	0.0	NA
chrX	154200000	154300000	0.0	NA
chrX	154300000	154400000	0.0	NA
chrX	154400000	154500000	0.0	NA
chrX	154500000	154600000	0.0	NA
chrX	154600000	154700000	0.0	NA
chrX	154700000	154800000	0.0	NA
chrX	154800000	154900000	0.0	NA
chrX	154900000	155000000	0.0	NA
chrX	155000000	155100000	0.0	NA
chrX	155100000	155200000	0.000589696982558663	19719
chrX	155200000	155270560	0.0009304046854344679	12695
