chrX	0	100000	0.0037815962505403492	1456
chrX	100000	200000	0.0023485308129994843	4965
chrX	200000	300000	0.003964342293861745	2964
chrX	300000	400000	0.001988020162509816	15533
chrX	400000	500000	0.002255524011540939	29352
chrX	500000	600000	0.0024376394641864273	30548
chrX	600000	700000	0.0020867420787043347	32131
chrX	700000	800000	0.0023208216011124027	42139
chrX	800000	900000	0.0017056297824189386	28095
chrX	900000	1000000	0.0018027597272332813	33413
chrX	1000000	1100000	0.001639099762288167	10800
chrX	1100000	1200000	0.0	NA
chrX	1200000	1300000	0.0020266886362516833	14837
chrX	1300000	1400000	0.0014960934806477447	11710
chrX	1400000	1500000	0.0022224852382267462	3621
chrX	1500000	1600000	0.001239334572667906	5994
chrX	1600000	1700000	0.0019483266971308426	13016
chrX	1700000	1800000	0.0021869822123673417	15723
chrX	1800000	1900000	0.0016768832158225863	33177
chrX	1900000	2000000	0.0015458593965975572	42559
chrX	2000000	2100000	0.0018992077266405058	27331
chrX	2100000	2200000	0.002363924915100689	5654
chrX	2200000	2300000	0.0	NA
chrX	2300000	2400000	0.0	NA
chrX	2400000	2500000	0.00135338004143713	45281
chrX	2500000	2600000	0.0013015679391910119	31936
chrX	2600000	2700000	0.0012448102630726145	9973
chrX	2700000	2800000	0.0012224424678378492	6527
chrX	2800000	2900000	0.0013173560094168328	22760
chrX	2900000	3000000	0.0008051239251684277	18211
chrX	3000000	3100000	0.0016186684926310683	41962
chrX	3100000	3200000	0.0013309479624671985	67756
chrX	3200000	3300000	0.0017862716366694796	40676
chrX	3300000	3400000	0.001020475605183254	66600
chrX	3400000	3500000	0.0008777078223564726	62692
chrX	3500000	3600000	0.0007199790783745336	14266
chrX	3600000	3700000	0.0013327355892965224	32614
chrX	3700000	3800000	0.0012038606701071611	21192
chrX	3800000	3900000	0.000791659589454463	25561
chrX	3900000	4000000	0.0012960291194910206	78839
chrX	4000000	4100000	0.0008185899844469829	79245
chrX	4100000	4200000	0.001349202107200137	79718
chrX	4200000	4300000	0.0011561520532006122	84113
chrX	4300000	4400000	0.0007724723165009073	79369
chrX	4400000	4500000	0.0005802072292108706	77637
chrX	4500000	4600000	0.000982476248796925	75731
chrX	4600000	4700000	0.0009159840345201785	73578
chrX	4700000	4800000	0.0008346503752144111	76081
chrX	4800000	4900000	0.000747690200673014	77400
chrX	4900000	5000000	0.0011281599420638955	79951
chrX	5000000	5100000	0.00131023093704786	74083
chrX	5100000	5200000	0.0006994516930808157	78953
chrX	5200000	5300000	0.0007790444939827724	81913
chrX	5300000	5400000	0.0011767197821157477	80640
chrX	5400000	5500000	0.0011967065229199604	79923
chrX	5500000	5600000	0.0011440879911339837	82766
chrX	5600000	5700000	0.001260966868300278	76600
chrX	5700000	5800000	0.0009286532235963076	79391
chrX	5800000	5900000	0.0007000275729958786	6848
chrX	5900000	6000000	0.0	NA
chrX	6000000	6100000	0.0	NA
chrX	6100000	6200000	0.0007027456474215126	40080
chrX	6200000	6300000	0.0006858758672088222	79340
chrX	6300000	6400000	0.0009072166429498912	81858
chrX	6400000	6500000	0.0008448301766204537	76866
chrX	6500000	6600000	0.0006922886832986717	79199
chrX	6600000	6700000	0.0007290063447737054	80898
chrX	6700000	6800000	0.0007897992127560462	84914
chrX	6800000	6900000	0.0008242461622598472	73474
chrX	6900000	7000000	0.00051585164489553	30759
chrX	7000000	7100000	0.0	NA
chrX	7100000	7200000	0.0	NA
chrX	7200000	7300000	0.0002784556599834142	22227
chrX	7300000	7400000	0.0005814135948612925	85565
chrX	7400000	7500000	0.0005183622256391733	79549
chrX	7500000	7600000	0.0007792349387723023	81085
chrX	7600000	7700000	0.0011610453708779873	39189
chrX	7700000	7800000	0.0004355716044844493	88353
chrX	7800000	7900000	0.000888451009820973	55024
chrX	7900000	8000000	0.0005791293397879742	79564
chrX	8000000	8100000	0.0005922084224476391	84815
chrX	8100000	8200000	0.0005798729154384627	69704
chrX	8200000	8300000	0.0009551116621892825	83886
chrX	8300000	8400000	0.0009240985349005982	84731
chrX	8400000	8500000	0.0008855098185274305	60611
chrX	8500000	8600000	0.0	NA
chrX	8600000	8700000	0.0	NA
chrX	8700000	8800000	0.0006628173265889339	64184
chrX	8800000	8900000	0.0007700187337389605	92359
chrX	8900000	9000000	0.0007774818819309774	64487
chrX	9000000	9100000	0.0007428726463924391	81408
chrX	9100000	9200000	0.000522468652714387	86934
chrX	9200000	9300000	0.0008072827933248303	81300
chrX	9300000	9400000	0.0007640724620876817	65299
chrX	9400000	9500000	0.000738296141290948	22404
chrX	9500000	9600000	0.0	NA
chrX	9600000	9700000	0.0011381411366415987	5219
chrX	9700000	9800000	0.0006789240664706714	11848
chrX	9800000	9900000	0.0	NA
chrX	9900000	10000000	0.0010516888779536974	44001
chrX	10000000	10100000	0.0	NA
chrX	10100000	10200000	0.0010640853479217526	8765
chrX	10200000	10300000	0.0009565821194173594	29283
chrX	10300000	10400000	0.0	NA
chrX	10400000	10500000	0.0	NA
chrX	10500000	10600000	0.0	NA
chrX	10600000	10700000	0.0	NA
chrX	10700000	10800000	0.0	NA
chrX	10800000	10900000	0.0	NA
chrX	10900000	11000000	0.0	NA
chrX	11000000	11100000	0.0	NA
chrX	11100000	11200000	0.0	NA
chrX	11200000	11300000	0.0	NA
chrX	11300000	11400000	0.0	NA
chrX	11400000	11500000	0.0	NA
chrX	11500000	11600000	0.0	NA
chrX	11600000	11700000	0.0	NA
chrX	11700000	11800000	0.0	NA
chrX	11800000	11900000	0.0	NA
chrX	11900000	12000000	0.0	NA
chrX	12000000	12100000	0.0	NA
chrX	12100000	12200000	0.0	NA
chrX	12200000	12300000	0.0	NA
chrX	12300000	12400000	0.0	NA
chrX	12400000	12500000	0.0	NA
chrX	12500000	12600000	0.0	NA
chrX	12600000	12700000	0.0	NA
chrX	12700000	12800000	0.0009452328000479008	43811
chrX	12800000	12900000	0.0012580669897172929	25947
chrX	12900000	13000000	0.0009534296904666819	35930
chrX	13000000	13100000	0.0007622308333390699	74039
chrX	13100000	13200000	0.0003990958705935751	80230
chrX	13200000	13300000	0.0005660289878773063	83862
chrX	13300000	13400000	0.0003619876340153367	73450
chrX	13400000	13500000	0.0009428230162418117	78761
chrX	13500000	13600000	0.0007829636740524853	74737
chrX	13600000	13700000	0.001023049848562771	22874
chrX	13700000	13800000	0.0006073978727818281	9371
chrX	13800000	13900000	0.0	NA
chrX	13900000	14000000	0.0004619112204265275	29364
chrX	14000000	14100000	0.0006413011518999453	65754
chrX	14100000	14200000	0.0007838429450813744	79481
chrX	14200000	14300000	0.000512507756985633	74794
chrX	14300000	14400000	0.0006764276924561999	79874
chrX	14400000	14500000	0.00040933557611222746	80841
chrX	14500000	14600000	0.0003156457590200022	42635
chrX	14600000	14700000	0.0	NA
chrX	14700000	14800000	0.00042939627603409697	38657
chrX	14800000	14900000	0.0004947336449455418	48752
chrX	14900000	15000000	0.0006961044840225468	42771
chrX	15000000	15100000	0.000566163189761621	80872
chrX	15100000	15200000	0.000510692331041706	82204
chrX	15200000	15300000	0.0007668178973752403	58956
chrX	15300000	15400000	0.0006060629229920346	11373
chrX	15400000	15500000	0.0	NA
chrX	15500000	15600000	0.0003962033039166899	10123
chrX	15600000	15700000	0.0006511283287529314	13653
chrX	15700000	15800000	0.00037293500056801527	23510
chrX	15800000	15900000	0.00039257159872335267	26088
chrX	15900000	16000000	0.0005685153163209315	81552
chrX	16000000	16100000	0.00040057589194411646	82768
chrX	16100000	16200000	0.0006591478433617055	53837
chrX	16200000	16300000	0.0007542521499039032	72067
chrX	16300000	16400000	0.0008398035630086761	72354
chrX	16400000	16500000	0.000522808922413718	84033
chrX	16500000	16600000	0.0008071429969050783	70365
chrX	16600000	16700000	0.0004970546393864586	3618
chrX	16700000	16800000	0.0005795181966926658	12512
chrX	16800000	16900000	0.00042180603499631514	11521
chrX	16900000	17000000	0.0006407746604835124	32283
chrX	17000000	17100000	0.0	NA
chrX	17100000	17200000	0.0	NA
chrX	17200000	17300000	0.0	NA
chrX	17300000	17400000	0.0	NA
chrX	17400000	17500000	0.0	NA
chrX	17500000	17600000	0.0	NA
chrX	17600000	17700000	0.0	NA
chrX	17700000	17800000	0.0	NA
chrX	17800000	17900000	0.0	NA
chrX	17900000	18000000	0.0	NA
chrX	18000000	18100000	0.0	NA
chrX	18100000	18200000	0.0	NA
chrX	18200000	18300000	0.0	NA
chrX	18300000	18400000	0.0	NA
chrX	18400000	18500000	0.0	NA
chrX	18500000	18600000	0.0	NA
chrX	18600000	18700000	0.0	NA
chrX	18700000	18800000	0.0	NA
chrX	18800000	18900000	0.0005432719298561827	32737
chrX	18900000	19000000	0.0006186191720404751	7954
chrX	19000000	19100000	0.0001486900586913263	4116
chrX	19100000	19200000	0.0008631915185337517	39110
chrX	19200000	19300000	0.0009044308275785616	73116
chrX	19300000	19400000	0.0010164963601148732	2790
chrX	19400000	19500000	0.0	NA
chrX	19500000	19600000	0.0	NA
chrX	19600000	19700000	0.0	NA
chrX	19700000	19800000	0.0	NA
chrX	19800000	19900000	0.0	NA
chrX	19900000	20000000	0.0	NA
chrX	20000000	20100000	0.0	NA
chrX	20100000	20200000	0.0	NA
chrX	20200000	20300000	0.0	NA
chrX	20300000	20400000	0.0	NA
chrX	20400000	20500000	0.0	NA
chrX	20500000	20600000	0.0	NA
chrX	20600000	20700000	0.0	NA
chrX	20700000	20800000	0.0	NA
chrX	20800000	20900000	0.0	NA
chrX	20900000	21000000	0.0	NA
chrX	21000000	21100000	0.0	NA
chrX	21100000	21200000	0.0	NA
chrX	21200000	21300000	0.0	NA
chrX	21300000	21400000	0.0	NA
chrX	21400000	21500000	0.0	NA
chrX	21500000	21600000	0.0	NA
chrX	21600000	21700000	0.0	NA
chrX	21700000	21800000	0.0	NA
chrX	21800000	21900000	0.0	NA
chrX	21900000	22000000	0.0	NA
chrX	22000000	22100000	0.0	NA
chrX	22100000	22200000	0.0	NA
chrX	22200000	22300000	0.0	NA
chrX	22300000	22400000	0.0	NA
chrX	22400000	22500000	0.0	NA
chrX	22500000	22600000	0.0	NA
chrX	22600000	22700000	0.0	NA
chrX	22700000	22800000	0.0	NA
chrX	22800000	22900000	0.0	NA
chrX	22900000	23000000	0.0	NA
chrX	23000000	23100000	0.0	NA
chrX	23100000	23200000	0.0	NA
chrX	23200000	23300000	0.0	NA
chrX	23300000	23400000	0.0006851419638661085	38178
chrX	23400000	23500000	0.0008146488782655257	60203
chrX	23500000	23600000	0.0005780319506988929	72295
chrX	23600000	23700000	0.0017185718211026445	61975
chrX	23700000	23800000	0.0012306798929805883	25799
chrX	23800000	23900000	0.0007245125257547617	25641
chrX	23900000	24000000	0.0006652975187580554	23844
chrX	24000000	24100000	0.0005885388254585012	10384
chrX	24100000	24200000	0.0006925797537414403	32863
chrX	24200000	24300000	0.0008225564556632591	44739
chrX	24300000	24400000	0.0005736731887139583	68865
chrX	24400000	24500000	0.0006435309533503816	63323
chrX	24500000	24600000	0.0003292325393236305	6730
chrX	24600000	24700000	0.00021512317677437366	7120
chrX	24700000	24800000	0.00017007947480010481	8397
chrX	24800000	24900000	0.0	NA
chrX	24900000	25000000	0.0	NA
chrX	25000000	25100000	0.000411111130650497	56512
chrX	25100000	25200000	0.00040575080364212005	78985
chrX	25200000	25300000	0.0006869696718376905	85156
chrX	25300000	25400000	0.00035804770750927985	65743
chrX	25400000	25500000	0.00027762994158045596	80410
chrX	25500000	25600000	0.0006405368711111473	86307
chrX	25600000	25700000	0.0007301500801782235	91717
chrX	25700000	25800000	0.0008305422710576168	79346
chrX	25800000	25900000	0.000761386093195228	84625
chrX	25900000	26000000	0.0010836119067521729	75396
chrX	26000000	26100000	0.000726983923405626	81360
chrX	26100000	26200000	0.0007981893407037991	73080
chrX	26200000	26300000	0.0006373463799640265	74608
chrX	26300000	26400000	0.0008145485009261046	71017
chrX	26400000	26500000	0.0005888911036368075	84539
chrX	26500000	26600000	0.0006405868779515522	75100
chrX	26600000	26700000	0.0005632484963139788	85836
chrX	26700000	26800000	0.0005248982719469493	81441
chrX	26800000	26900000	0.00065832619694534	85563
chrX	26900000	27000000	0.0009841553908824545	86586
chrX	27000000	27100000	0.0009308265760005307	78634
chrX	27100000	27200000	0.0006974198006129558	75843
chrX	27200000	27300000	0.0006155945130721385	81114
chrX	27300000	27400000	0.0007870209015904546	74297
chrX	27400000	27500000	0.0009939924401765011	78903
chrX	27500000	27600000	0.000762092448786209	75188
chrX	27600000	27700000	0.0007473328910625407	82222
chrX	27700000	27800000	0.0006890787355158881	81185
chrX	27800000	27900000	0.0005385209617078369	75740
chrX	27900000	28000000	0.0005055256496534162	83629
chrX	28000000	28100000	0.0006839110150067899	87563
chrX	28100000	28200000	0.00043154090613632413	80671
chrX	28200000	28300000	0.000631816221353604	83213
chrX	28300000	28400000	0.0005350274292680846	81454
chrX	28400000	28500000	0.0008344517296682193	74206
chrX	28500000	28600000	0.0007559209408486392	79862
chrX	28600000	28700000	0.0003178196048138517	5532
chrX	28700000	28800000	0.0	NA
chrX	28800000	28900000	0.0	NA
chrX	28900000	29000000	0.0	NA
chrX	29000000	29100000	0.0	NA
chrX	29100000	29200000	0.0	NA
chrX	29200000	29300000	0.0	NA
chrX	29300000	29400000	0.0	NA
chrX	29400000	29500000	0.0	NA
chrX	29500000	29600000	0.0	NA
chrX	29600000	29700000	0.0	NA
chrX	29700000	29800000	0.0	NA
chrX	29800000	29900000	0.0	NA
chrX	29900000	30000000	0.00023363982934013417	17886
chrX	30000000	30100000	0.0004580791106582603	75211
chrX	30100000	30200000	0.0005852710104774696	82088
chrX	30200000	30300000	0.0007346457665315183	68485
chrX	30300000	30400000	0.0007900220622210684	77006
chrX	30400000	30500000	0.000907186879295166	81302
chrX	30500000	30600000	0.000929410287588344	61425
chrX	30600000	30700000	0.0005971817738965185	46509
chrX	30700000	30800000	0.0005960526684783053	29646
chrX	30800000	30900000	0.0004075612571491723	20458
chrX	30900000	31000000	0.0008664721290281252	81314
chrX	31000000	31100000	0.0008576537375039007	79204
chrX	31100000	31200000	0.0004165043466831002	32605
chrX	31200000	31300000	0.0	NA
chrX	31300000	31400000	0.0	NA
chrX	31400000	31500000	0.0	NA
chrX	31500000	31600000	0.0	NA
chrX	31600000	31700000	0.0	NA
chrX	31700000	31800000	0.0	NA
chrX	31800000	31900000	0.0	NA
chrX	31900000	32000000	0.0	NA
chrX	32000000	32100000	0.0	NA
chrX	32100000	32200000	0.0	NA
chrX	32200000	32300000	0.0	NA
chrX	32300000	32400000	0.0	NA
chrX	32400000	32500000	0.0	NA
chrX	32500000	32600000	0.0	NA
chrX	32600000	32700000	0.0	NA
chrX	32700000	32800000	0.0	NA
chrX	32800000	32900000	0.0	NA
chrX	32900000	33000000	0.0	NA
chrX	33000000	33100000	0.0	NA
chrX	33100000	33200000	0.0	NA
chrX	33200000	33300000	0.0	NA
chrX	33300000	33400000	0.0004472329472329472	32560
chrX	33400000	33500000	0.0007569077579317747	84705
chrX	33500000	33600000	0.0008432175427747436	81055
chrX	33600000	33700000	0.0007677860766039461	84563
chrX	33700000	33800000	0.0006818318066975173	84785
chrX	33800000	33900000	0.0008346954086154065	85057
chrX	33900000	34000000	0.0007744660642105773	84549
chrX	34000000	34100000	0.0006606648010874278	91089
chrX	34100000	34200000	0.0008507094130031803	76290
chrX	34200000	34300000	0.0008574366414000814	83539
chrX	34300000	34400000	0.0008342709946978155	84866
chrX	34400000	34500000	0.0008194511545422637	74386
chrX	34500000	34600000	0.000705835183461184	83698
chrX	34600000	34700000	0.0005834179765279574	62606
chrX	34700000	34800000	0.0007872102584942116	85644
chrX	34800000	34900000	0.0008020786702484399	79295
chrX	34900000	35000000	0.0007385200861953362	85031
chrX	35000000	35100000	0.0007779554546977748	84520
chrX	35100000	35200000	0.00041993569748498304	83989
chrX	35200000	35300000	0.0005584648567232704	82838
chrX	35300000	35400000	0.0007019661106129064	83294
chrX	35400000	35500000	0.0004692047260668932	83693
chrX	35500000	35600000	0.00045520876321037627	79453
chrX	35600000	35700000	0.0007571445332394973	72509
chrX	35700000	35800000	0.0006362025966704244	87814
chrX	35800000	35900000	0.0012102931618535216	79834
chrX	35900000	36000000	0.0008845648385083878	28989
chrX	36000000	36100000	0.0	NA
chrX	36100000	36200000	0.0	NA
chrX	36200000	36300000	0.0	NA
chrX	36300000	36400000	0.0	NA
chrX	36400000	36500000	0.0006015019450666583	31231
chrX	36500000	36600000	0.0008012523206539142	87048
chrX	36600000	36700000	0.0011722209815298998	84166
chrX	36700000	36800000	0.0007903817514801521	83505
chrX	36800000	36900000	0.0007355442808747467	90691
chrX	36900000	37000000	0.0004910811130206013	78143
chrX	37000000	37100000	0.0005710166481660427	51870
chrX	37100000	37200000	0.0008880018121567513	38644
chrX	37200000	37300000	0.0007222278748542961	8119
chrX	37300000	37400000	0.0007322909841674518	41133
chrX	37400000	37500000	0.0003979518995207024	13968
chrX	37500000	37600000	0.0003728688785708509	15052
chrX	37600000	37700000	0.0005844784863629375	49342
chrX	37700000	37800000	0.0008496158749512692	78306
chrX	37800000	37900000	0.0008965742115430189	53127
chrX	37900000	38000000	0.0005469799488460391	11123
chrX	38000000	38100000	0.0006016446257357287	25187
chrX	38100000	38200000	0.0006779129839507775	33111
chrX	38200000	38300000	0.0011290609626564156	25710
chrX	38300000	38400000	0.0007454130346481832	39860
chrX	38400000	38500000	0.0	NA
chrX	38500000	38600000	0.0	NA
chrX	38600000	38700000	0.0	NA
chrX	38700000	38800000	0.0	NA
chrX	38800000	38900000	0.0	NA
chrX	38900000	39000000	0.0	NA
chrX	39000000	39100000	0.0	NA
chrX	39100000	39200000	0.0	NA
chrX	39200000	39300000	0.0	NA
chrX	39300000	39400000	0.0	NA
chrX	39400000	39500000	0.0	NA
chrX	39500000	39600000	0.0	NA
chrX	39600000	39700000	0.0	NA
chrX	39700000	39800000	0.0	NA
chrX	39800000	39900000	0.0	NA
chrX	39900000	40000000	0.0	NA
chrX	40000000	40100000	0.0	NA
chrX	40100000	40200000	0.0	NA
chrX	40200000	40300000	0.0	NA
chrX	40300000	40400000	0.0	NA
chrX	40400000	40500000	0.0	NA
chrX	40500000	40600000	0.0	NA
chrX	40600000	40700000	0.0	NA
chrX	40700000	40800000	0.0	NA
chrX	40800000	40900000	0.0	NA
chrX	40900000	41000000	0.0	NA
chrX	41000000	41100000	0.0	NA
chrX	41100000	41200000	0.0	NA
chrX	41200000	41300000	0.0012375842297945399	12017
chrX	41300000	41400000	0.0006757736586196108	25399
chrX	41400000	41500000	0.0	NA
chrX	41500000	41600000	0.0	NA
chrX	41600000	41700000	0.0	NA
chrX	41700000	41800000	0.0001640179939123604	14731
chrX	41800000	41900000	0.0004237630132975466	80598
chrX	41900000	42000000	0.0006772384802024463	88976
chrX	42000000	42100000	0.0005156129639593964	79880
chrX	42100000	42200000	0.0004966425448613854	79572
chrX	42200000	42300000	0.0003736106955539404	80006
chrX	42300000	42400000	0.00041225539336132733	83348
chrX	42400000	42500000	0.0002534494478889569	81275
chrX	42500000	42600000	0.0007299423972073987	79932
chrX	42600000	42700000	0.0006752213365406081	81058
chrX	42700000	42800000	0.0007492331811339613	79569
chrX	42800000	42900000	0.0009158795650398481	84428
chrX	42900000	43000000	0.0007216013636053531	89394
chrX	43000000	43100000	0.00046944729039374774	44692
chrX	43100000	43200000	0.00041061706657843857	76557
chrX	43200000	43300000	0.0002814572022789821	86165
chrX	43300000	43400000	0.0006025867286625888	85402
chrX	43400000	43500000	0.0006691210041699165	77829
chrX	43500000	43600000	0.0006960235221104787	9768
chrX	43600000	43700000	0.0006278447488452833	17236
chrX	43700000	43800000	0.0003257122690106926	48087
chrX	43800000	43900000	0.0005356675492131993	61576
chrX	43900000	44000000	0.0004975540326757863	82612
chrX	44000000	44100000	0.00046676720428733297	6075
chrX	44100000	44200000	0.0	NA
chrX	44200000	44300000	0.0007918118481718018	68152
chrX	44300000	44400000	0.0006896114007348922	50725
chrX	44400000	44500000	0.0007881036154356315	45746
chrX	44500000	44600000	0.0005433057702620791	61365
chrX	44600000	44700000	0.0007584195159911946	47804
chrX	44700000	44800000	0.000635077574573928	18821
chrX	44800000	44900000	0.0	NA
chrX	44900000	45000000	0.0005546689713143571	21963
chrX	45000000	45100000	0.000852258912284251	38914
chrX	45100000	45200000	0.0006962541560377095	85322
chrX	45200000	45300000	0.0007745667584301836	85326
chrX	45300000	45400000	0.0005881495773401984	61223
chrX	45400000	45500000	0.0004856455795163957	84098
chrX	45500000	45600000	0.0007618530990738729	76303
chrX	45600000	45700000	0.0006197665126382477	84474
chrX	45700000	45800000	0.0004323280386817532	74446
chrX	45800000	45900000	0.000771385434274276	78444
chrX	45900000	46000000	0.0003920314812341572	21486
chrX	46000000	46100000	0.0	NA
chrX	46100000	46200000	0.0	NA
chrX	46200000	46300000	0.0	NA
chrX	46300000	46400000	0.0	NA
chrX	46400000	46500000	0.0	NA
chrX	46500000	46600000	0.0	NA
chrX	46600000	46700000	0.0	NA
chrX	46700000	46800000	0.0	NA
chrX	46800000	46900000	0.0	NA
chrX	46900000	47000000	0.0	NA
chrX	47000000	47100000	0.0	NA
chrX	47100000	47200000	0.0	NA
chrX	47200000	47300000	0.0	NA
chrX	47300000	47400000	0.0	NA
chrX	47400000	47500000	0.0	NA
chrX	47500000	47600000	0.0	NA
chrX	47600000	47700000	0.0	NA
chrX	47700000	47800000	0.0	NA
chrX	47800000	47900000	0.0	NA
chrX	47900000	48000000	0.0	NA
chrX	48000000	48100000	0.0	NA
chrX	48100000	48200000	0.0	NA
chrX	48200000	48300000	0.0	NA
chrX	48300000	48400000	0.0	NA
chrX	48400000	48500000	0.0	NA
chrX	48500000	48600000	0.0	NA
chrX	48600000	48700000	0.0	NA
chrX	48700000	48800000	0.0	NA
chrX	48800000	48900000	0.0	NA
chrX	48900000	49000000	0.0	NA
chrX	49000000	49100000	0.0	NA
chrX	49100000	49200000	0.0	NA
chrX	49200000	49300000	0.0	NA
chrX	49300000	49400000	0.0	NA
chrX	49400000	49500000	0.0	NA
chrX	49500000	49600000	0.0	NA
chrX	49600000	49700000	0.0	NA
chrX	49700000	49800000	0.0	NA
chrX	49800000	49900000	0.0	NA
chrX	49900000	50000000	0.0	NA
chrX	50000000	50100000	0.0	NA
chrX	50100000	50200000	0.0	NA
chrX	50200000	50300000	0.0	NA
chrX	50300000	50400000	0.0	NA
chrX	50400000	50500000	0.0	NA
chrX	50500000	50600000	0.0	NA
chrX	50600000	50700000	0.0	NA
chrX	50700000	50800000	0.0	NA
chrX	50800000	50900000	0.0	NA
chrX	50900000	51000000	0.0	NA
chrX	51000000	51100000	0.0	NA
chrX	51100000	51200000	0.0	NA
chrX	51200000	51300000	0.0	NA
chrX	51300000	51400000	0.0	NA
chrX	51400000	51500000	0.0	NA
chrX	51500000	51600000	0.0	NA
chrX	51600000	51700000	0.0	NA
chrX	51700000	51800000	0.0	NA
chrX	51800000	51900000	0.0	NA
chrX	51900000	52000000	0.0	NA
chrX	52000000	52100000	0.0	NA
chrX	52100000	52200000	0.0	NA
chrX	52200000	52300000	0.0	NA
chrX	52300000	52400000	0.0	NA
chrX	52400000	52500000	0.0	NA
chrX	52500000	52600000	0.0	NA
chrX	52600000	52700000	0.0	NA
chrX	52700000	52800000	0.0	NA
chrX	52800000	52900000	0.0	NA
chrX	52900000	53000000	0.0	NA
chrX	53000000	53100000	0.0	NA
chrX	53100000	53200000	0.0	NA
chrX	53200000	53300000	0.0	NA
chrX	53300000	53400000	0.0	NA
chrX	53400000	53500000	0.0	NA
chrX	53500000	53600000	0.0	NA
chrX	53600000	53700000	0.0	NA
chrX	53700000	53800000	0.0	NA
chrX	53800000	53900000	0.0	NA
chrX	53900000	54000000	0.0	NA
chrX	54000000	54100000	0.0	NA
chrX	54100000	54200000	0.0	NA
chrX	54200000	54300000	0.0	NA
chrX	54300000	54400000	0.0	NA
chrX	54400000	54500000	0.0	NA
chrX	54500000	54600000	0.0	NA
chrX	54600000	54700000	0.0	NA
chrX	54700000	54800000	0.0	NA
chrX	54800000	54900000	0.0	NA
chrX	54900000	55000000	0.0	NA
chrX	55000000	55100000	0.0	NA
chrX	55100000	55200000	0.0	NA
chrX	55200000	55300000	0.0	NA
chrX	55300000	55400000	0.0	NA
chrX	55400000	55500000	0.0	NA
chrX	55500000	55600000	0.0	NA
chrX	55600000	55700000	0.0	NA
chrX	55700000	55800000	0.0	NA
chrX	55800000	55900000	0.0	NA
chrX	55900000	56000000	0.0	NA
chrX	56000000	56100000	0.0	NA
chrX	56100000	56200000	0.0	NA
chrX	56200000	56300000	0.0	NA
chrX	56300000	56400000	0.0	NA
chrX	56400000	56500000	0.0	NA
chrX	56500000	56600000	0.0	NA
chrX	56600000	56700000	0.0	NA
chrX	56700000	56800000	0.0	NA
chrX	56800000	56900000	0.0	NA
chrX	56900000	57000000	0.0	NA
chrX	57000000	57100000	0.0	NA
chrX	57100000	57200000	0.0	NA
chrX	57200000	57300000	0.0	NA
chrX	57300000	57400000	0.0	NA
chrX	57400000	57500000	0.0	NA
chrX	57500000	57600000	0.0	NA
chrX	57600000	57700000	0.0	NA
chrX	57700000	57800000	0.0	NA
chrX	57800000	57900000	0.0	NA
chrX	57900000	58000000	0.0	NA
chrX	58000000	58100000	0.0	NA
chrX	58100000	58200000	0.0	NA
chrX	58200000	58300000	0.0	NA
chrX	58300000	58400000	0.0	NA
chrX	58400000	58500000	0.0	NA
chrX	58500000	58600000	0.0	NA
chrX	58600000	58700000	0.0	NA
chrX	58700000	58800000	0.0	NA
chrX	58800000	58900000	0.0	NA
chrX	58900000	59000000	0.0	NA
chrX	59000000	59100000	0.0	NA
chrX	59100000	59200000	0.0	NA
chrX	59200000	59300000	0.0	NA
chrX	59300000	59400000	0.0	NA
chrX	59400000	59500000	0.0	NA
chrX	59500000	59600000	0.0	NA
chrX	59600000	59700000	0.0	NA
chrX	59700000	59800000	0.0	NA
chrX	59800000	59900000	0.0	NA
chrX	59900000	60000000	0.0	NA
chrX	60000000	60100000	0.0	NA
chrX	60100000	60200000	0.0	NA
chrX	60200000	60300000	0.0	NA
chrX	60300000	60400000	0.0	NA
chrX	60400000	60500000	0.0	NA
chrX	60500000	60600000	0.0	NA
chrX	60600000	60700000	0.0	NA
chrX	60700000	60800000	0.0	NA
chrX	60800000	60900000	0.0	NA
chrX	60900000	61000000	0.0	NA
chrX	61000000	61100000	0.0	NA
chrX	61100000	61200000	0.0	NA
chrX	61200000	61300000	0.0	NA
chrX	61300000	61400000	0.0	NA
chrX	61400000	61500000	0.0	NA
chrX	61500000	61600000	0.0	NA
chrX	61600000	61700000	0.0	NA
chrX	61700000	61800000	0.0	NA
chrX	61800000	61900000	0.0	NA
chrX	61900000	62000000	0.0	NA
chrX	62000000	62100000	0.0	NA
chrX	62100000	62200000	0.0	NA
chrX	62200000	62300000	0.0	NA
chrX	62300000	62400000	0.0	NA
chrX	62400000	62500000	0.0	NA
chrX	62500000	62600000	0.0	NA
chrX	62600000	62700000	0.0	NA
chrX	62700000	62800000	0.0	NA
chrX	62800000	62900000	0.0	NA
chrX	62900000	63000000	0.0	NA
chrX	63000000	63100000	0.0	NA
chrX	63100000	63200000	0.0	NA
chrX	63200000	63300000	0.0	NA
chrX	63300000	63400000	0.0	NA
chrX	63400000	63500000	0.0	NA
chrX	63500000	63600000	0.0	NA
chrX	63600000	63700000	0.0	NA
chrX	63700000	63800000	0.0	NA
chrX	63800000	63900000	0.0	NA
chrX	63900000	64000000	0.0	NA
chrX	64000000	64100000	0.0	NA
chrX	64100000	64200000	0.0	NA
chrX	64200000	64300000	0.0	NA
chrX	64300000	64400000	0.0	NA
chrX	64400000	64500000	0.0	NA
chrX	64500000	64600000	0.0	NA
chrX	64600000	64700000	0.0	NA
chrX	64700000	64800000	0.0	NA
chrX	64800000	64900000	0.0	NA
chrX	64900000	65000000	0.0	NA
chrX	65000000	65100000	0.0	NA
chrX	65100000	65200000	0.0	NA
chrX	65200000	65300000	0.0	NA
chrX	65300000	65400000	0.0	NA
chrX	65400000	65500000	0.0	NA
chrX	65500000	65600000	0.0	NA
chrX	65600000	65700000	0.0	NA
chrX	65700000	65800000	0.0	NA
chrX	65800000	65900000	0.0	NA
chrX	65900000	66000000	0.0	NA
chrX	66000000	66100000	0.0	NA
chrX	66100000	66200000	0.0	NA
chrX	66200000	66300000	0.0	NA
chrX	66300000	66400000	0.0	NA
chrX	66400000	66500000	0.0	NA
chrX	66500000	66600000	0.0	NA
chrX	66600000	66700000	0.0	NA
chrX	66700000	66800000	0.0	NA
chrX	66800000	66900000	0.0	NA
chrX	66900000	67000000	0.0	NA
chrX	67000000	67100000	0.0	NA
chrX	67100000	67200000	0.0	NA
chrX	67200000	67300000	0.0	NA
chrX	67300000	67400000	0.0	NA
chrX	67400000	67500000	0.0	NA
chrX	67500000	67600000	0.0	NA
chrX	67600000	67700000	0.0	NA
chrX	67700000	67800000	0.0	NA
chrX	67800000	67900000	0.0	NA
chrX	67900000	68000000	0.0	NA
chrX	68000000	68100000	0.0	NA
chrX	68100000	68200000	0.0	NA
chrX	68200000	68300000	0.0	NA
chrX	68300000	68400000	0.0	NA
chrX	68400000	68500000	0.0	NA
chrX	68500000	68600000	0.0	NA
chrX	68600000	68700000	0.0	NA
chrX	68700000	68800000	0.0	NA
chrX	68800000	68900000	0.0	NA
chrX	68900000	69000000	0.0	NA
chrX	69000000	69100000	0.0	NA
chrX	69100000	69200000	0.0	NA
chrX	69200000	69300000	0.0	NA
chrX	69300000	69400000	0.0	NA
chrX	69400000	69500000	0.0	NA
chrX	69500000	69600000	0.0	NA
chrX	69600000	69700000	0.0	NA
chrX	69700000	69800000	0.0	NA
chrX	69800000	69900000	0.0	NA
chrX	69900000	70000000	0.0	NA
chrX	70000000	70100000	0.0	NA
chrX	70100000	70200000	0.0	NA
chrX	70200000	70300000	0.0	NA
chrX	70300000	70400000	0.0	NA
chrX	70400000	70500000	0.0	NA
chrX	70500000	70600000	0.0	NA
chrX	70600000	70700000	0.0	NA
chrX	70700000	70800000	0.0	NA
chrX	70800000	70900000	0.0	NA
chrX	70900000	71000000	0.0	NA
chrX	71000000	71100000	0.0	NA
chrX	71100000	71200000	0.0	NA
chrX	71200000	71300000	0.0	NA
chrX	71300000	71400000	0.0	NA
chrX	71400000	71500000	0.0	NA
chrX	71500000	71600000	0.0	NA
chrX	71600000	71700000	0.0	NA
chrX	71700000	71800000	0.0	NA
chrX	71800000	71900000	0.0	NA
chrX	71900000	72000000	0.0	NA
chrX	72000000	72100000	0.0	NA
chrX	72100000	72200000	0.0	NA
chrX	72200000	72300000	0.0	NA
chrX	72300000	72400000	0.0	NA
chrX	72400000	72500000	0.0	NA
chrX	72500000	72600000	0.0	NA
chrX	72600000	72700000	0.0	NA
chrX	72700000	72800000	0.0	NA
chrX	72800000	72900000	0.0	NA
chrX	72900000	73000000	0.0	NA
chrX	73000000	73100000	0.0	NA
chrX	73100000	73200000	0.0	NA
chrX	73200000	73300000	0.0	NA
chrX	73300000	73400000	0.0	NA
chrX	73400000	73500000	0.0	NA
chrX	73500000	73600000	0.0	NA
chrX	73600000	73700000	0.0	NA
chrX	73700000	73800000	0.0	NA
chrX	73800000	73900000	0.0	NA
chrX	73900000	74000000	0.0	NA
chrX	74000000	74100000	0.0	NA
chrX	74100000	74200000	0.0	NA
chrX	74200000	74300000	0.0	NA
chrX	74300000	74400000	0.0	NA
chrX	74400000	74500000	0.0	NA
chrX	74500000	74600000	0.0	NA
chrX	74600000	74700000	0.0	NA
chrX	74700000	74800000	0.0	NA
chrX	74800000	74900000	0.0	NA
chrX	74900000	75000000	0.0	NA
chrX	75000000	75100000	0.0	NA
chrX	75100000	75200000	0.0	NA
chrX	75200000	75300000	0.0	NA
chrX	75300000	75400000	0.0	NA
chrX	75400000	75500000	0.0	NA
chrX	75500000	75600000	0.0	NA
chrX	75600000	75700000	0.0	NA
chrX	75700000	75800000	0.0	NA
chrX	75800000	75900000	0.0	NA
chrX	75900000	76000000	0.0	NA
chrX	76000000	76100000	0.0	NA
chrX	76100000	76200000	0.0	NA
chrX	76200000	76300000	0.0	NA
chrX	76300000	76400000	0.0	NA
chrX	76400000	76500000	0.0	NA
chrX	76500000	76600000	0.0	NA
chrX	76600000	76700000	0.0	NA
chrX	76700000	76800000	0.0	NA
chrX	76800000	76900000	0.0	NA
chrX	76900000	77000000	0.0	NA
chrX	77000000	77100000	0.0	NA
chrX	77100000	77200000	0.0	NA
chrX	77200000	77300000	0.0	NA
chrX	77300000	77400000	0.0	NA
chrX	77400000	77500000	0.0	NA
chrX	77500000	77600000	0.0	NA
chrX	77600000	77700000	0.0	NA
chrX	77700000	77800000	0.0	NA
chrX	77800000	77900000	0.0	NA
chrX	77900000	78000000	0.0005889162522120312	37998
chrX	78000000	78100000	0.0005014474823015874	69973
chrX	78100000	78200000	0.0003993121972892378	76470
chrX	78200000	78300000	0.0005109389257298249	56319
chrX	78300000	78400000	0.0004647210135888001	79018
chrX	78400000	78500000	0.0007518522113979728	76906
chrX	78500000	78600000	0.000939167005804471	80798
chrX	78600000	78700000	0.0008396130164845038	72185
chrX	78700000	78800000	0.0008295847527464581	72233
chrX	78800000	78900000	0.0008506224841682451	85322
chrX	78900000	79000000	0.0012737586826349421	71153
chrX	79000000	79100000	0.0016044035574096732	74574
chrX	79100000	79200000	0.0018836660076885113	68742
chrX	79200000	79300000	0.0016378136648845664	57453
chrX	79300000	79400000	0.0007828386461121191	71543
chrX	79400000	79500000	0.0007833833989836511	56673
chrX	79500000	79600000	0.0	185
chrX	79600000	79700000	0.0	NA
chrX	79700000	79800000	0.0004556991321294534	70979
chrX	79800000	79900000	0.0003854827033775889	69882
chrX	79900000	80000000	0.00035196323697075964	17079
chrX	80000000	80100000	0.00040895221908406754	22051
chrX	80100000	80200000	0.0007953654650108407	64438
chrX	80200000	80300000	0.0008091429431328747	60867
chrX	80300000	80400000	0.0006820683389068271	49662
chrX	80400000	80500000	0.0	NA
chrX	80500000	80600000	0.0005140091062457841	32793
chrX	80600000	80700000	0.0006477869786543435	87081
chrX	80700000	80800000	0.0011299876344878078	78084
chrX	80800000	80900000	0.0007679880344882968	82390
chrX	80900000	81000000	0.0006862362803201194	71089
chrX	81000000	81100000	0.0008551843640904116	65405
chrX	81100000	81200000	0.0007281267643079462	81176
chrX	81200000	81300000	0.00042585350618577425	71634
chrX	81300000	81400000	0.000742796694910746	84901
chrX	81400000	81500000	0.0003557762736326021	80220
chrX	81500000	81600000	0.00023744140982709472	87904
chrX	81600000	81700000	0.0005625260283031383	80926
chrX	81700000	81800000	0.000989630542481666	75521
chrX	81800000	81900000	0.0011306605919162958	78503
chrX	81900000	82000000	0.0006960428958599804	79390
chrX	82000000	82100000	0.0009051997594153473	70360
chrX	82100000	82200000	0.0006819110195638767	82185
chrX	82200000	82300000	0.0010168204980511488	80752
chrX	82300000	82400000	0.0006145448534247606	75059
chrX	82400000	82500000	0.0007754150560439719	81344
chrX	82500000	82600000	0.0003977291854459895	77677
chrX	82600000	82700000	0.0004932769786780634	70306
chrX	82700000	82800000	0.00031956290237732023	86482
chrX	82800000	82900000	0.00032826888354772977	73797
chrX	82900000	83000000	0.00036666614391957854	65746
chrX	83000000	83100000	0.0003657060812425547	71216
chrX	83100000	83200000	0.00032761376335143836	61184
chrX	83200000	83300000	0.00037858286800365666	77716
chrX	83300000	83400000	0.0003524885827924915	10199
chrX	83400000	83500000	0.0004992518373631528	50376
chrX	83500000	83600000	0.0007718635057969966	55116
chrX	83600000	83700000	0.0	NA
chrX	83700000	83800000	0.0017033063960447837	35573
chrX	83800000	83900000	0.0009985978439351788	72500
chrX	83900000	84000000	0.0006898826213368146	82759
chrX	84000000	84100000	0.0009851242759193754	76378
chrX	84100000	84200000	0.0008900164029303399	62829
chrX	84200000	84300000	0.0009653075210508247	33244
chrX	84300000	84400000	0.0010916351797248117	26706
chrX	84400000	84500000	0.0006057016974957528	70104
chrX	84500000	84600000	0.0008054666481306004	3887
chrX	84600000	84700000	0.0011484415025673036	46655
chrX	84700000	84800000	0.0007649062524466418	83194
chrX	84800000	84900000	0.0016635484613662563	74517
chrX	84900000	85000000	0.0013938062662619468	65222
chrX	85000000	85100000	0.0009485427194413098	68020
chrX	85100000	85200000	0.0007200425520629794	12413
chrX	85200000	85300000	0.0	NA
chrX	85300000	85400000	0.0010557508385192664	70772
chrX	85400000	85500000	0.0006565454657735047	2548
chrX	85500000	85600000	0.0	NA
chrX	85600000	85700000	0.0	NA
chrX	85700000	85800000	0.0	NA
chrX	85800000	85900000	0.0	NA
chrX	85900000	86000000	0.0	NA
chrX	86000000	86100000	0.0009349128725587972	11229
chrX	86100000	86200000	0.0008304320171283509	76098
chrX	86200000	86300000	0.0009007440203794284	73869
chrX	86300000	86400000	0.0010324640910591462	73342
chrX	86400000	86500000	0.0014155609930995427	79538
chrX	86500000	86600000	0.0011321393526644826	80524
chrX	86600000	86700000	0.001243726109978081	80310
chrX	86700000	86800000	0.0009672488240814726	54161
chrX	86800000	86900000	0.0	NA
chrX	86900000	87000000	0.001086680437909148	57181
chrX	87000000	87100000	0.0013462462530977103	71326
chrX	87100000	87200000	0.0009909350075956883	85549
chrX	87200000	87300000	0.001094007126296933	77545
chrX	87300000	87400000	0.001026569850482248	87214
chrX	87400000	87500000	0.0012581448104715838	82770
chrX	87500000	87600000	0.0015677094912731565	71770
chrX	87600000	87700000	0.0014680779043635332	84236
chrX	87700000	87800000	0.0017477762423359015	73486
chrX	87800000	87900000	0.0007289051940529076	82864
chrX	87900000	88000000	0.0007433725346873224	83275
chrX	88000000	88100000	0.0006432619770918496	63045
chrX	88100000	88200000	0.0006933609983355583	81860
chrX	88200000	88300000	0.0009835059714378936	83872
chrX	88300000	88400000	0.0008505794911156952	82143
chrX	88400000	88500000	0.0008952765017712483	47115
chrX	88500000	88600000	0.0004395604395604397	65
chrX	88600000	88700000	0.0	62
chrX	88700000	88800000	0.0	51
chrX	88800000	88900000	0.0008592541673827118	1265
chrX	88900000	89000000	0.0021480804285832255	9301
chrX	89000000	89100000	0.0009691791356885353	599
chrX	89100000	89200000	0.0	33
chrX	89200000	89300000	0.0009560282025063256	34332
chrX	89300000	89400000	0.0010204903767854026	41558
chrX	89400000	89500000	0.00023944232874351638	3412
chrX	89500000	89600000	0.0006241676916977566	1833
chrX	89600000	89700000	0.0003995778653197025	514
chrX	89700000	89800000	0.0026180458158017762	372
chrX	89800000	89900000	0.0009428632099439551	4368
chrX	89900000	90000000	0.0007133723054439167	1360
chrX	90000000	90100000	0.0006184704505620774	782
chrX	90100000	90200000	0.0006767417329752841	7649
chrX	90200000	90300000	0.0018894559091441792	6996
chrX	90300000	90400000	0.001065246373916017	77222
chrX	90400000	90500000	0.002798663324979114	228
chrX	90500000	90600000	0.0012431520850876736	66546
chrX	90600000	90700000	0.0009211345974107577	62942
chrX	90700000	90800000	0.0008131264547978187	30386
chrX	90800000	90900000	0.000491352836592856	1345
chrX	90900000	91000000	0.0011334738724515048	17357
chrX	91000000	91100000	0.002095898220661926	276
chrX	91100000	91200000	0.0	NA
chrX	91200000	91300000	0.0	NA
chrX	91300000	91400000	0.0	NA
chrX	91400000	91500000	0.0	NA
chrX	91500000	91600000	0.0	NA
chrX	91600000	91700000	0.0	NA
chrX	91700000	91800000	0.0	NA
chrX	91800000	91900000	0.0008652199473455512	648
chrX	91900000	92000000	0.0	250
chrX	92000000	92100000	0.0019036625808461132	226
chrX	92100000	92200000	0.0007865754185027989	4282
chrX	92200000	92300000	0.0002638120846227995	857
chrX	92300000	92400000	0.0006013679390697329	21631
chrX	92400000	92500000	0.0007841403383580169	82097
chrX	92500000	92600000	0.0011599937392457419	80729
chrX	92600000	92700000	0.0008328009507684958	82484
chrX	92700000	92800000	0.001214064768551548	84326
chrX	92800000	92900000	0.0007845491889467903	77046
chrX	92900000	93000000	0.000730262395567345	49011
chrX	93000000	93100000	0.00045199673098183943	90770
chrX	93100000	93200000	0.0007584773138293942	79369
chrX	93200000	93300000	0.0011160270243821162	81587
chrX	93300000	93400000	0.0012226796484613425	82176
chrX	93400000	93500000	0.0009862201956189563	84111
chrX	93500000	93600000	0.0011558639399810713	82435
chrX	93600000	93700000	0.0009383967164287541	86640
chrX	93700000	93800000	0.0008992534036425989	79207
chrX	93800000	93900000	0.0006251544662617928	83504
chrX	93900000	94000000	0.0005589101281300188	79081
chrX	94000000	94100000	0.0009599360028319601	68599
chrX	94100000	94200000	0.0007439745680914438	81259
chrX	94200000	94300000	0.0009147039822311035	82929
chrX	94300000	94400000	0.00102357832120184	79103
chrX	94400000	94500000	0.0010502229026390156	80136
chrX	94500000	94600000	0.0005395675078236292	80477
chrX	94600000	94700000	0.0006760987557933056	83628
chrX	94700000	94800000	0.0005999772457501584	85075
chrX	94800000	94900000	0.0007029652153868833	76229
chrX	94900000	95000000	0.0005480741946667586	86842
chrX	95000000	95100000	0.000668544551074253	78596
chrX	95100000	95200000	0.0010691199208933946	82344
chrX	95200000	95300000	0.0010638361570388531	79875
chrX	95300000	95400000	0.0006510011350875322	73828
chrX	95400000	95500000	0.00048651650533792986	76776
chrX	95500000	95600000	0.0009934433957955481	66411
chrX	95600000	95700000	0.000643241520773678	80332
chrX	95700000	95800000	0.0007417495603968071	72601
chrX	95800000	95900000	0.0008383995786054493	65373
chrX	95900000	96000000	0.0009490125840115465	29983
chrX	96000000	96100000	0.0	NA
chrX	96100000	96200000	0.0	NA
chrX	96200000	96300000	0.0	NA
chrX	96300000	96400000	0.0	NA
chrX	96400000	96500000	0.0	NA
chrX	96500000	96600000	0.0	NA
chrX	96600000	96700000	0.0	NA
chrX	96700000	96800000	0.0	NA
chrX	96800000	96900000	0.0006207883154133916	39876
chrX	96900000	97000000	0.0008814313851840468	83338
chrX	97000000	97100000	0.000861094803957004	82586
chrX	97100000	97200000	0.000561371466956855	80776
chrX	97200000	97300000	0.0007019434000866918	85277
chrX	97300000	97400000	0.0008032010947585144	81899
chrX	97400000	97500000	0.00046937150720829387	80460
chrX	97500000	97600000	0.0004632039934474117	79157
chrX	97600000	97700000	0.000542258625850569	75053
chrX	97700000	97800000	0.000448788342605411	83246
chrX	97800000	97900000	0.0006453273491583089	79038
chrX	97900000	98000000	0.0005222205783895066	74310
chrX	98000000	98100000	0.00045620064720057956	85181
chrX	98100000	98200000	0.00045407060493490495	79778
chrX	98200000	98300000	0.000549876962866068	89955
chrX	98300000	98400000	0.0004810124666769241	86195
chrX	98400000	98500000	0.0008775217379175528	78522
chrX	98500000	98600000	0.0004655072587024158	80628
chrX	98600000	98700000	0.00038546793350611156	86591
chrX	98700000	98800000	0.00041487289272513735	15641
chrX	98800000	98900000	0.0	NA
chrX	98900000	99000000	0.0	NA
chrX	99000000	99100000	0.0	NA
chrX	99100000	99200000	0.0006749695786381675	3687
chrX	99200000	99300000	0.0005235924035531824	88148
chrX	99300000	99400000	0.0003057160615527489	74942
chrX	99400000	99500000	0.0003077177252815922	42883
chrX	99500000	99600000	0.0	NA
chrX	99600000	99700000	0.0	NA
chrX	99700000	99800000	0.0	NA
chrX	99800000	99900000	0.0	NA
chrX	99900000	100000000	0.0	NA
chrX	100000000	100100000	0.0	NA
chrX	100100000	100200000	0.0	NA
chrX	100200000	100300000	0.0	NA
chrX	100300000	100400000	0.0	NA
chrX	100400000	100500000	0.0	NA
chrX	100500000	100600000	0.0	NA
chrX	100600000	100700000	0.0	NA
chrX	100700000	100800000	0.0	NA
chrX	100800000	100900000	0.0	NA
chrX	100900000	101000000	0.0	NA
chrX	101000000	101100000	0.0	NA
chrX	101100000	101200000	0.0	NA
chrX	101200000	101300000	0.0	NA
chrX	101300000	101400000	0.0	NA
chrX	101400000	101500000	0.0	NA
chrX	101500000	101600000	0.0	NA
chrX	101600000	101700000	0.0	NA
chrX	101700000	101800000	0.0	NA
chrX	101800000	101900000	0.0	NA
chrX	101900000	102000000	0.0	NA
chrX	102000000	102100000	0.0	NA
chrX	102100000	102200000	0.0	NA
chrX	102200000	102300000	0.0	NA
chrX	102300000	102400000	0.0	NA
chrX	102400000	102500000	0.0	NA
chrX	102500000	102600000	0.0	NA
chrX	102600000	102700000	0.0	NA
chrX	102700000	102800000	0.0	NA
chrX	102800000	102900000	0.0	NA
chrX	102900000	103000000	0.0	NA
chrX	103000000	103100000	0.0	NA
chrX	103100000	103200000	0.0	NA
chrX	103200000	103300000	0.0	NA
chrX	103300000	103400000	0.0	NA
chrX	103400000	103500000	0.0	NA
chrX	103500000	103600000	0.0	NA
chrX	103600000	103700000	0.0	NA
chrX	103700000	103800000	0.0	NA
chrX	103800000	103900000	0.0	NA
chrX	103900000	104000000	0.0	NA
chrX	104000000	104100000	0.0	NA
chrX	104100000	104200000	0.0	NA
chrX	104200000	104300000	0.0	NA
chrX	104300000	104400000	0.0	NA
chrX	104400000	104500000	0.0	NA
chrX	104500000	104600000	0.0	NA
chrX	104600000	104700000	0.0	NA
chrX	104700000	104800000	0.0	NA
chrX	104800000	104900000	0.0	NA
chrX	104900000	105000000	0.0	NA
chrX	105000000	105100000	0.0	NA
chrX	105100000	105200000	0.0	NA
chrX	105200000	105300000	0.0	NA
chrX	105300000	105400000	0.0	NA
chrX	105400000	105500000	0.0	NA
chrX	105500000	105600000	0.0	NA
chrX	105600000	105700000	0.0	NA
chrX	105700000	105800000	0.0	NA
chrX	105800000	105900000	0.0	NA
chrX	105900000	106000000	0.0	NA
chrX	106000000	106100000	0.0	NA
chrX	106100000	106200000	0.0	NA
chrX	106200000	106300000	0.0	NA
chrX	106300000	106400000	0.0	NA
chrX	106400000	106500000	0.0	NA
chrX	106500000	106600000	0.0	NA
chrX	106600000	106700000	0.0	NA
chrX	106700000	106800000	0.0	NA
chrX	106800000	106900000	0.0	NA
chrX	106900000	107000000	0.0	NA
chrX	107000000	107100000	0.0	NA
chrX	107100000	107200000	0.0	NA
chrX	107200000	107300000	0.0	NA
chrX	107300000	107400000	0.0	NA
chrX	107400000	107500000	0.0	NA
chrX	107500000	107600000	0.0	NA
chrX	107600000	107700000	0.0	NA
chrX	107700000	107800000	0.0	NA
chrX	107800000	107900000	0.0	NA
chrX	107900000	108000000	0.0	NA
chrX	108000000	108100000	0.0	NA
chrX	108100000	108200000	0.0	NA
chrX	108200000	108300000	0.0	NA
chrX	108300000	108400000	0.0	NA
chrX	108400000	108500000	0.0	NA
chrX	108500000	108600000	0.0	NA
chrX	108600000	108700000	0.0	NA
chrX	108700000	108800000	0.0	NA
chrX	108800000	108900000	0.0	NA
chrX	108900000	109000000	0.0	NA
chrX	109000000	109100000	0.0	NA
chrX	109100000	109200000	0.0	NA
chrX	109200000	109300000	0.0	NA
chrX	109300000	109400000	0.0	NA
chrX	109400000	109500000	0.0	NA
chrX	109500000	109600000	0.0	NA
chrX	109600000	109700000	0.0	NA
chrX	109700000	109800000	0.0	NA
chrX	109800000	109900000	0.0	NA
chrX	109900000	110000000	0.0	NA
chrX	110000000	110100000	0.0	NA
chrX	110100000	110200000	0.0	NA
chrX	110200000	110300000	0.0	NA
chrX	110300000	110400000	0.0	NA
chrX	110400000	110500000	0.0	NA
chrX	110500000	110600000	0.0	NA
chrX	110600000	110700000	0.0	NA
chrX	110700000	110800000	0.0	NA
chrX	110800000	110900000	0.0	NA
chrX	110900000	111000000	0.0	NA
chrX	111000000	111100000	0.0	NA
chrX	111100000	111200000	0.0	NA
chrX	111200000	111300000	0.0	NA
chrX	111300000	111400000	0.0	NA
chrX	111400000	111500000	0.0	NA
chrX	111500000	111600000	0.0	NA
chrX	111600000	111700000	0.0	NA
chrX	111700000	111800000	0.0008560834567997819	67021
chrX	111800000	111900000	0.0009600154995497656	50947
chrX	111900000	112000000	0.0005087112455313937	57531
chrX	112000000	112100000	0.000564389906648023	28931
chrX	112100000	112200000	0.0006277709062203472	71251
chrX	112200000	112300000	0.0006529606764428644	68433
chrX	112300000	112400000	0.0	NA
chrX	112400000	112500000	0.0	NA
chrX	112500000	112600000	0.0	NA
chrX	112600000	112700000	0.0	NA
chrX	112700000	112800000	0.0007848293108720095	29177
chrX	112800000	112900000	0.0006174151528922246	48656
chrX	112900000	113000000	0.0	NA
chrX	113000000	113100000	0.0	NA
chrX	113100000	113200000	0.0006093785367088801	16190
chrX	113200000	113300000	0.0009170493623699969	73176
chrX	113300000	113400000	0.0007162481378861581	76626
chrX	113400000	113500000	0.0008808349814418474	84368
chrX	113500000	113600000	0.000900284964275887	40927
chrX	113600000	113700000	0.0008095484141193759	83221
chrX	113700000	113800000	0.0004963052884879133	71662
chrX	113800000	113900000	0.00041371766476955816	16058
chrX	113900000	114000000	0.0	NA
chrX	114000000	114100000	0.0	NA
chrX	114100000	114200000	0.0010097825301337339	41507
chrX	114200000	114300000	0.0007728783408097723	72922
chrX	114300000	114400000	0.00048178005133670064	31462
chrX	114400000	114500000	0.0005282010140958064	23784
chrX	114500000	114600000	0.000557834011543349	67241
chrX	114600000	114700000	0.0007437676725217147	82924
chrX	114700000	114800000	0.0007593376417371698	38538
chrX	114800000	114900000	0.0008028553036121282	8330
chrX	114900000	115000000	0.00045631438739863784	26510
chrX	115000000	115100000	0.0006393530947350588	12512
chrX	115100000	115200000	0.0005608712768082665	65562
chrX	115200000	115300000	0.0009591021111640559	69242
chrX	115300000	115400000	0.0012896686844341935	71602
chrX	115400000	115500000	0.0013077219319718625	80908
chrX	115500000	115600000	0.0008298389873201973	64329
chrX	115600000	115700000	0.0011788784669610462	61160
chrX	115700000	115800000	0.0009339059440841797	52435
chrX	115800000	115900000	0.0006184849115280876	74698
chrX	115900000	116000000	0.0008565293757924966	73119
chrX	116000000	116100000	0.0007232624468561981	76196
chrX	116100000	116200000	0.0008355827189816895	81446
chrX	116200000	116300000	0.0010869565217391322	78640
chrX	116300000	116400000	0.0008041220670332405	71475
chrX	116400000	116500000	0.0015272609038064961	70502
chrX	116500000	116600000	0.0015184221030926047	70238
chrX	116600000	116700000	0.0010380299451411173	74390
chrX	116700000	116800000	0.0009984229937194855	74679
chrX	116800000	116900000	0.0012585302028417496	73773
chrX	116900000	117000000	0.0009114723381841328	74148
chrX	117000000	117100000	0.0008392639738573427	22332
chrX	117100000	117200000	0.0	NA
chrX	117200000	117300000	0.0008421149427269166	40347
chrX	117300000	117400000	0.0009498352155018252	77294
chrX	117400000	117500000	0.0009509758152946057	49773
chrX	117500000	117600000	0.0009521355666550401	10631
chrX	117600000	117700000	0.0006687871618813616	14298
chrX	117700000	117800000	0.0	NA
chrX	117800000	117900000	0.00043858073734677407	26803
chrX	117900000	118000000	0.0007630213785563075	29815
chrX	118000000	118100000	0.0006733700535177148	53000
chrX	118100000	118200000	0.0005634316180253095	39921
chrX	118200000	118300000	0.0007998637045728036	21133
chrX	118300000	118400000	0.0006055608337316506	72783
chrX	118400000	118500000	0.00040989898032471405	44581
chrX	118500000	118600000	0.0007689026930756597	26471
chrX	118600000	118700000	0.0007806208709644801	40897
chrX	118700000	118800000	0.0004861018838873816	13229
chrX	118800000	118900000	0.0010624029520649853	36878
chrX	118900000	119000000	0.0008859423010592435	35385
chrX	119000000	119100000	0.0008461736587730852	25144
chrX	119100000	119200000	0.0007688433316974076	48826
chrX	119200000	119300000	0.00031994979793225817	1874
chrX	119300000	119400000	0.0005018338545762322	36215
chrX	119400000	119500000	0.0005365290738434539	38344
chrX	119500000	119600000	0.0009412723669295723	28773
chrX	119600000	119700000	0.0004904249692830839	36035
chrX	119700000	119800000	0.0004884357605880938	44851
chrX	119800000	119900000	0.0010180941295025664	78262
chrX	119900000	120000000	0.0005358640101217961	65493
chrX	120000000	120100000	0.00011746096657894716	4678
chrX	120100000	120200000	0.0002717015555405032	61988
chrX	120200000	120300000	0.0006223741631354804	78949
chrX	120300000	120400000	0.000945868676120641	78196
chrX	120400000	120500000	0.0010800559661107952	77432
chrX	120500000	120600000	0.0012131715678276708	77204
chrX	120600000	120700000	0.0006881258592320195	79432
chrX	120700000	120800000	0.0008208776564635652	88678
chrX	120800000	120900000	0.0007181350425057749	80903
chrX	120900000	121000000	0.0006312074350850309	79332
chrX	121000000	121100000	0.0007070354677654267	83464
chrX	121100000	121200000	0.0006425648241349778	79903
chrX	121200000	121300000	0.0007339801588699574	75811
chrX	121300000	121400000	0.0008457003671033653	74375
chrX	121400000	121500000	0.000973280759859317	77267
chrX	121500000	121600000	0.000990188357413657	81218
chrX	121600000	121700000	0.0011263902784235452	71563
chrX	121700000	121800000	0.0008226374805664861	84243
chrX	121800000	121900000	0.0008631850884516077	77265
chrX	121900000	122000000	0.0010740139610105701	85213
chrX	122000000	122100000	0.0006680559323430804	82171
chrX	122100000	122200000	0.0006033472593778648	76885
chrX	122200000	122300000	0.0007058685248396161	82119
chrX	122300000	122400000	0.0006474527029680619	17186
chrX	122400000	122500000	0.0	NA
chrX	122500000	122600000	0.0	NA
chrX	122600000	122700000	0.0007915239379692123	57093
chrX	122700000	122800000	0.00043540027362069843	21285
chrX	122800000	122900000	0.0003523739873049228	16884
chrX	122900000	123000000	0.0006514842186067704	37929
chrX	123000000	123100000	0.0005666534710431765	21411
chrX	123100000	123200000	0.0	NA
chrX	123200000	123300000	0.0007878694871401368	38450
chrX	123300000	123400000	0.0009523988308323547	74654
chrX	123400000	123500000	0.0005329463241594717	65027
chrX	123500000	123600000	0.0008369280591010867	2455
chrX	123600000	123700000	0.0	NA
chrX	123700000	123800000	0.0	NA
chrX	123800000	123900000	0.0	NA
chrX	123900000	124000000	0.0	NA
chrX	124000000	124100000	0.0011848495418147998	1941
chrX	124100000	124200000	0.0007863142065662021	80385
chrX	124200000	124300000	0.0007400193445690651	87713
chrX	124300000	124400000	0.0005953367115826471	86602
chrX	124400000	124500000	0.0010790028276471833	75313
chrX	124500000	124600000	0.0011652429045749294	77644
chrX	124600000	124700000	0.0010049772960604765	78830
chrX	124700000	124800000	0.0007153105707861728	79090
chrX	124800000	124900000	0.0005669148757401884	84335
chrX	124900000	125000000	0.0007192135030654823	77285
chrX	125000000	125100000	0.0009694844346007139	77400
chrX	125100000	125200000	0.0009470004172778312	82061
chrX	125200000	125300000	0.0010234678133720376	68702
chrX	125300000	125400000	0.0007675089426772087	72324
chrX	125400000	125500000	0.0008515255881124116	76372
chrX	125500000	125600000	0.0007887013779224241	73295
chrX	125600000	125700000	0.0011615971678742758	78103
chrX	125700000	125800000	0.0005481825860639003	84456
chrX	125800000	125900000	0.0007877064278473862	84984
chrX	125900000	126000000	0.000750157748792093	76090
chrX	126000000	126100000	0.0008851356888503393	69628
chrX	126100000	126200000	0.000505644516059118	82209
chrX	126200000	126300000	0.0004292445081642862	75685
chrX	126300000	126400000	0.00050554935095583	66387
chrX	126400000	126500000	0.000996543172157434	78716
chrX	126500000	126600000	0.000577913295303257	80933
chrX	126600000	126700000	0.0007949045919888733	77666
chrX	126700000	126800000	0.0007593091422242301	77423
chrX	126800000	126900000	0.0006644671621964143	88719
chrX	126900000	127000000	0.0009867697138065945	71594
chrX	127000000	127100000	0.0006534843188109858	86740
chrX	127100000	127200000	0.0006741647992365507	82489
chrX	127200000	127300000	0.0006473560965503376	81487
chrX	127300000	127400000	0.0005008474510725079	78164
chrX	127400000	127500000	0.0004417550683020653	86911
chrX	127500000	127600000	0.00032373780239562856	76013
chrX	127600000	127700000	0.00036971010418391267	83845
chrX	127700000	127800000	0.00047527510231769473	82895
chrX	127800000	127900000	0.0006263406929345603	72823
chrX	127900000	128000000	0.0006486363543626941	71949
chrX	128000000	128100000	0.0006587765777067737	82544
chrX	128100000	128200000	0.0006297321033985016	76311
chrX	128200000	128300000	0.000401014121267159	28145
chrX	128300000	128400000	0.0	NA
chrX	128400000	128500000	0.0	NA
chrX	128500000	128600000	0.0	NA
chrX	128600000	128700000	0.0	NA
chrX	128700000	128800000	0.0	NA
chrX	128800000	128900000	0.0	NA
chrX	128900000	129000000	0.0	NA
chrX	129000000	129100000	0.0	NA
chrX	129100000	129200000	0.0	NA
chrX	129200000	129300000	0.0	NA
chrX	129300000	129400000	0.0	NA
chrX	129400000	129500000	0.0	NA
chrX	129500000	129600000	0.0	NA
chrX	129600000	129700000	0.0	NA
chrX	129700000	129800000	0.0	NA
chrX	129800000	129900000	0.0	NA
chrX	129900000	130000000	0.0	NA
chrX	130000000	130100000	0.0	NA
chrX	130100000	130200000	0.0	NA
chrX	130200000	130300000	0.0	NA
chrX	130300000	130400000	0.0	NA
chrX	130400000	130500000	0.0	NA
chrX	130500000	130600000	0.0	NA
chrX	130600000	130700000	0.0	NA
chrX	130700000	130800000	0.0	NA
chrX	130800000	130900000	0.0	NA
chrX	130900000	131000000	0.0	NA
chrX	131000000	131100000	0.0	NA
chrX	131100000	131200000	0.0	NA
chrX	131200000	131300000	0.0	NA
chrX	131300000	131400000	0.0	NA
chrX	131400000	131500000	0.0	NA
chrX	131500000	131600000	0.0	NA
chrX	131600000	131700000	0.0	NA
chrX	131700000	131800000	0.0	NA
chrX	131800000	131900000	0.0	NA
chrX	131900000	132000000	0.0	NA
chrX	132000000	132100000	0.0	NA
chrX	132100000	132200000	0.0	NA
chrX	132200000	132300000	0.0	NA
chrX	132300000	132400000	0.0	NA
chrX	132400000	132500000	0.0	NA
chrX	132500000	132600000	0.0	NA
chrX	132600000	132700000	0.0	NA
chrX	132700000	132800000	0.0	NA
chrX	132800000	132900000	0.0	NA
chrX	132900000	133000000	0.0	NA
chrX	133000000	133100000	0.0	NA
chrX	133100000	133200000	0.0	NA
chrX	133200000	133300000	0.0	NA
chrX	133300000	133400000	0.0	NA
chrX	133400000	133500000	0.0	NA
chrX	133500000	133600000	0.0	NA
chrX	133600000	133700000	0.0	NA
chrX	133700000	133800000	0.0	NA
chrX	133800000	133900000	0.0	NA
chrX	133900000	134000000	0.0	NA
chrX	134000000	134100000	0.0	NA
chrX	134100000	134200000	0.0	NA
chrX	134200000	134300000	0.0	NA
chrX	134300000	134400000	0.0	NA
chrX	134400000	134500000	0.0	NA
chrX	134500000	134600000	0.0	NA
chrX	134600000	134700000	0.0	NA
chrX	134700000	134800000	0.0	NA
chrX	134800000	134900000	0.0	NA
chrX	134900000	135000000	0.0	NA
chrX	135000000	135100000	0.0	NA
chrX	135100000	135200000	0.0	NA
chrX	135200000	135300000	0.0	NA
chrX	135300000	135400000	0.0	NA
chrX	135400000	135500000	0.0	NA
chrX	135500000	135600000	0.0	NA
chrX	135600000	135700000	0.0	NA
chrX	135700000	135800000	0.0	NA
chrX	135800000	135900000	0.0	NA
chrX	135900000	136000000	0.0	NA
chrX	136000000	136100000	0.0	NA
chrX	136100000	136200000	0.0	NA
chrX	136200000	136300000	0.0	NA
chrX	136300000	136400000	0.0	NA
chrX	136400000	136500000	0.0	NA
chrX	136500000	136600000	0.0	NA
chrX	136600000	136700000	0.0	NA
chrX	136700000	136800000	0.0002697763019023348	2815
chrX	136800000	136900000	0.00044339506754857006	70269
chrX	136900000	137000000	0.0004983121468715773	83240
chrX	137000000	137100000	0.0007501305337359297	76557
chrX	137100000	137200000	0.00036924728719057786	69559
chrX	137200000	137300000	0.0005059435196314126	79877
chrX	137300000	137400000	0.0007701415549735473	70831
chrX	137400000	137500000	0.0007606323820549368	81591
chrX	137500000	137600000	0.0008754181385083287	80843
chrX	137600000	137700000	0.0003638957596633623	84750
chrX	137700000	137800000	0.00024916715584120724	11618
chrX	137800000	137900000	0.0	NA
chrX	137900000	138000000	0.0	NA
chrX	138000000	138100000	0.0	NA
chrX	138100000	138200000	0.0	NA
chrX	138200000	138300000	0.001112598484554287	10876
chrX	138300000	138400000	0.0007230589882571735	82163
chrX	138400000	138500000	0.0010166770834508395	78737
chrX	138500000	138600000	0.0007644785071511387	73499
chrX	138600000	138700000	0.0007007531114258628	20843
chrX	138700000	138800000	0.0004621889016269886	8013
chrX	138800000	138900000	0.000357621370784514	7085
chrX	138900000	139000000	0.00042285594210008244	63780
chrX	139000000	139100000	0.0008672191542368735	42201
chrX	139100000	139200000	0.0006329154950210741	70268
chrX	139200000	139300000	0.0005318568131631651	78120
chrX	139300000	139400000	0.000493311516138673	63957
chrX	139400000	139500000	0.0003857829009315838	76316
chrX	139500000	139600000	0.0005837201465753685	81907
chrX	139600000	139700000	0.0009891728830998773	85526
chrX	139700000	139800000	0.0006300364550031393	65512
chrX	139800000	139900000	0.001300945916669243	34757
chrX	139900000	140000000	0.0009265046322998936	83458
chrX	140000000	140100000	0.0007779813784110784	63624
chrX	140100000	140200000	0.0	NA
chrX	140200000	140300000	0.0007790857359863578	65869
chrX	140300000	140400000	0.0010381534461179048	53147
chrX	140400000	140500000	0.0008420102000098741	74746
chrX	140500000	140600000	0.0011577197912601674	45584
chrX	140600000	140700000	0.0	NA
chrX	140700000	140800000	0.0008552498702252912	29666
chrX	140800000	140900000	0.0009198300580914256	73662
chrX	140900000	141000000	0.0008726783584436015	28070
chrX	141000000	141100000	0.0012084186717049414	81059
chrX	141100000	141200000	0.001269771005138765	81718
chrX	141200000	141300000	0.0011779000043424545	70325
chrX	141300000	141400000	0.0011459261350565686	79200
chrX	141400000	141500000	0.0009057893417973569	70039
chrX	141500000	141600000	0.0010671368777690868	72042
chrX	141600000	141700000	0.0014317152409023032	84230
chrX	141700000	141800000	0.001163262073240856	81333
chrX	141800000	141900000	0.0009392119229528695	72238
chrX	141900000	142000000	0.0008096833758665136	74115
chrX	142000000	142100000	0.0007417557230119767	79354
chrX	142100000	142200000	0.0008538186339401617	82860
chrX	142200000	142300000	0.0009899668674714112	85677
chrX	142300000	142400000	0.000760597249083173	83784
chrX	142400000	142500000	0.000917754942765655	82097
chrX	142500000	142600000	0.0011131759108342079	79563
chrX	142600000	142700000	0.0010466671795433347	74762
chrX	142700000	142800000	0.0008866556228355639	70084
chrX	142800000	142900000	0.001017827011568273	72483
chrX	142900000	143000000	0.0007014401988455392	83030
chrX	143000000	143100000	0.0005871271773990348	79689
chrX	143100000	143200000	0.0005569007542935097	50308
chrX	143200000	143300000	0.0005847285238039062	3317
chrX	143300000	143400000	0.0013359708454749669	83346
chrX	143400000	143500000	0.0009132219546916447	80611
chrX	143500000	143600000	0.001002085293501983	40018
chrX	143600000	143700000	0.0012082273969638549	85863
chrX	143700000	143800000	0.0011230798045034304	81404
chrX	143800000	143900000	0.0010824965562127996	84151
chrX	143900000	144000000	0.0008280995708152099	84696
chrX	144000000	144100000	0.0010907317902670028	86463
chrX	144100000	144200000	0.0007604189474960395	83878
chrX	144200000	144300000	0.0013012588165432495	85733
chrX	144300000	144400000	0.0009187659994609517	76908
chrX	144400000	144500000	0.00041410033971436464	76452
chrX	144500000	144600000	0.0008097818283706116	79929
chrX	144600000	144700000	0.0009268355837845667	87538
chrX	144700000	144800000	0.0006628047111631879	87024
chrX	144800000	144900000	0.0008327875744859788	82454
chrX	144900000	145000000	0.00080630012612587	75125
chrX	145000000	145100000	0.0008335057347733923	80131
chrX	145100000	145200000	0.000932267237567434	78751
chrX	145200000	145300000	0.0007971910428043105	83307
chrX	145300000	145400000	0.0011086869020488271	76426
chrX	145400000	145500000	0.0008274847994755533	81886
chrX	145500000	145600000	0.0010509600197236627	83363
chrX	145600000	145700000	0.0011299586963233116	88228
chrX	145700000	145800000	0.0007466490575655437	80064
chrX	145800000	145900000	0.0012445564079140367	62280
chrX	145900000	146000000	0.001259002205578867	72931
chrX	146000000	146100000	0.0009357814321302452	83332
chrX	146100000	146200000	0.0008604146091449924	84928
chrX	146200000	146300000	0.0006584364153829378	65998
chrX	146300000	146400000	0.0008436705863502689	70707
chrX	146400000	146500000	0.0009008965183590049	79162
chrX	146500000	146600000	0.0007886570807353557	82920
chrX	146600000	146700000	0.0009198938821068538	88267
chrX	146700000	146800000	0.0010120017995922557	83557
chrX	146800000	146900000	0.0005087274425126994	90871
chrX	146900000	147000000	0.0005062079128096166	68753
chrX	147000000	147100000	0.0005246975419953447	20925
chrX	147100000	147200000	0.0008971030199736943	77770
chrX	147200000	147300000	0.0006918081051081805	69302
chrX	147300000	147400000	0.0005403350815720349	76285
chrX	147400000	147500000	0.000728867418482418	72248
chrX	147500000	147600000	0.0006042092365250018	71667
chrX	147600000	147700000	0.0	NA
chrX	147700000	147800000	0.0	NA
chrX	147800000	147900000	0.0	NA
chrX	147900000	148000000	0.0	NA
chrX	148000000	148100000	0.0005741994306011918	16561
chrX	148100000	148200000	0.0006364145182750676	86056
chrX	148200000	148300000	0.0006228315763712111	74065
chrX	148300000	148400000	0.0007646624527922676	84756
chrX	148400000	148500000	0.0007163394671688679	79877
chrX	148500000	148600000	0.0008894406033539801	55149
chrX	148600000	148700000	0.0006515513761890575	12987
chrX	148700000	148800000	0.0005614959247320279	24016
chrX	148800000	148900000	0.0005586001515445203	32428
chrX	148900000	149000000	0.0003779452587306725	2418
chrX	149000000	149100000	0.000122505062990779	7879
chrX	149100000	149200000	0.00017249397963417732	11561
chrX	149200000	149300000	0.0003671993232808357	80591
chrX	149300000	149400000	0.0006246694115906332	80536
chrX	149400000	149500000	0.0005635045654212388	89618
chrX	149500000	149600000	0.0005439300672437241	27724
chrX	149600000	149700000	0.0013091058729730073	13685
chrX	149700000	149800000	0.0004998921208069531	31273
chrX	149800000	149900000	0.0007730348047048268	17578
chrX	149900000	150000000	0.0002447573949941579	1010
chrX	150000000	150100000	0.0005696161036743755	25319
chrX	150100000	150200000	0.000982802756177335	60222
chrX	150200000	150300000	0.0010153739785293391	75496
chrX	150300000	150400000	0.0009004017045978375	69505
chrX	150400000	150500000	0.0009189536124413118	78099
chrX	150500000	150600000	0.0007091927068932808	71549
chrX	150600000	150700000	0.0009065001346352289	78061
chrX	150700000	150800000	0.0005640768168069752	16602
chrX	150800000	150900000	0.0010982505609120133	38240
chrX	150900000	151000000	0.0008120610712645591	81420
chrX	151000000	151100000	0.0008141169785356108	77446
chrX	151100000	151200000	0.0008276730096786953	62385
chrX	151200000	151300000	0.0009626764870227863	64938
chrX	151300000	151400000	0.0007621140206532036	26120
chrX	151400000	151500000	0.0	NA
chrX	151500000	151600000	0.0	NA
chrX	151600000	151700000	0.0	NA
chrX	151700000	151800000	0.0	NA
chrX	151800000	151900000	0.0	NA
chrX	151900000	152000000	0.0	NA
chrX	152000000	152100000	0.0	NA
chrX	152100000	152200000	0.0	NA
chrX	152200000	152300000	0.0	NA
chrX	152300000	152400000	0.0	NA
chrX	152400000	152500000	0.0	NA
chrX	152500000	152600000	0.0	NA
chrX	152600000	152700000	0.0	NA
chrX	152700000	152800000	0.0	NA
chrX	152800000	152900000	0.0	NA
chrX	152900000	153000000	0.0	NA
chrX	153000000	153100000	0.0	NA
chrX	153100000	153200000	0.0	NA
chrX	153200000	153300000	0.0	NA
chrX	153300000	153400000	0.0	NA
chrX	153400000	153500000	0.0	NA
chrX	153500000	153600000	0.0	NA
chrX	153600000	153700000	0.0	NA
chrX	153700000	153800000	0.0	NA
chrX	153800000	153900000	0.0	NA
chrX	153900000	154000000	0.0	NA
chrX	154000000	154100000	0.0	NA
chrX	154100000	154200000	0.0	NA
chrX	154200000	154300000	0.0	NA
chrX	154300000	154400000	0.0	NA
chrX	154400000	154500000	0.0	NA
chrX	154500000	154600000	0.0	NA
chrX	154600000	154700000	0.0	NA
chrX	154700000	154800000	0.0	NA
chrX	154800000	154900000	0.0	NA
chrX	154900000	155000000	0.0	NA
chrX	155000000	155100000	0.0	NA
chrX	155100000	155200000	0.0006535929183916004	19719
chrX	155200000	155270560	0.0010049439917412587	12695
