chrX	0	100000	0.003442678011643528	1456
chrX	100000	200000	0.0018309461949424445	4965
chrX	200000	300000	0.0033941784168644417	2964
chrX	300000	400000	0.0014875465528913039	15533
chrX	400000	500000	0.0018329120425787766	29352
chrX	500000	600000	0.002198263718855392	30548
chrX	600000	700000	0.001799532979004091	32131
chrX	700000	800000	0.0017425784194384979	42139
chrX	800000	900000	0.0011559247314167507	28095
chrX	900000	1000000	0.0015439979327151053	33413
chrX	1000000	1100000	0.0015041700530206285	10800
chrX	1100000	1200000	0.0	NA
chrX	1200000	1300000	0.001580233521931004	14837
chrX	1300000	1400000	0.0008994357723707821	11710
chrX	1400000	1500000	0.0019946342261572374	3621
chrX	1500000	1600000	0.0010743502122812468	5994
chrX	1600000	1700000	0.0014013778717167653	13016
chrX	1700000	1800000	0.001906437806404252	15723
chrX	1800000	1900000	0.0012932203759771267	33177
chrX	1900000	2000000	0.0012275969314514586	42559
chrX	2000000	2100000	0.0015330462303017158	27331
chrX	2100000	2200000	0.002021067560569653	5654
chrX	2200000	2300000	0.0	NA
chrX	2300000	2400000	0.0	NA
chrX	2400000	2500000	0.0010050383859829693	45281
chrX	2500000	2600000	0.0009612108883388522	31936
chrX	2600000	2700000	0.0011190873666108525	9973
chrX	2700000	2800000	0.0009190983710618333	6527
chrX	2800000	2900000	0.0004391262788481143	22760
chrX	2900000	3000000	0.0001140697915477842	18211
chrX	3000000	3100000	0.0008886915499055553	41962
chrX	3100000	3200000	0.0011138760675638419	67756
chrX	3200000	3300000	0.0015306369379431194	40676
chrX	3300000	3400000	0.0008521805504564132	66600
chrX	3400000	3500000	0.0006621956201124855	62692
chrX	3500000	3600000	0.0005599132236132674	14266
chrX	3600000	3700000	0.0011292516967570851	32614
chrX	3700000	3800000	0.0009493118201186311	21192
chrX	3800000	3900000	0.0008392548944629236	25561
chrX	3900000	4000000	0.0009629328970010592	78839
chrX	4000000	4100000	0.0007136940824696604	79245
chrX	4100000	4200000	0.0010027935987417284	79718
chrX	4200000	4300000	0.0007240688718233077	84113
chrX	4300000	4400000	0.000491434970761348	79369
chrX	4400000	4500000	0.00037228489701604013	77637
chrX	4500000	4600000	0.0007076200588879836	75731
chrX	4600000	4700000	0.0006506576107590661	73578
chrX	4700000	4800000	0.0006856589915299126	76081
chrX	4800000	4900000	0.0005124892334194665	77400
chrX	4900000	5000000	0.0005710982302679205	79951
chrX	5000000	5100000	0.0009529647132066036	74083
chrX	5100000	5200000	0.0005714085603168457	78953
chrX	5200000	5300000	0.00022340648623285722	81913
chrX	5300000	5400000	0.00044208116675789074	80640
chrX	5400000	5500000	0.0009810056076570318	79923
chrX	5500000	5600000	0.0008374505798485473	82766
chrX	5600000	5700000	0.0012143549931656532	76600
chrX	5700000	5800000	0.0008550856193188614	79391
chrX	5800000	5900000	0.0003665196925751228	6848
chrX	5900000	6000000	0.0	NA
chrX	6000000	6100000	0.0	NA
chrX	6100000	6200000	0.000488182464746578	40080
chrX	6200000	6300000	0.0004273435044972646	79340
chrX	6300000	6400000	0.0002730791066100076	81858
chrX	6400000	6500000	0.0002759011658960255	76866
chrX	6500000	6600000	0.0003208985480967468	79199
chrX	6600000	6700000	0.0004895511571223264	80898
chrX	6700000	6800000	0.0007387368556234725	84914
chrX	6800000	6900000	0.0007983617289935356	73474
chrX	6900000	7000000	0.0004882821291475448	30759
chrX	7000000	7100000	0.0	NA
chrX	7100000	7200000	0.0	NA
chrX	7200000	7300000	0.00018728340178021592	22227
chrX	7300000	7400000	0.0003531171893800025	85565
chrX	7400000	7500000	0.0002920855034993319	79549
chrX	7500000	7600000	0.0004168001263429009	81085
chrX	7600000	7700000	0.0006887288680825047	39189
chrX	7700000	7800000	0.00021068237708618803	88353
chrX	7800000	7900000	0.0009109495072046847	55024
chrX	7900000	8000000	0.00025027005854845214	79564
chrX	8000000	8100000	0.00039014277818647355	84815
chrX	8100000	8200000	0.0003907964126197291	69704
chrX	8200000	8300000	0.0006978670435726686	83886
chrX	8300000	8400000	0.0007121252016354116	84731
chrX	8400000	8500000	0.0008509823690748513	60611
chrX	8500000	8600000	0.0	NA
chrX	8600000	8700000	0.0	NA
chrX	8700000	8800000	0.0002898188880948915	64184
chrX	8800000	8900000	0.0004891468723942535	92359
chrX	8900000	9000000	0.0005229643054267433	64487
chrX	9000000	9100000	0.0005428042728028502	81408
chrX	9100000	9200000	0.00023345518798668767	86934
chrX	9200000	9300000	0.0005803357406614823	81300
chrX	9300000	9400000	0.0005412286986013363	65299
chrX	9400000	9500000	0.0005185132636973134	22404
chrX	9500000	9600000	0.0	NA
chrX	9600000	9700000	0.0006562109389312378	5219
chrX	9700000	9800000	0.00043372001464739345	11848
chrX	9800000	9900000	0.0	NA
chrX	9900000	10000000	0.0004147929857298536	44001
chrX	10000000	10100000	0.0	NA
chrX	10100000	10200000	0.0008973123250126218	8765
chrX	10200000	10300000	0.0006565037449733413	29283
chrX	10300000	10400000	0.0	NA
chrX	10400000	10500000	0.0	NA
chrX	10500000	10600000	0.0	NA
chrX	10600000	10700000	0.0	NA
chrX	10700000	10800000	0.0	NA
chrX	10800000	10900000	0.0	NA
chrX	10900000	11000000	0.0	NA
chrX	11000000	11100000	0.0	NA
chrX	11100000	11200000	0.0	NA
chrX	11200000	11300000	0.0	NA
chrX	11300000	11400000	0.0	NA
chrX	11400000	11500000	0.0	NA
chrX	11500000	11600000	0.0	NA
chrX	11600000	11700000	0.0	NA
chrX	11700000	11800000	0.0	NA
chrX	11800000	11900000	0.0	NA
chrX	11900000	12000000	0.0	NA
chrX	12000000	12100000	0.0	NA
chrX	12100000	12200000	0.0	NA
chrX	12200000	12300000	0.0	NA
chrX	12300000	12400000	0.0	NA
chrX	12400000	12500000	0.0	NA
chrX	12500000	12600000	0.0	NA
chrX	12600000	12700000	0.0	NA
chrX	12700000	12800000	0.0005209992089369736	43811
chrX	12800000	12900000	0.0010019218099881209	25947
chrX	12900000	13000000	0.000624378181073672	35930
chrX	13000000	13100000	0.000472801457697117	74039
chrX	13100000	13200000	0.00025515722756844206	80230
chrX	13200000	13300000	0.00040142203067501566	83862
chrX	13300000	13400000	0.00029947013621105814	73450
chrX	13400000	13500000	0.0006796650960564609	78761
chrX	13500000	13600000	0.0007733318099138838	74737
chrX	13600000	13700000	0.0005269086227590536	22874
chrX	13700000	13800000	0.0004011185489995759	9371
chrX	13800000	13900000	0.0	NA
chrX	13900000	14000000	0.0004535725474806408	29364
chrX	14000000	14100000	0.00047120391641191733	65754
chrX	14100000	14200000	0.0006286473149731299	79481
chrX	14200000	14300000	0.0002825524619638664	74794
chrX	14300000	14400000	0.0005095898296870866	79874
chrX	14400000	14500000	0.0001101404763510327	80841
chrX	14500000	14600000	0.00019472230259061544	42635
chrX	14600000	14700000	0.0	NA
chrX	14700000	14800000	0.00029051420243451307	38657
chrX	14800000	14900000	0.0003132792194319643	48752
chrX	14900000	15000000	0.0005995942474816745	42771
chrX	15000000	15100000	0.0004545122480531699	80872
chrX	15100000	15200000	0.00039784933443099297	82204
chrX	15200000	15300000	0.0006696531591777849	58956
chrX	15300000	15400000	0.0004812586153147734	11373
chrX	15400000	15500000	0.0	NA
chrX	15500000	15600000	0.0002512203347106452	10123
chrX	15600000	15700000	0.0005204761302322276	13653
chrX	15700000	15800000	0.00024746578414129995	23510
chrX	15800000	15900000	0.00026515832435319777	26088
chrX	15900000	16000000	0.0003888704893098963	81552
chrX	16000000	16100000	0.0001761384972329402	82768
chrX	16100000	16200000	0.0003978930635255314	53837
chrX	16200000	16300000	0.0004925272066648649	72067
chrX	16300000	16400000	0.0004558056581727565	72354
chrX	16400000	16500000	0.00033861739026056127	84033
chrX	16500000	16600000	0.00037563128992792614	70365
chrX	16600000	16700000	3.725711394265175e-05	3618
chrX	16700000	16800000	0.00034332766771694346	12512
chrX	16800000	16900000	0.00031100356742587264	11521
chrX	16900000	17000000	0.000559624359168691	32283
chrX	17000000	17100000	0.0	NA
chrX	17100000	17200000	0.0	NA
chrX	17200000	17300000	0.0	NA
chrX	17300000	17400000	0.0	NA
chrX	17400000	17500000	0.0	NA
chrX	17500000	17600000	0.0	NA
chrX	17600000	17700000	0.0	NA
chrX	17700000	17800000	0.0	NA
chrX	17800000	17900000	0.0	NA
chrX	17900000	18000000	0.0	NA
chrX	18000000	18100000	0.0	NA
chrX	18100000	18200000	0.0	NA
chrX	18200000	18300000	0.0	NA
chrX	18300000	18400000	0.0	NA
chrX	18400000	18500000	0.0	NA
chrX	18500000	18600000	0.0	NA
chrX	18600000	18700000	0.0	NA
chrX	18700000	18800000	0.0	NA
chrX	18800000	18900000	0.00022847615311272896	32737
chrX	18900000	19000000	0.00013459050985170997	7954
chrX	19000000	19100000	6.575252880671595e-05	4116
chrX	19100000	19200000	0.0004554511870305523	39110
chrX	19200000	19300000	0.00042972896077363094	73116
chrX	19300000	19400000	0.00010514863128878702	2790
chrX	19400000	19500000	0.0	NA
chrX	19500000	19600000	0.0	NA
chrX	19600000	19700000	0.0	NA
chrX	19700000	19800000	0.0	NA
chrX	19800000	19900000	0.0	NA
chrX	19900000	20000000	0.0	NA
chrX	20000000	20100000	0.0	NA
chrX	20100000	20200000	0.0	NA
chrX	20200000	20300000	0.0	NA
chrX	20300000	20400000	0.0	NA
chrX	20400000	20500000	0.0	NA
chrX	20500000	20600000	0.0	NA
chrX	20600000	20700000	0.0	NA
chrX	20700000	20800000	0.0	NA
chrX	20800000	20900000	0.0	NA
chrX	20900000	21000000	0.0	NA
chrX	21000000	21100000	0.0	NA
chrX	21100000	21200000	0.0	NA
chrX	21200000	21300000	0.0	NA
chrX	21300000	21400000	0.0	NA
chrX	21400000	21500000	0.0	NA
chrX	21500000	21600000	0.0	NA
chrX	21600000	21700000	0.0	NA
chrX	21700000	21800000	0.0	NA
chrX	21800000	21900000	0.0	NA
chrX	21900000	22000000	0.0	NA
chrX	22000000	22100000	0.0	NA
chrX	22100000	22200000	0.0	NA
chrX	22200000	22300000	0.0	NA
chrX	22300000	22400000	0.0	NA
chrX	22400000	22500000	0.0	NA
chrX	22500000	22600000	0.0	NA
chrX	22600000	22700000	0.0	NA
chrX	22700000	22800000	0.0	NA
chrX	22800000	22900000	0.0	NA
chrX	22900000	23000000	0.0	NA
chrX	23000000	23100000	0.0	NA
chrX	23100000	23200000	0.0	NA
chrX	23200000	23300000	0.0	NA
chrX	23300000	23400000	0.0004881029974918681	38178
chrX	23400000	23500000	0.0005596226323856474	60203
chrX	23500000	23600000	0.0004776341968783857	72295
chrX	23600000	23700000	0.0008361142689500911	61975
chrX	23700000	23800000	0.000886231931340604	25799
chrX	23800000	23900000	0.0004896297999746277	25641
chrX	23900000	24000000	0.00041016783246448484	23844
chrX	24000000	24100000	0.00029195003807803337	10384
chrX	24100000	24200000	0.0005318857861860319	32863
chrX	24200000	24300000	0.0008005854869387502	44739
chrX	24300000	24400000	0.0003493994011423167	68865
chrX	24400000	24500000	0.0006753824262797151	63323
chrX	24500000	24600000	0.0005238246066754547	6730
chrX	24600000	24700000	0.000120526751435314	7120
chrX	24700000	24800000	8.449552005748183e-05	8397
chrX	24800000	24900000	0.0	NA
chrX	24900000	25000000	0.0	NA
chrX	25000000	25100000	0.0003869726746711073	56512
chrX	25100000	25200000	0.0002537881185725716	78985
chrX	25200000	25300000	0.0003406895049778459	85156
chrX	25300000	25400000	0.00023507117444481742	65743
chrX	25400000	25500000	0.00031377526124276665	80410
chrX	25500000	25600000	0.0005469315697278997	86307
chrX	25600000	25700000	0.0006343196974009214	91717
chrX	25700000	25800000	0.0007852398688431541	79346
chrX	25800000	25900000	0.00046081041659914063	84625
chrX	25900000	26000000	0.0005727612611541332	75396
chrX	26000000	26100000	0.0005262034442687488	81360
chrX	26100000	26200000	0.0005969574860775795	73080
chrX	26200000	26300000	0.0006988319416218426	74608
chrX	26300000	26400000	0.000567586000020099	71017
chrX	26400000	26500000	0.0005053716682832163	84539
chrX	26500000	26600000	0.0005677730980775204	75100
chrX	26600000	26700000	0.00047623379677208034	85836
chrX	26700000	26800000	0.0005366598255505775	81441
chrX	26800000	26900000	0.0006552731541215518	85563
chrX	26900000	27000000	0.0007140236459780849	86586
chrX	27000000	27100000	0.0005450432913151943	78634
chrX	27100000	27200000	0.0005185256552986716	75843
chrX	27200000	27300000	0.0004188636404215506	81114
chrX	27300000	27400000	0.0005265446741479793	74297
chrX	27400000	27500000	0.000686765098174655	78903
chrX	27500000	27600000	0.00045146672118969724	75188
chrX	27600000	27700000	0.0003184283790447594	82222
chrX	27700000	27800000	0.0004080911220415935	81185
chrX	27800000	27900000	0.0002134840110491844	75740
chrX	27900000	28000000	0.00016533502143798207	83629
chrX	28000000	28100000	0.0004335078474801325	87563
chrX	28100000	28200000	0.0003207909489874684	80671
chrX	28200000	28300000	0.00044758047548559837	83213
chrX	28300000	28400000	0.0003001354252705773	81454
chrX	28400000	28500000	0.0005837874688752997	74206
chrX	28500000	28600000	0.0004571201676078278	79862
chrX	28600000	28700000	0.0002846552139692988	5532
chrX	28700000	28800000	0.0	NA
chrX	28800000	28900000	0.0	NA
chrX	28900000	29000000	0.0	NA
chrX	29000000	29100000	0.0	NA
chrX	29100000	29200000	0.0	NA
chrX	29200000	29300000	0.0	NA
chrX	29300000	29400000	0.0	NA
chrX	29400000	29500000	0.0	NA
chrX	29500000	29600000	0.0	NA
chrX	29600000	29700000	0.0	NA
chrX	29700000	29800000	0.0	NA
chrX	29800000	29900000	0.0	NA
chrX	29900000	30000000	7.66347788869738e-05	17886
chrX	30000000	30100000	0.00013852355769509308	75211
chrX	30100000	30200000	0.0003202561269975894	82088
chrX	30200000	30300000	0.00041215578635048813	68485
chrX	30300000	30400000	0.0004555820278195702	77006
chrX	30400000	30500000	0.0003943172053512478	81302
chrX	30500000	30600000	0.00035458368791702136	61425
chrX	30600000	30700000	0.00030847615408556925	46509
chrX	30700000	30800000	0.0004281539230139614	29646
chrX	30800000	30900000	0.0002131057712551841	20458
chrX	30900000	31000000	0.0006536286992933126	81314
chrX	31000000	31100000	0.0003319404775531167	79204
chrX	31100000	31200000	0.00032679565753084195	32605
chrX	31200000	31300000	0.0	NA
chrX	31300000	31400000	0.0	NA
chrX	31400000	31500000	0.0	NA
chrX	31500000	31600000	0.0	NA
chrX	31600000	31700000	0.0	NA
chrX	31700000	31800000	0.0	NA
chrX	31800000	31900000	0.0	NA
chrX	31900000	32000000	0.0	NA
chrX	32000000	32100000	0.0	NA
chrX	32100000	32200000	0.0	NA
chrX	32200000	32300000	0.0	NA
chrX	32300000	32400000	0.0	NA
chrX	32400000	32500000	0.0	NA
chrX	32500000	32600000	0.0	NA
chrX	32600000	32700000	0.0	NA
chrX	32700000	32800000	0.0	NA
chrX	32800000	32900000	0.0	NA
chrX	32900000	33000000	0.0	NA
chrX	33000000	33100000	0.0	NA
chrX	33100000	33200000	0.0	NA
chrX	33200000	33300000	0.0	NA
chrX	33300000	33400000	0.0003767901201286783	32560
chrX	33400000	33500000	0.00021992548112611905	84705
chrX	33500000	33600000	0.0005699878567173872	81055
chrX	33600000	33700000	0.0006341256012486636	84563
chrX	33700000	33800000	0.00048613035529231324	84785
chrX	33800000	33900000	0.0006285477085382868	85057
chrX	33900000	34000000	0.0007042066571105231	84549
chrX	34000000	34100000	0.000568297752540825	91089
chrX	34100000	34200000	0.0007093286314813963	76290
chrX	34200000	34300000	0.0006443720721710232	83539
chrX	34300000	34400000	0.000783166534021635	84866
chrX	34400000	34500000	0.0007794462003262884	74386
chrX	34500000	34600000	0.0005239267323558881	83698
chrX	34600000	34700000	0.00038548623624197573	62606
chrX	34700000	34800000	0.0005305857246690116	85644
chrX	34800000	34900000	0.0006306885594399926	79295
chrX	34900000	35000000	0.0005363320437724767	85031
chrX	35000000	35100000	0.000686802997417095	84520
chrX	35100000	35200000	0.00032787482632105203	83989
chrX	35200000	35300000	0.00038454277554940213	82838
chrX	35300000	35400000	0.0005653985295479528	83294
chrX	35400000	35500000	0.0004396260847898343	83693
chrX	35500000	35600000	0.0004235431813088878	79453
chrX	35600000	35700000	0.0005540478937122685	72509
chrX	35700000	35800000	0.00024203932130796417	87814
chrX	35800000	35900000	0.0007232549337157804	79834
chrX	35900000	36000000	0.0002751196693964521	28989
chrX	36000000	36100000	0.0	NA
chrX	36100000	36200000	0.0	NA
chrX	36200000	36300000	0.0	NA
chrX	36300000	36400000	0.0	NA
chrX	36400000	36500000	0.00041243885059545675	31231
chrX	36500000	36600000	0.0001509754476013284	87048
chrX	36600000	36700000	0.00047436981468005577	84166
chrX	36700000	36800000	0.0005122769977858151	83505
chrX	36800000	36900000	0.0005280368754066291	90691
chrX	36900000	37000000	0.00033922549970714623	78143
chrX	37000000	37100000	0.00035480248728887644	51870
chrX	37100000	37200000	0.00036570189183433345	38644
chrX	37200000	37300000	0.0006373004587070356	8119
chrX	37300000	37400000	0.00042171480281832203	41133
chrX	37400000	37500000	0.00019369919720968413	13968
chrX	37500000	37600000	0.00021999666221536143	15052
chrX	37600000	37700000	0.0003771418704000444	49342
chrX	37700000	37800000	0.0002938262643556728	78306
chrX	37800000	37900000	0.0006765889484787539	53127
chrX	37900000	38000000	0.0005434388965562332	11123
chrX	38000000	38100000	0.00039162653736674546	25187
chrX	38100000	38200000	0.0005932832178719841	33111
chrX	38200000	38300000	0.0010002450774188605	25710
chrX	38300000	38400000	0.00039306197605936365	39860
chrX	38400000	38500000	0.0	NA
chrX	38500000	38600000	0.0	NA
chrX	38600000	38700000	0.0	NA
chrX	38700000	38800000	0.0	NA
chrX	38800000	38900000	0.0	NA
chrX	38900000	39000000	0.0	NA
chrX	39000000	39100000	0.0	NA
chrX	39100000	39200000	0.0	NA
chrX	39200000	39300000	0.0	NA
chrX	39300000	39400000	0.0	NA
chrX	39400000	39500000	0.0	NA
chrX	39500000	39600000	0.0	NA
chrX	39600000	39700000	0.0	NA
chrX	39700000	39800000	0.0	NA
chrX	39800000	39900000	0.0	NA
chrX	39900000	40000000	0.0	NA
chrX	40000000	40100000	0.0	NA
chrX	40100000	40200000	0.0	NA
chrX	40200000	40300000	0.0	NA
chrX	40300000	40400000	0.0	NA
chrX	40400000	40500000	0.0	NA
chrX	40500000	40600000	0.0	NA
chrX	40600000	40700000	0.0	NA
chrX	40700000	40800000	0.0	NA
chrX	40800000	40900000	0.0	NA
chrX	40900000	41000000	0.0	NA
chrX	41000000	41100000	0.0	NA
chrX	41100000	41200000	0.0	NA
chrX	41200000	41300000	0.0008279371552091517	12017
chrX	41300000	41400000	0.0005597394939359259	25399
chrX	41400000	41500000	0.0	NA
chrX	41500000	41600000	0.0	NA
chrX	41600000	41700000	0.0	NA
chrX	41700000	41800000	8.76747030179037e-05	14731
chrX	41800000	41900000	0.000272667920149547	80598
chrX	41900000	42000000	0.0005142217679965172	88976
chrX	42000000	42100000	0.0003386185600239442	79880
chrX	42100000	42200000	0.0002465441182758054	79572
chrX	42200000	42300000	0.00010101449810281975	80006
chrX	42300000	42400000	0.00013416760907133656	83348
chrX	42400000	42500000	0.00016243535065329955	81275
chrX	42500000	42600000	0.0005356531892233802	79932
chrX	42600000	42700000	0.0005127042047603827	81058
chrX	42700000	42800000	0.0004803799750150802	79569
chrX	42800000	42900000	0.0006904568051752424	84428
chrX	42900000	43000000	0.0005456629848222887	89394
chrX	43000000	43100000	0.00031036764718948086	44692
chrX	43100000	43200000	0.00022535984381857188	76557
chrX	43200000	43300000	0.0002322916816360634	86165
chrX	43300000	43400000	0.00034119475812676965	85402
chrX	43400000	43500000	0.00044327278436007497	77829
chrX	43500000	43600000	0.00047216103250586006	9768
chrX	43600000	43700000	0.0006208755313475988	17236
chrX	43700000	43800000	7.40287886860585e-05	48087
chrX	43800000	43900000	0.0002968611038593526	61576
chrX	43900000	44000000	0.0003524837007949592	82612
chrX	44000000	44100000	0.00024605355384410294	6075
chrX	44100000	44200000	0.0	NA
chrX	44200000	44300000	0.0006344460467799377	68152
chrX	44300000	44400000	0.00047122883291541244	50725
chrX	44400000	44500000	0.0006638925462806056	45746
chrX	44500000	44600000	0.0003925668403622538	61365
chrX	44600000	44700000	0.0005119957345856782	47804
chrX	44700000	44800000	0.00035600476734646354	18821
chrX	44800000	44900000	0.0	NA
chrX	44900000	45000000	0.00025094450907770167	21963
chrX	45000000	45100000	0.0007553362721611726	38914
chrX	45100000	45200000	0.0003804459882206748	85322
chrX	45200000	45300000	0.00027884020989166636	85326
chrX	45300000	45400000	0.0003233208246311843	61223
chrX	45400000	45500000	0.00015961064780545522	84098
chrX	45500000	45600000	0.0005600300764272716	76303
chrX	45600000	45700000	0.00048368650909485795	84474
chrX	45700000	45800000	0.0003313188150010401	74446
chrX	45800000	45900000	0.00042270702253927825	78444
chrX	45900000	46000000	0.00018778478970681104	21486
chrX	46000000	46100000	0.0	NA
chrX	46100000	46200000	0.0	NA
chrX	46200000	46300000	0.0	NA
chrX	46300000	46400000	0.0	NA
chrX	46400000	46500000	0.0	NA
chrX	46500000	46600000	0.0	NA
chrX	46600000	46700000	0.0	NA
chrX	46700000	46800000	0.0	NA
chrX	46800000	46900000	0.0	NA
chrX	46900000	47000000	0.0	NA
chrX	47000000	47100000	0.0	NA
chrX	47100000	47200000	0.0	NA
chrX	47200000	47300000	0.0	NA
chrX	47300000	47400000	0.0	NA
chrX	47400000	47500000	0.0	NA
chrX	47500000	47600000	0.0	NA
chrX	47600000	47700000	0.0	NA
chrX	47700000	47800000	0.0	NA
chrX	47800000	47900000	0.0	NA
chrX	47900000	48000000	0.0	NA
chrX	48000000	48100000	0.0	NA
chrX	48100000	48200000	0.0	NA
chrX	48200000	48300000	0.0	NA
chrX	48300000	48400000	0.0	NA
chrX	48400000	48500000	0.0	NA
chrX	48500000	48600000	0.0	NA
chrX	48600000	48700000	0.0	NA
chrX	48700000	48800000	0.0	NA
chrX	48800000	48900000	0.0	NA
chrX	48900000	49000000	0.0	NA
chrX	49000000	49100000	0.0	NA
chrX	49100000	49200000	0.0	NA
chrX	49200000	49300000	0.0	NA
chrX	49300000	49400000	0.0	NA
chrX	49400000	49500000	0.0	NA
chrX	49500000	49600000	0.0	NA
chrX	49600000	49700000	0.0	NA
chrX	49700000	49800000	0.0	NA
chrX	49800000	49900000	0.0	NA
chrX	49900000	50000000	0.0	NA
chrX	50000000	50100000	0.0	NA
chrX	50100000	50200000	0.0	NA
chrX	50200000	50300000	0.0	NA
chrX	50300000	50400000	0.0	NA
chrX	50400000	50500000	0.0	NA
chrX	50500000	50600000	0.0	NA
chrX	50600000	50700000	0.0	NA
chrX	50700000	50800000	0.0	NA
chrX	50800000	50900000	0.0	NA
chrX	50900000	51000000	0.0	NA
chrX	51000000	51100000	0.0	NA
chrX	51100000	51200000	0.0	NA
chrX	51200000	51300000	0.0	NA
chrX	51300000	51400000	0.0	NA
chrX	51400000	51500000	0.0	NA
chrX	51500000	51600000	0.0	NA
chrX	51600000	51700000	0.0	NA
chrX	51700000	51800000	0.0	NA
chrX	51800000	51900000	0.0	NA
chrX	51900000	52000000	0.0	NA
chrX	52000000	52100000	0.0	NA
chrX	52100000	52200000	0.0	NA
chrX	52200000	52300000	0.0	NA
chrX	52300000	52400000	0.0	NA
chrX	52400000	52500000	0.0	NA
chrX	52500000	52600000	0.0	NA
chrX	52600000	52700000	0.0	NA
chrX	52700000	52800000	0.0	NA
chrX	52800000	52900000	0.0	NA
chrX	52900000	53000000	0.0	NA
chrX	53000000	53100000	0.0	NA
chrX	53100000	53200000	0.0	NA
chrX	53200000	53300000	0.0	NA
chrX	53300000	53400000	0.0	NA
chrX	53400000	53500000	0.0	NA
chrX	53500000	53600000	0.0	NA
chrX	53600000	53700000	0.0	NA
chrX	53700000	53800000	0.0	NA
chrX	53800000	53900000	0.0	NA
chrX	53900000	54000000	0.0	NA
chrX	54000000	54100000	0.0	NA
chrX	54100000	54200000	0.0	NA
chrX	54200000	54300000	0.0	NA
chrX	54300000	54400000	0.0	NA
chrX	54400000	54500000	0.0	NA
chrX	54500000	54600000	0.0	NA
chrX	54600000	54700000	0.0	NA
chrX	54700000	54800000	0.0	NA
chrX	54800000	54900000	0.0	NA
chrX	54900000	55000000	0.0	NA
chrX	55000000	55100000	0.0	NA
chrX	55100000	55200000	0.0	NA
chrX	55200000	55300000	0.0	NA
chrX	55300000	55400000	0.0	NA
chrX	55400000	55500000	0.0	NA
chrX	55500000	55600000	0.0	NA
chrX	55600000	55700000	0.0	NA
chrX	55700000	55800000	0.0	NA
chrX	55800000	55900000	0.0	NA
chrX	55900000	56000000	0.0	NA
chrX	56000000	56100000	0.0	NA
chrX	56100000	56200000	0.0	NA
chrX	56200000	56300000	0.0	NA
chrX	56300000	56400000	0.0	NA
chrX	56400000	56500000	0.0	NA
chrX	56500000	56600000	0.0	NA
chrX	56600000	56700000	0.0	NA
chrX	56700000	56800000	0.0	NA
chrX	56800000	56900000	0.0	NA
chrX	56900000	57000000	0.0	NA
chrX	57000000	57100000	0.0	NA
chrX	57100000	57200000	0.0	NA
chrX	57200000	57300000	0.0	NA
chrX	57300000	57400000	0.0	NA
chrX	57400000	57500000	0.0	NA
chrX	57500000	57600000	0.0	NA
chrX	57600000	57700000	0.0	NA
chrX	57700000	57800000	0.0	NA
chrX	57800000	57900000	0.0	NA
chrX	57900000	58000000	0.0	NA
chrX	58000000	58100000	0.0	NA
chrX	58100000	58200000	0.0	NA
chrX	58200000	58300000	0.0	NA
chrX	58300000	58400000	0.0	NA
chrX	58400000	58500000	0.0	NA
chrX	58500000	58600000	0.0	NA
chrX	58600000	58700000	0.0	NA
chrX	58700000	58800000	0.0	NA
chrX	58800000	58900000	0.0	NA
chrX	58900000	59000000	0.0	NA
chrX	59000000	59100000	0.0	NA
chrX	59100000	59200000	0.0	NA
chrX	59200000	59300000	0.0	NA
chrX	59300000	59400000	0.0	NA
chrX	59400000	59500000	0.0	NA
chrX	59500000	59600000	0.0	NA
chrX	59600000	59700000	0.0	NA
chrX	59700000	59800000	0.0	NA
chrX	59800000	59900000	0.0	NA
chrX	59900000	60000000	0.0	NA
chrX	60000000	60100000	0.0	NA
chrX	60100000	60200000	0.0	NA
chrX	60200000	60300000	0.0	NA
chrX	60300000	60400000	0.0	NA
chrX	60400000	60500000	0.0	NA
chrX	60500000	60600000	0.0	NA
chrX	60600000	60700000	0.0	NA
chrX	60700000	60800000	0.0	NA
chrX	60800000	60900000	0.0	NA
chrX	60900000	61000000	0.0	NA
chrX	61000000	61100000	0.0	NA
chrX	61100000	61200000	0.0	NA
chrX	61200000	61300000	0.0	NA
chrX	61300000	61400000	0.0	NA
chrX	61400000	61500000	0.0	NA
chrX	61500000	61600000	0.0	NA
chrX	61600000	61700000	0.0	NA
chrX	61700000	61800000	0.0	NA
chrX	61800000	61900000	0.0	NA
chrX	61900000	62000000	0.0	NA
chrX	62000000	62100000	0.0	NA
chrX	62100000	62200000	0.0	NA
chrX	62200000	62300000	0.0	NA
chrX	62300000	62400000	0.0	NA
chrX	62400000	62500000	0.0	NA
chrX	62500000	62600000	0.0	NA
chrX	62600000	62700000	0.0	NA
chrX	62700000	62800000	0.0	NA
chrX	62800000	62900000	0.0	NA
chrX	62900000	63000000	0.0	NA
chrX	63000000	63100000	0.0	NA
chrX	63100000	63200000	0.0	NA
chrX	63200000	63300000	0.0	NA
chrX	63300000	63400000	0.0	NA
chrX	63400000	63500000	0.0	NA
chrX	63500000	63600000	0.0	NA
chrX	63600000	63700000	0.0	NA
chrX	63700000	63800000	0.0	NA
chrX	63800000	63900000	0.0	NA
chrX	63900000	64000000	0.0	NA
chrX	64000000	64100000	0.0	NA
chrX	64100000	64200000	0.0	NA
chrX	64200000	64300000	0.0	NA
chrX	64300000	64400000	0.0	NA
chrX	64400000	64500000	0.0	NA
chrX	64500000	64600000	0.0	NA
chrX	64600000	64700000	0.0	NA
chrX	64700000	64800000	0.0	NA
chrX	64800000	64900000	0.0	NA
chrX	64900000	65000000	0.0	NA
chrX	65000000	65100000	0.0	NA
chrX	65100000	65200000	0.0	NA
chrX	65200000	65300000	0.0	NA
chrX	65300000	65400000	0.0	NA
chrX	65400000	65500000	0.0	NA
chrX	65500000	65600000	0.0	NA
chrX	65600000	65700000	0.0	NA
chrX	65700000	65800000	0.0	NA
chrX	65800000	65900000	0.0	NA
chrX	65900000	66000000	0.0	NA
chrX	66000000	66100000	0.0	NA
chrX	66100000	66200000	0.0	NA
chrX	66200000	66300000	0.0	NA
chrX	66300000	66400000	0.0	NA
chrX	66400000	66500000	0.0	NA
chrX	66500000	66600000	0.0	NA
chrX	66600000	66700000	0.0	NA
chrX	66700000	66800000	0.0	NA
chrX	66800000	66900000	0.0	NA
chrX	66900000	67000000	0.0	NA
chrX	67000000	67100000	0.0	NA
chrX	67100000	67200000	0.0	NA
chrX	67200000	67300000	0.0	NA
chrX	67300000	67400000	0.0	NA
chrX	67400000	67500000	0.0	NA
chrX	67500000	67600000	0.0	NA
chrX	67600000	67700000	0.0	NA
chrX	67700000	67800000	0.0	NA
chrX	67800000	67900000	0.0	NA
chrX	67900000	68000000	0.0	NA
chrX	68000000	68100000	0.0	NA
chrX	68100000	68200000	0.0	NA
chrX	68200000	68300000	0.0	NA
chrX	68300000	68400000	0.0	NA
chrX	68400000	68500000	0.0	NA
chrX	68500000	68600000	0.0	NA
chrX	68600000	68700000	0.0	NA
chrX	68700000	68800000	0.0	NA
chrX	68800000	68900000	0.0	NA
chrX	68900000	69000000	0.0	NA
chrX	69000000	69100000	0.0	NA
chrX	69100000	69200000	0.0	NA
chrX	69200000	69300000	0.0	NA
chrX	69300000	69400000	0.0	NA
chrX	69400000	69500000	0.0	NA
chrX	69500000	69600000	0.0	NA
chrX	69600000	69700000	0.0	NA
chrX	69700000	69800000	0.0	NA
chrX	69800000	69900000	0.0	NA
chrX	69900000	70000000	0.0	NA
chrX	70000000	70100000	0.0	NA
chrX	70100000	70200000	0.0	NA
chrX	70200000	70300000	0.0	NA
chrX	70300000	70400000	0.0	NA
chrX	70400000	70500000	0.0	NA
chrX	70500000	70600000	0.0	NA
chrX	70600000	70700000	0.0	NA
chrX	70700000	70800000	0.0	NA
chrX	70800000	70900000	0.0	NA
chrX	70900000	71000000	0.0	NA
chrX	71000000	71100000	0.0	NA
chrX	71100000	71200000	0.0	NA
chrX	71200000	71300000	0.0	NA
chrX	71300000	71400000	0.0	NA
chrX	71400000	71500000	0.0	NA
chrX	71500000	71600000	0.0	NA
chrX	71600000	71700000	0.0	NA
chrX	71700000	71800000	0.0	NA
chrX	71800000	71900000	0.0	NA
chrX	71900000	72000000	0.0	NA
chrX	72000000	72100000	0.0	NA
chrX	72100000	72200000	0.0	NA
chrX	72200000	72300000	0.0	NA
chrX	72300000	72400000	0.0	NA
chrX	72400000	72500000	0.0	NA
chrX	72500000	72600000	0.0	NA
chrX	72600000	72700000	0.0	NA
chrX	72700000	72800000	0.0	NA
chrX	72800000	72900000	0.0	NA
chrX	72900000	73000000	0.0	NA
chrX	73000000	73100000	0.0	NA
chrX	73100000	73200000	0.0	NA
chrX	73200000	73300000	0.0	NA
chrX	73300000	73400000	0.0	NA
chrX	73400000	73500000	0.0	NA
chrX	73500000	73600000	0.0	NA
chrX	73600000	73700000	0.0	NA
chrX	73700000	73800000	0.0	NA
chrX	73800000	73900000	0.0	NA
chrX	73900000	74000000	0.0	NA
chrX	74000000	74100000	0.0	NA
chrX	74100000	74200000	0.0	NA
chrX	74200000	74300000	0.0	NA
chrX	74300000	74400000	0.0	NA
chrX	74400000	74500000	0.0	NA
chrX	74500000	74600000	0.0	NA
chrX	74600000	74700000	0.0	NA
chrX	74700000	74800000	0.0	NA
chrX	74800000	74900000	0.0	NA
chrX	74900000	75000000	0.0	NA
chrX	75000000	75100000	0.0	NA
chrX	75100000	75200000	0.0	NA
chrX	75200000	75300000	0.0	NA
chrX	75300000	75400000	0.0	NA
chrX	75400000	75500000	0.0	NA
chrX	75500000	75600000	0.0	NA
chrX	75600000	75700000	0.0	NA
chrX	75700000	75800000	0.0	NA
chrX	75800000	75900000	0.0	NA
chrX	75900000	76000000	0.0	NA
chrX	76000000	76100000	0.0	NA
chrX	76100000	76200000	0.0	NA
chrX	76200000	76300000	0.0	NA
chrX	76300000	76400000	0.0	NA
chrX	76400000	76500000	0.0	NA
chrX	76500000	76600000	0.0	NA
chrX	76600000	76700000	0.0	NA
chrX	76700000	76800000	0.0	NA
chrX	76800000	76900000	0.0	NA
chrX	76900000	77000000	0.0	NA
chrX	77000000	77100000	0.0	NA
chrX	77100000	77200000	0.0	NA
chrX	77200000	77300000	0.0	NA
chrX	77300000	77400000	0.0	NA
chrX	77400000	77500000	0.0	NA
chrX	77500000	77600000	0.0	NA
chrX	77600000	77700000	0.0	NA
chrX	77700000	77800000	0.0	NA
chrX	77800000	77900000	0.0	NA
chrX	77900000	78000000	0.00046156116779616046	37998
chrX	78000000	78100000	0.0005493610231299704	69973
chrX	78100000	78200000	0.0002970513566284734	76470
chrX	78200000	78300000	0.000460904494944579	56319
chrX	78300000	78400000	0.0006188688195668721	79018
chrX	78400000	78500000	0.0009002155218270347	76906
chrX	78500000	78600000	0.0008846771738222604	80798
chrX	78600000	78700000	0.0009102067826896047	72185
chrX	78700000	78800000	0.0006779624876139169	72233
chrX	78800000	78900000	0.0008362965379145039	85322
chrX	78900000	79000000	0.0008171787991089458	71153
chrX	79000000	79100000	0.0008261134319213155	74574
chrX	79100000	79200000	0.0014703943359215025	68742
chrX	79200000	79300000	0.001595852616506982	57453
chrX	79300000	79400000	0.0006612160714564519	71543
chrX	79400000	79500000	0.0007182859389438329	56673
chrX	79500000	79600000	0.0	185
chrX	79600000	79700000	0.0	NA
chrX	79700000	79800000	0.0003135023858491852	70979
chrX	79800000	79900000	0.0003291225031765001	69882
chrX	79900000	80000000	0.00044745979034051443	17079
chrX	80000000	80100000	0.00038581360290126324	22051
chrX	80100000	80200000	0.0006304367870578006	64438
chrX	80200000	80300000	0.0006496769538064205	60867
chrX	80300000	80400000	0.000520809070570979	49662
chrX	80400000	80500000	0.0	NA
chrX	80500000	80600000	0.00046338928322783146	32793
chrX	80600000	80700000	0.0005744810525258697	87081
chrX	80700000	80800000	0.0011247499343873004	78084
chrX	80800000	80900000	0.0006901257025769953	82390
chrX	80900000	81000000	0.00048538799429499415	71089
chrX	81000000	81100000	0.0006959250844169475	65405
chrX	81100000	81200000	0.0006664409100537666	81176
chrX	81200000	81300000	0.0003380085561490466	71634
chrX	81300000	81400000	0.0006642675217968251	84901
chrX	81400000	81500000	0.00018787154551733065	80220
chrX	81500000	81600000	0.0001611606601140637	87904
chrX	81600000	81700000	0.0005199998109655045	80926
chrX	81700000	81800000	0.0007721249850066276	75521
chrX	81800000	81900000	0.0008813033002312809	78503
chrX	81900000	82000000	0.00045161493272303805	79390
chrX	82000000	82100000	0.0007386293093052408	70360
chrX	82100000	82200000	0.000480193874092836	82185
chrX	82200000	82300000	0.0007638677695355374	80752
chrX	82300000	82400000	0.00026206490899334067	75059
chrX	82400000	82500000	0.00039070946140369595	81344
chrX	82500000	82600000	0.00019567001250213767	77677
chrX	82600000	82700000	0.0003882081853795659	70306
chrX	82700000	82800000	0.0002911315470676045	86482
chrX	82800000	82900000	0.0003790793884588004	73797
chrX	82900000	83000000	0.0003910151226049299	65746
chrX	83000000	83100000	0.0002963044771501225	71216
chrX	83100000	83200000	0.00025833123375857927	61184
chrX	83200000	83300000	0.00035955002790483484	77716
chrX	83300000	83400000	0.0003400716545345328	10199
chrX	83400000	83500000	0.0005125354927600666	50376
chrX	83500000	83600000	0.0007325530127282436	55116
chrX	83600000	83700000	0.0	NA
chrX	83700000	83800000	0.0014725117769658531	35573
chrX	83800000	83900000	0.0006082081216445078	72500
chrX	83900000	84000000	0.00029588248225579495	82759
chrX	84000000	84100000	0.0007839247970681389	76378
chrX	84100000	84200000	0.00048561924886332504	62829
chrX	84200000	84300000	0.0004514685564208635	33244
chrX	84300000	84400000	0.0008263477514866202	26706
chrX	84400000	84500000	0.0005749481498811573	70104
chrX	84500000	84600000	0.0005242134177666411	3887
chrX	84600000	84700000	0.000603184831138372	46655
chrX	84700000	84800000	0.00039525334007363194	83194
chrX	84800000	84900000	0.000978611558331161	74517
chrX	84900000	85000000	0.0010451563756509537	65222
chrX	85000000	85100000	0.0008941911792493232	68020
chrX	85100000	85200000	0.00043683346436022293	12413
chrX	85200000	85300000	0.0	NA
chrX	85300000	85400000	0.000647874278128401	70772
chrX	85400000	85500000	0.0003522749828168547	2548
chrX	85500000	85600000	0.0	NA
chrX	85600000	85700000	0.0	NA
chrX	85700000	85800000	0.0	NA
chrX	85800000	85900000	0.0	NA
chrX	85900000	86000000	0.0	NA
chrX	86000000	86100000	0.0008412778042523682	11229
chrX	86100000	86200000	0.000684114488505027	76098
chrX	86200000	86300000	0.000842043187159261	73869
chrX	86300000	86400000	0.0007158814830290638	73342
chrX	86400000	86500000	0.0012986307314500859	79538
chrX	86500000	86600000	0.0008974556518959644	80524
chrX	86600000	86700000	0.001073592571731248	80310
chrX	86700000	86800000	0.0008496090172114861	54161
chrX	86800000	86900000	0.0	NA
chrX	86900000	87000000	0.0006609244285552249	57181
chrX	87000000	87100000	0.0009392060666829151	71326
chrX	87100000	87200000	0.0007526469306187402	85549
chrX	87200000	87300000	0.0004155506699079852	77545
chrX	87300000	87400000	0.0004277393415526093	87214
chrX	87400000	87500000	0.0008926203202615185	82770
chrX	87500000	87600000	0.0010134035797914175	71770
chrX	87600000	87700000	0.001175911430209286	84236
chrX	87700000	87800000	0.0015358699960364589	73486
chrX	87800000	87900000	0.00045669435968704973	82864
chrX	87900000	88000000	0.0004604037873533425	83275
chrX	88000000	88100000	0.0005973118171301745	63045
chrX	88100000	88200000	0.0006102659917625762	81860
chrX	88200000	88300000	0.0007829608844167976	83872
chrX	88300000	88400000	0.0008392080266737873	82143
chrX	88400000	88500000	0.0008447543422677631	47115
chrX	88500000	88600000	0.0006912627602282771	65
chrX	88600000	88700000	0.0	62
chrX	88700000	88800000	0.0	51
chrX	88800000	88900000	0.0007725476104922745	1265
chrX	88900000	89000000	0.0019623231263433106	9301
chrX	89000000	89100000	0.0	599
chrX	89100000	89200000	0.0	33
chrX	89200000	89300000	0.0006943919421772596	34332
chrX	89300000	89400000	0.0006495812552491139	41558
chrX	89400000	89500000	0.0001841340600082565	3412
chrX	89500000	89600000	0.0006726785890395573	1833
chrX	89600000	89700000	0.0008695908501355971	514
chrX	89700000	89800000	0.0012731598521364925	372
chrX	89800000	89900000	0.0005307192807192805	4368
chrX	89900000	90000000	0.0003173212858811235	1360
chrX	90000000	90100000	2.906300860265052e-05	782
chrX	90100000	90200000	0.0012450954223825147	7649
chrX	90200000	90300000	0.0005992377791041066	6996
chrX	90300000	90400000	0.0007652386649929781	77222
chrX	90400000	90500000	0.000563713358631689	228
chrX	90500000	90600000	0.0010241154287504094	66546
chrX	90600000	90700000	0.0006903487833933926	62942
chrX	90700000	90800000	0.0014922676195335811	30386
chrX	90800000	90900000	0.00038048735010662966	1345
chrX	90900000	91000000	0.001202045145857937	17357
chrX	91000000	91100000	0.002741053715566459	276
chrX	91100000	91200000	0.0	NA
chrX	91200000	91300000	0.0	NA
chrX	91300000	91400000	0.0	NA
chrX	91400000	91500000	0.0	NA
chrX	91500000	91600000	0.0	NA
chrX	91600000	91700000	0.0	NA
chrX	91700000	91800000	0.0	NA
chrX	91800000	91900000	0.000376530309480501	648
chrX	91900000	92000000	0.0	250
chrX	92000000	92100000	0.0022366632452076457	226
chrX	92100000	92200000	0.0005185005688315451	4282
chrX	92200000	92300000	0.0	857
chrX	92300000	92400000	0.0005994032359449811	21631
chrX	92400000	92500000	0.0005748768351081094	82097
chrX	92500000	92600000	0.0009883791984058473	80729
chrX	92600000	92700000	0.0005996793298489432	82484
chrX	92700000	92800000	0.0009623948862838635	84326
chrX	92800000	92900000	0.0006533571891302656	77046
chrX	92900000	93000000	0.0005070780711224556	49011
chrX	93000000	93100000	0.00031317168140818725	90770
chrX	93100000	93200000	0.0005907258338177915	79369
chrX	93200000	93300000	0.0003797767841059056	81587
chrX	93300000	93400000	0.0006798007494290866	82176
chrX	93400000	93500000	0.0006208488715594478	84111
chrX	93500000	93600000	0.0006164414773705695	82435
chrX	93600000	93700000	0.0006211430138619941	86640
chrX	93700000	93800000	0.0007376245296918451	79207
chrX	93800000	93900000	0.00038176360268715216	83504
chrX	93900000	94000000	0.00040458233127556493	79081
chrX	94000000	94100000	0.0005701208161684361	68599
chrX	94100000	94200000	0.0005600762133407224	81259
chrX	94200000	94300000	0.0006650008789354423	82929
chrX	94300000	94400000	0.0007080302204032197	79103
chrX	94400000	94500000	0.0008311399617515409	80136
chrX	94500000	94600000	0.00016288395073423839	80477
chrX	94600000	94700000	0.00013272816537026046	83628
chrX	94700000	94800000	0.00013805508754184876	85075
chrX	94800000	94900000	0.00014575849130170758	76229
chrX	94900000	95000000	7.640679284544578e-05	86842
chrX	95000000	95100000	0.00042484434106978793	78596
chrX	95100000	95200000	0.000688861549900354	82344
chrX	95200000	95300000	0.0006549516534946358	79875
chrX	95300000	95400000	0.0005741573507190895	73828
chrX	95400000	95500000	0.00032150892569288484	76776
chrX	95500000	95600000	0.0006012949945171393	66411
chrX	95600000	95700000	0.0005125314323821552	80332
chrX	95700000	95800000	0.0006953884025967667	72601
chrX	95800000	95900000	0.0005343382698633767	65373
chrX	95900000	96000000	0.0006342761769112556	29983
chrX	96000000	96100000	0.0	NA
chrX	96100000	96200000	0.0	NA
chrX	96200000	96300000	0.0	NA
chrX	96300000	96400000	0.0	NA
chrX	96400000	96500000	0.0	NA
chrX	96500000	96600000	0.0	NA
chrX	96600000	96700000	0.0	NA
chrX	96700000	96800000	0.0	NA
chrX	96800000	96900000	0.00012515941529504245	39876
chrX	96900000	97000000	0.0003629953462418026	83338
chrX	97000000	97100000	0.0005448897056767476	82586
chrX	97100000	97200000	0.00020048799890798083	80776
chrX	97200000	97300000	3.336597268016696e-05	85277
chrX	97300000	97400000	0.00014827626907434218	81899
chrX	97400000	97500000	0.0001908793247603712	80460
chrX	97500000	97600000	0.00017773825120028855	79157
chrX	97600000	97700000	0.00039018752070724106	75053
chrX	97700000	97800000	0.00031670808562232213	83246
chrX	97800000	97900000	0.0005244193876506053	79038
chrX	97900000	98000000	0.0004111352833388675	74310
chrX	98000000	98100000	0.00029966308021678193	85181
chrX	98100000	98200000	0.0003868788395634884	79778
chrX	98200000	98300000	0.00040506436894286065	89955
chrX	98300000	98400000	0.00024668555775848644	86195
chrX	98400000	98500000	0.00019870769733096932	78522
chrX	98500000	98600000	0.0002074914896121873	80628
chrX	98600000	98700000	0.00017723455613592338	86591
chrX	98700000	98800000	0.00019885175720083523	15641
chrX	98800000	98900000	0.0	NA
chrX	98900000	99000000	0.0	NA
chrX	99000000	99100000	0.0	NA
chrX	99100000	99200000	5.5052361384955836e-05	3687
chrX	99200000	99300000	0.00020332776987728811	88148
chrX	99300000	99400000	0.00013237684024931923	74942
chrX	99400000	99500000	0.00011140613919466075	42883
chrX	99500000	99600000	0.0	NA
chrX	99600000	99700000	0.0	NA
chrX	99700000	99800000	0.0	NA
chrX	99800000	99900000	0.0	NA
chrX	99900000	100000000	0.0	NA
chrX	100000000	100100000	0.0	NA
chrX	100100000	100200000	0.0	NA
chrX	100200000	100300000	0.0	NA
chrX	100300000	100400000	0.0	NA
chrX	100400000	100500000	0.0	NA
chrX	100500000	100600000	0.0	NA
chrX	100600000	100700000	0.0	NA
chrX	100700000	100800000	0.0	NA
chrX	100800000	100900000	0.0	NA
chrX	100900000	101000000	0.0	NA
chrX	101000000	101100000	0.0	NA
chrX	101100000	101200000	0.0	NA
chrX	101200000	101300000	0.0	NA
chrX	101300000	101400000	0.0	NA
chrX	101400000	101500000	0.0	NA
chrX	101500000	101600000	0.0	NA
chrX	101600000	101700000	0.0	NA
chrX	101700000	101800000	0.0	NA
chrX	101800000	101900000	0.0	NA
chrX	101900000	102000000	0.0	NA
chrX	102000000	102100000	0.0	NA
chrX	102100000	102200000	0.0	NA
chrX	102200000	102300000	0.0	NA
chrX	102300000	102400000	0.0	NA
chrX	102400000	102500000	0.0	NA
chrX	102500000	102600000	0.0	NA
chrX	102600000	102700000	0.0	NA
chrX	102700000	102800000	0.0	NA
chrX	102800000	102900000	0.0	NA
chrX	102900000	103000000	0.0	NA
chrX	103000000	103100000	0.0	NA
chrX	103100000	103200000	0.0	NA
chrX	103200000	103300000	0.0	NA
chrX	103300000	103400000	0.0	NA
chrX	103400000	103500000	0.0	NA
chrX	103500000	103600000	0.0	NA
chrX	103600000	103700000	0.0	NA
chrX	103700000	103800000	0.0	NA
chrX	103800000	103900000	0.0	NA
chrX	103900000	104000000	0.0	NA
chrX	104000000	104100000	0.0	NA
chrX	104100000	104200000	0.0	NA
chrX	104200000	104300000	0.0	NA
chrX	104300000	104400000	0.0	NA
chrX	104400000	104500000	0.0	NA
chrX	104500000	104600000	0.0	NA
chrX	104600000	104700000	0.0	NA
chrX	104700000	104800000	0.0	NA
chrX	104800000	104900000	0.0	NA
chrX	104900000	105000000	0.0	NA
chrX	105000000	105100000	0.0	NA
chrX	105100000	105200000	0.0	NA
chrX	105200000	105300000	0.0	NA
chrX	105300000	105400000	0.0	NA
chrX	105400000	105500000	0.0	NA
chrX	105500000	105600000	0.0	NA
chrX	105600000	105700000	0.0	NA
chrX	105700000	105800000	0.0	NA
chrX	105800000	105900000	0.0	NA
chrX	105900000	106000000	0.0	NA
chrX	106000000	106100000	0.0	NA
chrX	106100000	106200000	0.0	NA
chrX	106200000	106300000	0.0	NA
chrX	106300000	106400000	0.0	NA
chrX	106400000	106500000	0.0	NA
chrX	106500000	106600000	0.0	NA
chrX	106600000	106700000	0.0	NA
chrX	106700000	106800000	0.0	NA
chrX	106800000	106900000	0.0	NA
chrX	106900000	107000000	0.0	NA
chrX	107000000	107100000	0.0	NA
chrX	107100000	107200000	0.0	NA
chrX	107200000	107300000	0.0	NA
chrX	107300000	107400000	0.0	NA
chrX	107400000	107500000	0.0	NA
chrX	107500000	107600000	0.0	NA
chrX	107600000	107700000	0.0	NA
chrX	107700000	107800000	0.0	NA
chrX	107800000	107900000	0.0	NA
chrX	107900000	108000000	0.0	NA
chrX	108000000	108100000	0.0	NA
chrX	108100000	108200000	0.0	NA
chrX	108200000	108300000	0.0	NA
chrX	108300000	108400000	0.0	NA
chrX	108400000	108500000	0.0	NA
chrX	108500000	108600000	0.0	NA
chrX	108600000	108700000	0.0	NA
chrX	108700000	108800000	0.0	NA
chrX	108800000	108900000	0.0	NA
chrX	108900000	109000000	0.0	NA
chrX	109000000	109100000	0.0	NA
chrX	109100000	109200000	0.0	NA
chrX	109200000	109300000	0.0	NA
chrX	109300000	109400000	0.0	NA
chrX	109400000	109500000	0.0	NA
chrX	109500000	109600000	0.0	NA
chrX	109600000	109700000	0.0	NA
chrX	109700000	109800000	0.0	NA
chrX	109800000	109900000	0.0	NA
chrX	109900000	110000000	0.0	NA
chrX	110000000	110100000	0.0	NA
chrX	110100000	110200000	0.0	NA
chrX	110200000	110300000	0.0	NA
chrX	110300000	110400000	0.0	NA
chrX	110400000	110500000	0.0	NA
chrX	110500000	110600000	0.0	NA
chrX	110600000	110700000	0.0	NA
chrX	110700000	110800000	0.0	NA
chrX	110800000	110900000	0.0	NA
chrX	110900000	111000000	0.0	NA
chrX	111000000	111100000	0.0	NA
chrX	111100000	111200000	0.0	NA
chrX	111200000	111300000	0.0	NA
chrX	111300000	111400000	0.0	NA
chrX	111400000	111500000	0.0	NA
chrX	111500000	111600000	0.0	NA
chrX	111600000	111700000	0.0	NA
chrX	111700000	111800000	0.0007381067432240297	67021
chrX	111800000	111900000	0.00048204560483379076	50947
chrX	111900000	112000000	0.00011880378806995267	57531
chrX	112000000	112100000	0.0002920507688689772	28931
chrX	112100000	112200000	0.0004065022050250577	71251
chrX	112200000	112300000	0.0004412709096928303	68433
chrX	112300000	112400000	0.0	NA
chrX	112400000	112500000	0.0	NA
chrX	112500000	112600000	0.0	NA
chrX	112600000	112700000	0.0	NA
chrX	112700000	112800000	0.0005597389965450308	29177
chrX	112800000	112900000	0.0004253465868930954	48656
chrX	112900000	113000000	0.0	NA
chrX	113000000	113100000	0.0	NA
chrX	113100000	113200000	0.0002678162855794855	16190
chrX	113200000	113300000	0.0003146534160094295	73176
chrX	113300000	113400000	0.00047530322817274193	76626
chrX	113400000	113500000	0.00030691659626800927	84368
chrX	113500000	113600000	0.0004332522219710764	40927
chrX	113600000	113700000	0.0004071318858824838	83221
chrX	113700000	113800000	0.000269705429935275	71662
chrX	113800000	113900000	0.00045210654220665346	16058
chrX	113900000	114000000	0.0	NA
chrX	114000000	114100000	0.0	NA
chrX	114100000	114200000	0.00018266234454945428	41507
chrX	114200000	114300000	0.00024092460826940468	72922
chrX	114300000	114400000	0.00017010618771034724	31462
chrX	114400000	114500000	0.00019938458667189646	23784
chrX	114500000	114600000	0.0002775928634997588	67241
chrX	114600000	114700000	0.000296380586330338	82924
chrX	114700000	114800000	0.00044051297493936313	38538
chrX	114800000	114900000	0.0003808733524757863	8330
chrX	114900000	115000000	0.0003418003970820733	26510
chrX	115000000	115100000	0.0006593670076726341	12512
chrX	115100000	115200000	0.0003498168412348101	65562
chrX	115200000	115300000	0.00048091670191173367	69242
chrX	115300000	115400000	0.001087519898760001	71602
chrX	115400000	115500000	0.0009674126304892956	80908
chrX	115500000	115600000	0.0005780961775764361	64329
chrX	115600000	115700000	0.0011100908386997997	61160
chrX	115700000	115800000	0.0007670789898704256	52435
chrX	115800000	115900000	0.0006666621343097932	74698
chrX	115900000	116000000	0.0007439562278367793	73119
chrX	116000000	116100000	0.0008147469653277722	76196
chrX	116100000	116200000	0.000680991050683855	81446
chrX	116200000	116300000	0.0007933857528607212	78640
chrX	116300000	116400000	0.0007797627466911416	71475
chrX	116400000	116500000	0.0011426971531551592	70502
chrX	116500000	116600000	0.0013970376522183118	70238
chrX	116600000	116700000	0.0009581341690542481	74390
chrX	116700000	116800000	0.0004226798464757616	74679
chrX	116800000	116900000	0.0010746803423266197	73773
chrX	116900000	117000000	0.0005977940754938487	74148
chrX	117000000	117100000	0.0004943096775908207	22332
chrX	117100000	117200000	0.0	NA
chrX	117200000	117300000	8.589943613120357e-05	40347
chrX	117300000	117400000	0.0005191674210904873	77294
chrX	117400000	117500000	0.0007452696265076887	49773
chrX	117500000	117600000	0.0006426759854438827	10631
chrX	117600000	117700000	0.0005624969214041233	14298
chrX	117700000	117800000	0.0	NA
chrX	117800000	117900000	0.0004796598081961146	26803
chrX	117900000	118000000	0.000592954707985906	29815
chrX	118000000	118100000	0.0005887699375012326	53000
chrX	118100000	118200000	0.0002762836434769539	39921
chrX	118200000	118300000	0.00023407507045615102	21133
chrX	118300000	118400000	0.00012682092691302868	72783
chrX	118400000	118500000	0.00011182946976786842	44581
chrX	118500000	118600000	0.0005754606873072236	26471
chrX	118600000	118700000	0.0006117197499163808	40897
chrX	118700000	118800000	0.0003942092958908159	13229
chrX	118800000	118900000	0.0008815534154442884	36878
chrX	118900000	119000000	0.0007186436583755727	35385
chrX	119000000	119100000	0.0007033364518388709	25144
chrX	119100000	119200000	0.000664259295189397	48826
chrX	119200000	119300000	0.00014957472268037895	1874
chrX	119300000	119400000	0.00021477877029253613	36215
chrX	119400000	119500000	0.0005809886675121182	38344
chrX	119500000	119600000	0.0007970816568316386	28773
chrX	119600000	119700000	0.0003481463728445833	36035
chrX	119700000	119800000	0.0003747925879366461	44851
chrX	119800000	119900000	0.000714490434255785	78262
chrX	119900000	120000000	0.00040876767147066134	65493
chrX	120000000	120100000	0.00012184917685352587	4678
chrX	120100000	120200000	0.0002633738595982683	61988
chrX	120200000	120300000	0.00043574524358374413	78949
chrX	120300000	120400000	0.00080868116251353	78196
chrX	120400000	120500000	0.0009452084701018119	77432
chrX	120500000	120600000	0.0008380915883698472	77204
chrX	120600000	120700000	0.00024907775193424046	79432
chrX	120700000	120800000	0.0003964833683902525	88678
chrX	120800000	120900000	0.0004732495527924388	80903
chrX	120900000	121000000	0.0005322789071400325	79332
chrX	121000000	121100000	0.0006977992676761832	83464
chrX	121100000	121200000	0.0004062364226865413	79903
chrX	121200000	121300000	0.0003922371874388668	75811
chrX	121300000	121400000	0.0005002221578286492	74375
chrX	121400000	121500000	0.00033886216772875417	77267
chrX	121500000	121600000	0.0005987053742095305	81218
chrX	121600000	121700000	0.0004904995548638694	71563
chrX	121700000	121800000	0.0003020631798956576	84243
chrX	121800000	121900000	0.0006268476746254753	77265
chrX	121900000	122000000	0.0005337924274612069	85213
chrX	122000000	122100000	0.00046513027023812226	82171
chrX	122100000	122200000	0.0006532420802613864	76885
chrX	122200000	122300000	0.0008884957494019787	82119
chrX	122300000	122400000	0.0006589498803490146	17186
chrX	122400000	122500000	0.0	NA
chrX	122500000	122600000	0.0	NA
chrX	122600000	122700000	0.0005249963299352781	57093
chrX	122700000	122800000	0.00014440534233491875	21285
chrX	122800000	122900000	0.00020004037631417965	16884
chrX	122900000	123000000	0.0004935595305896989	37929
chrX	123000000	123100000	0.0006063836853360128	21411
chrX	123100000	123200000	0.0	NA
chrX	123200000	123300000	0.0006943566873614863	38450
chrX	123300000	123400000	0.0006986707804411177	74654
chrX	123400000	123500000	0.00036526905896287206	65027
chrX	123500000	123600000	0.00028794156893040236	2455
chrX	123600000	123700000	0.0	NA
chrX	123700000	123800000	0.0	NA
chrX	123800000	123900000	0.0	NA
chrX	123900000	124000000	0.0	NA
chrX	124000000	124100000	0.00020107271079930036	1941
chrX	124100000	124200000	0.0004004630536857995	80385
chrX	124200000	124300000	0.0003882294422720744	87713
chrX	124300000	124400000	0.00017572793705223592	86602
chrX	124400000	124500000	0.0004994031110097535	75313
chrX	124500000	124600000	0.0008225522731162056	77644
chrX	124600000	124700000	0.0007030078648742292	78830
chrX	124700000	124800000	0.0006439068595450911	79090
chrX	124800000	124900000	0.00034789045702009777	84335
chrX	124900000	125000000	0.00027956006175895384	77285
chrX	125000000	125100000	0.00023613574936750604	77400
chrX	125100000	125200000	0.000646418100906331	82061
chrX	125200000	125300000	0.0008937445433547026	68702
chrX	125300000	125400000	0.0005547138191617352	72324
chrX	125400000	125500000	0.0005893306376241987	76372
chrX	125500000	125600000	0.0005386008631043462	73295
chrX	125600000	125700000	0.0006247309921679795	78103
chrX	125700000	125800000	0.0004989366328917143	84456
chrX	125800000	125900000	0.0007727620939600779	84984
chrX	125900000	126000000	0.0006532473437590333	76090
chrX	126000000	126100000	0.000843342038199239	69628
chrX	126100000	126200000	0.0002515792603588179	82209
chrX	126200000	126300000	0.00033225968408770126	75685
chrX	126300000	126400000	0.0006168431428777896	66387
chrX	126400000	126500000	0.0003788602259578673	78716
chrX	126500000	126600000	0.00020582513902872134	80933
chrX	126600000	126700000	0.00043034192901840235	77666
chrX	126700000	126800000	0.0004444635733475768	77423
chrX	126800000	126900000	0.00028848683263899444	88719
chrX	126900000	127000000	0.0005160477800498686	71594
chrX	127000000	127100000	0.0002286315967511458	86740
chrX	127100000	127200000	0.00032092876624707675	82489
chrX	127200000	127300000	0.00021608859944824695	81487
chrX	127300000	127400000	0.00025996301643085016	78164
chrX	127400000	127500000	0.00022477323305082503	86911
chrX	127500000	127600000	0.0001940835589072712	76013
chrX	127600000	127700000	0.0001552474078748959	83845
chrX	127700000	127800000	0.00032080971616029515	82895
chrX	127800000	127900000	0.00039794603112274223	72823
chrX	127900000	128000000	0.0005064396522713984	71949
chrX	128000000	128100000	0.0005761342596952954	82544
chrX	128100000	128200000	0.0002255762582492726	76311
chrX	128200000	128300000	0.0003838626399747686	28145
chrX	128300000	128400000	0.0	NA
chrX	128400000	128500000	0.0	NA
chrX	128500000	128600000	0.0	NA
chrX	128600000	128700000	0.0	NA
chrX	128700000	128800000	0.0	NA
chrX	128800000	128900000	0.0	NA
chrX	128900000	129000000	0.0	NA
chrX	129000000	129100000	0.0	NA
chrX	129100000	129200000	0.0	NA
chrX	129200000	129300000	0.0	NA
chrX	129300000	129400000	0.0	NA
chrX	129400000	129500000	0.0	NA
chrX	129500000	129600000	0.0	NA
chrX	129600000	129700000	0.0	NA
chrX	129700000	129800000	0.0	NA
chrX	129800000	129900000	0.0	NA
chrX	129900000	130000000	0.0	NA
chrX	130000000	130100000	0.0	NA
chrX	130100000	130200000	0.0	NA
chrX	130200000	130300000	0.0	NA
chrX	130300000	130400000	0.0	NA
chrX	130400000	130500000	0.0	NA
chrX	130500000	130600000	0.0	NA
chrX	130600000	130700000	0.0	NA
chrX	130700000	130800000	0.0	NA
chrX	130800000	130900000	0.0	NA
chrX	130900000	131000000	0.0	NA
chrX	131000000	131100000	0.0	NA
chrX	131100000	131200000	0.0	NA
chrX	131200000	131300000	0.0	NA
chrX	131300000	131400000	0.0	NA
chrX	131400000	131500000	0.0	NA
chrX	131500000	131600000	0.0	NA
chrX	131600000	131700000	0.0	NA
chrX	131700000	131800000	0.0	NA
chrX	131800000	131900000	0.0	NA
chrX	131900000	132000000	0.0	NA
chrX	132000000	132100000	0.0	NA
chrX	132100000	132200000	0.0	NA
chrX	132200000	132300000	0.0	NA
chrX	132300000	132400000	0.0	NA
chrX	132400000	132500000	0.0	NA
chrX	132500000	132600000	0.0	NA
chrX	132600000	132700000	0.0	NA
chrX	132700000	132800000	0.0	NA
chrX	132800000	132900000	0.0	NA
chrX	132900000	133000000	0.0	NA
chrX	133000000	133100000	0.0	NA
chrX	133100000	133200000	0.0	NA
chrX	133200000	133300000	0.0	NA
chrX	133300000	133400000	0.0	NA
chrX	133400000	133500000	0.0	NA
chrX	133500000	133600000	0.0	NA
chrX	133600000	133700000	0.0	NA
chrX	133700000	133800000	0.0	NA
chrX	133800000	133900000	0.0	NA
chrX	133900000	134000000	0.0	NA
chrX	134000000	134100000	0.0	NA
chrX	134100000	134200000	0.0	NA
chrX	134200000	134300000	0.0	NA
chrX	134300000	134400000	0.0	NA
chrX	134400000	134500000	0.0	NA
chrX	134500000	134600000	0.0	NA
chrX	134600000	134700000	0.0	NA
chrX	134700000	134800000	0.0	NA
chrX	134800000	134900000	0.0	NA
chrX	134900000	135000000	0.0	NA
chrX	135000000	135100000	0.0	NA
chrX	135100000	135200000	0.0	NA
chrX	135200000	135300000	0.0	NA
chrX	135300000	135400000	0.0	NA
chrX	135400000	135500000	0.0	NA
chrX	135500000	135600000	0.0	NA
chrX	135600000	135700000	0.0	NA
chrX	135700000	135800000	0.0	NA
chrX	135800000	135900000	0.0	NA
chrX	135900000	136000000	0.0	NA
chrX	136000000	136100000	0.0	NA
chrX	136100000	136200000	0.0	NA
chrX	136200000	136300000	0.0	NA
chrX	136300000	136400000	0.0	NA
chrX	136400000	136500000	0.0	NA
chrX	136500000	136600000	0.0	NA
chrX	136600000	136700000	0.0	NA
chrX	136700000	136800000	0.00026782184557648514	2815
chrX	136800000	136900000	0.0003981434070951567	70269
chrX	136900000	137000000	0.00045183834735028637	83240
chrX	137000000	137100000	0.0006686953829785892	76557
chrX	137100000	137200000	0.0002851108723275794	69559
chrX	137200000	137300000	0.0003543719105533328	79877
chrX	137300000	137400000	0.0006396928406286276	70831
chrX	137400000	137500000	0.0004286198919100881	81591
chrX	137500000	137600000	0.0004111973113618281	80843
chrX	137600000	137700000	0.00014462599754024846	84750
chrX	137700000	137800000	0.00017632891562168962	11618
chrX	137800000	137900000	0.0	NA
chrX	137900000	138000000	0.0	NA
chrX	138000000	138100000	0.0	NA
chrX	138100000	138200000	0.0	NA
chrX	138200000	138300000	0.0003093915528443942	10876
chrX	138300000	138400000	0.00043032244528681194	82163
chrX	138400000	138500000	0.0008367107464583012	78737
chrX	138500000	138600000	0.0006728281249726766	73499
chrX	138600000	138700000	0.0003346534982062993	20843
chrX	138700000	138800000	0.0003077874629276016	8013
chrX	138800000	138900000	0.00011570207710669588	7085
chrX	138900000	139000000	8.708089168894729e-05	63780
chrX	139000000	139100000	0.0002889094453357107	42201
chrX	139100000	139200000	0.00033982449875886474	70268
chrX	139200000	139300000	0.0003533200001498115	78120
chrX	139300000	139400000	0.00015336927408238262	63957
chrX	139400000	139500000	5.456332009628548e-05	76316
chrX	139500000	139600000	0.00011878229404582877	81907
chrX	139600000	139700000	0.00039544153725604565	85526
chrX	139700000	139800000	0.0003051161158283417	65512
chrX	139800000	139900000	0.0011919973180567664	34757
chrX	139900000	140000000	0.0006139154383036713	83458
chrX	140000000	140100000	0.0005636357789579087	63624
chrX	140100000	140200000	0.0	NA
chrX	140200000	140300000	0.0005148434879128143	65869
chrX	140300000	140400000	0.0008153437089640723	53147
chrX	140400000	140500000	0.0005354812079563586	74746
chrX	140500000	140600000	0.0011461438283538598	45584
chrX	140600000	140700000	0.0	NA
chrX	140700000	140800000	0.0008727433626947071	29666
chrX	140800000	140900000	0.0008265640850962989	73662
chrX	140900000	141000000	0.0003274790268240732	28070
chrX	141000000	141100000	0.0010532628922341602	81059
chrX	141100000	141200000	0.001198584458318733	81718
chrX	141200000	141300000	0.0011342026365868867	70325
chrX	141300000	141400000	0.0006319134395153207	79200
chrX	141400000	141500000	0.0007662696002345193	70039
chrX	141500000	141600000	0.000716822507200534	72042
chrX	141600000	141700000	0.0003356765218785065	84230
chrX	141700000	141800000	0.0004823956362268214	81333
chrX	141800000	141900000	0.0002761176388868766	72238
chrX	141900000	142000000	0.0005589607666529143	74115
chrX	142000000	142100000	0.00048013426812314067	79354
chrX	142100000	142200000	0.0005481637267075107	82860
chrX	142200000	142300000	0.000781854387396936	85677
chrX	142300000	142400000	0.0004725354374452053	83784
chrX	142400000	142500000	0.0006620764852301727	82097
chrX	142500000	142600000	0.0006888281179831878	79563
chrX	142600000	142700000	0.0008985951853848046	74762
chrX	142700000	142800000	0.0006789807150064495	70084
chrX	142800000	142900000	0.0006897376332872982	72483
chrX	142900000	143000000	0.0004589841820464744	83030
chrX	143000000	143100000	0.00031944324627821433	79689
chrX	143100000	143200000	0.00028827127091473866	50308
chrX	143200000	143300000	0.00036621451381361146	3317
chrX	143300000	143400000	0.001181105738385445	83346
chrX	143400000	143500000	0.0006464505344610262	80611
chrX	143500000	143600000	0.0007465684329199195	40018
chrX	143600000	143700000	0.00041747371841319473	85863
chrX	143700000	143800000	0.0009716088780152725	81404
chrX	143800000	143900000	0.0008750441607387176	84151
chrX	143900000	144000000	0.0005642344532671963	84696
chrX	144000000	144100000	0.000759307954763788	86463
chrX	144100000	144200000	0.0005595995108883701	83878
chrX	144200000	144300000	0.000989366015588163	85733
chrX	144300000	144400000	0.0003897979259943315	76908
chrX	144400000	144500000	0.00022563176895306868	76452
chrX	144500000	144600000	0.0006957781614254753	79929
chrX	144600000	144700000	0.0009651219868496919	87538
chrX	144700000	144800000	0.0005089036800859458	87024
chrX	144800000	144900000	0.0006353309716606091	82454
chrX	144900000	145000000	0.0006854232309278501	75125
chrX	145000000	145100000	0.0007092487410277381	80131
chrX	145100000	145200000	0.0007044908965147303	78751
chrX	145200000	145300000	0.0004108790540820321	83307
chrX	145300000	145400000	0.0008337676392959979	76426
chrX	145400000	145500000	0.00043925914690737543	81886
chrX	145500000	145600000	0.0009284469023698375	83363
chrX	145600000	145700000	0.0009178863975917994	88228
chrX	145700000	145800000	0.0004693508777095362	80064
chrX	145800000	145900000	0.0006888531853650458	62280
chrX	145900000	146000000	0.0007621609735842413	72931
chrX	146000000	146100000	0.0006599948859369835	83332
chrX	146100000	146200000	0.00048026420954077405	84928
chrX	146200000	146300000	0.00040585758543774025	65998
chrX	146300000	146400000	0.0005514020292345415	70707
chrX	146400000	146500000	0.000463671645137756	79162
chrX	146500000	146600000	0.00039643024385277047	82920
chrX	146600000	146700000	0.0007852025248888906	88267
chrX	146700000	146800000	0.00020441998878771182	83557
chrX	146800000	146900000	0.00023559296632645447	90871
chrX	146900000	147000000	0.0003143930445911504	68753
chrX	147000000	147100000	0.00046080630804397967	20925
chrX	147100000	147200000	0.00034599854969823	77770
chrX	147200000	147300000	0.00046860383341193533	69302
chrX	147300000	147400000	0.0003528161080488677	76285
chrX	147400000	147500000	0.0005298530823876481	72248
chrX	147500000	147600000	0.00040862972438751864	71667
chrX	147600000	147700000	0.0	NA
chrX	147700000	147800000	0.0	NA
chrX	147800000	147900000	0.0	NA
chrX	147900000	148000000	0.0	NA
chrX	148000000	148100000	7.148771487090218e-05	16561
chrX	148100000	148200000	0.0002051500036573111	86056
chrX	148200000	148300000	0.00024403498832995763	74065
chrX	148300000	148400000	0.0003687351461748312	84756
chrX	148400000	148500000	0.00023846420925464445	79877
chrX	148500000	148600000	0.0003728665685833766	55149
chrX	148600000	148700000	0.00031029341374168946	12987
chrX	148700000	148800000	0.00020618220733373851	24016
chrX	148800000	148900000	0.0003049678806155754	32428
chrX	148900000	149000000	0.00013580227707035266	2418
chrX	149000000	149100000	2.30099905798292e-05	7879
chrX	149100000	149200000	8.021600384747586e-05	11561
chrX	149200000	149300000	0.00010635575454356017	80591
chrX	149300000	149400000	0.0002938644415747825	80536
chrX	149400000	149500000	0.00027199505771775384	89618
chrX	149500000	149600000	0.00016155100726416986	27724
chrX	149600000	149700000	0.0010267975256069448	13685
chrX	149700000	149800000	0.0005526465436799023	31273
chrX	149800000	149900000	0.00044123383544525147	17578
chrX	149900000	150000000	0.0003204630807908377	1010
chrX	150000000	150100000	0.00032635813622152067	25319
chrX	150100000	150200000	0.0007097303196563523	60222
chrX	150200000	150300000	0.0007172731524649692	75496
chrX	150300000	150400000	0.0007594418419489298	69505
chrX	150400000	150500000	0.0005814934165158088	78099
chrX	150500000	150600000	0.0004743481069808682	71549
chrX	150600000	150700000	0.00045533141920185027	78061
chrX	150700000	150800000	0.00023092734606511503	16602
chrX	150800000	150900000	0.0007155284448874843	38240
chrX	150900000	151000000	0.0004947000049025306	81420
chrX	151000000	151100000	0.0005296945907177562	77446
chrX	151100000	151200000	0.0006391446782455895	62385
chrX	151200000	151300000	0.0006321317724714713	64938
chrX	151300000	151400000	0.0008154130682118227	26120
chrX	151400000	151500000	0.0	NA
chrX	151500000	151600000	0.0	NA
chrX	151600000	151700000	0.0	NA
chrX	151700000	151800000	0.0	NA
chrX	151800000	151900000	0.0	NA
chrX	151900000	152000000	0.0	NA
chrX	152000000	152100000	0.0	NA
chrX	152100000	152200000	0.0	NA
chrX	152200000	152300000	0.0	NA
chrX	152300000	152400000	0.0	NA
chrX	152400000	152500000	0.0	NA
chrX	152500000	152600000	0.0	NA
chrX	152600000	152700000	0.0	NA
chrX	152700000	152800000	0.0	NA
chrX	152800000	152900000	0.0	NA
chrX	152900000	153000000	0.0	NA
chrX	153000000	153100000	0.0	NA
chrX	153100000	153200000	0.0	NA
chrX	153200000	153300000	0.0	NA
chrX	153300000	153400000	0.0	NA
chrX	153400000	153500000	0.0	NA
chrX	153500000	153600000	0.0	NA
chrX	153600000	153700000	0.0	NA
chrX	153700000	153800000	0.0	NA
chrX	153800000	153900000	0.0	NA
chrX	153900000	154000000	0.0	NA
chrX	154000000	154100000	0.0	NA
chrX	154100000	154200000	0.0	NA
chrX	154200000	154300000	0.0	NA
chrX	154300000	154400000	0.0	NA
chrX	154400000	154500000	0.0	NA
chrX	154500000	154600000	0.0	NA
chrX	154600000	154700000	0.0	NA
chrX	154700000	154800000	0.0	NA
chrX	154800000	154900000	0.0	NA
chrX	154900000	155000000	0.0	NA
chrX	155000000	155100000	0.0	NA
chrX	155100000	155200000	0.0003829006528136195	19719
chrX	155200000	155270560	0.0006927870877837602	12695
