chrX	0	100000	0.002380509244595085	1456
chrX	100000	200000	0.002101307087758641	4965
chrX	200000	300000	0.003654343744259256	2964
chrX	300000	400000	0.0015330425444025576	15533
chrX	400000	500000	0.0018149659405197315	29352
chrX	500000	600000	0.0018631679003255814	30548
chrX	600000	700000	0.0015427258609153561	32131
chrX	700000	800000	0.0016099124561296957	42139
chrX	800000	900000	0.0008410570265060902	28095
chrX	900000	1000000	0.001474183413193069	33413
chrX	1000000	1100000	0.0013917720581932658	10800
chrX	1100000	1200000	0.0	NA
chrX	1200000	1300000	0.001330057471001135	14837
chrX	1300000	1400000	0.0009751583026442199	11710
chrX	1400000	1500000	0.0015262094383273858	3621
chrX	1500000	1600000	0.000851542334114745	5994
chrX	1600000	1700000	0.0010353665287708173	13016
chrX	1700000	1800000	0.0018093862234838593	15723
chrX	1800000	1900000	0.001176210726645861	33177
chrX	1900000	2000000	0.0012422748856110838	42559
chrX	2000000	2100000	0.0014327630545524213	27331
chrX	2100000	2200000	0.001666848878644665	5654
chrX	2200000	2300000	0.0	NA
chrX	2300000	2400000	0.0	NA
chrX	2400000	2500000	0.0010595222177461428	45281
chrX	2500000	2600000	0.0009286864808936195	31936
chrX	2600000	2700000	0.001252213292320994	9973
chrX	2700000	2800000	0.001057511482430472	6527
chrX	2800000	2900000	0.0004741987023642826	22760
chrX	2900000	3000000	5.996056951357641e-05	18211
chrX	3000000	3100000	0.0010877814942282017	41962
chrX	3100000	3200000	0.0010298832581612672	67756
chrX	3200000	3300000	0.0013892866768734447	40676
chrX	3300000	3400000	0.0008539635785585725	66600
chrX	3400000	3500000	0.0005502607875834557	62692
chrX	3500000	3600000	0.0005542847951970478	14266
chrX	3600000	3700000	0.0010892927571824302	32614
chrX	3700000	3800000	0.0008260960453579335	21192
chrX	3800000	3900000	0.0007756431681894805	25561
chrX	3900000	4000000	0.0010362621929032474	78839
chrX	4000000	4100000	0.0007476858879236869	79245
chrX	4100000	4200000	0.0006696812660589037	79718
chrX	4200000	4300000	0.0007894712704378007	84113
chrX	4300000	4400000	0.00047213602846841204	79369
chrX	4400000	4500000	0.0002643840384006596	77637
chrX	4500000	4600000	0.0005660183783087567	75731
chrX	4600000	4700000	0.0006145725565602431	73578
chrX	4700000	4800000	0.0006917671788413879	76081
chrX	4800000	4900000	0.0005106118208491746	77400
chrX	4900000	5000000	0.0005897231873584229	79951
chrX	5000000	5100000	0.0012827629528373787	74083
chrX	5100000	5200000	0.0005290283261848834	78953
chrX	5200000	5300000	0.00030020613049839786	81913
chrX	5300000	5400000	0.0003966427636346638	80640
chrX	5400000	5500000	0.0007750964405912696	79923
chrX	5500000	5600000	0.000653168843759724	82766
chrX	5600000	5700000	0.0009021236553085346	76600
chrX	5700000	5800000	0.0005125727999091168	79391
chrX	5800000	5900000	0.00025638627644910937	6848
chrX	5900000	6000000	0.0	NA
chrX	6000000	6100000	0.0	NA
chrX	6100000	6200000	0.0001732858709259368	40080
chrX	6200000	6300000	0.0002521724700056762	79340
chrX	6300000	6400000	0.00019470221525643444	81858
chrX	6400000	6500000	0.0001254625440808407	76866
chrX	6500000	6600000	0.00015852495465147324	79199
chrX	6600000	6700000	0.0004032917956489631	80898
chrX	6700000	6800000	0.0007647172294532916	84914
chrX	6800000	6900000	0.0008885782376514162	73474
chrX	6900000	7000000	0.0005314385379446264	30759
chrX	7000000	7100000	0.0	NA
chrX	7100000	7200000	0.0	NA
chrX	7200000	7300000	0.00019059125515449472	22227
chrX	7300000	7400000	0.00040612215514431425	85565
chrX	7400000	7500000	0.0003169086004276312	79549
chrX	7500000	7600000	0.00046713388444728565	81085
chrX	7600000	7700000	0.0006640635089354815	39189
chrX	7700000	7800000	0.00018439697677256046	88353
chrX	7800000	7900000	0.0007296206060028392	55024
chrX	7900000	8000000	0.00031303308691954556	79564
chrX	8000000	8100000	0.0003260199030478571	84815
chrX	8100000	8200000	0.0004167603472435838	69704
chrX	8200000	8300000	0.0006736347058406268	83886
chrX	8300000	8400000	0.0007402692452454631	84731
chrX	8400000	8500000	0.0007882039078153454	60611
chrX	8500000	8600000	0.0	NA
chrX	8600000	8700000	0.0	NA
chrX	8700000	8800000	0.00039059018177777817	64184
chrX	8800000	8900000	0.0006374539082526676	92359
chrX	8900000	9000000	0.0003986013865777964	64487
chrX	9000000	9100000	0.0005123377886459008	81408
chrX	9100000	9200000	0.0002172182624754893	86934
chrX	9200000	9300000	0.0005560390550255184	81300
chrX	9300000	9400000	0.00044658543252785874	65299
chrX	9400000	9500000	0.0003516699420202872	22404
chrX	9500000	9600000	0.0	NA
chrX	9600000	9700000	0.001121426440887648	5219
chrX	9700000	9800000	0.00037806180339138294	11848
chrX	9800000	9900000	0.0	NA
chrX	9900000	10000000	0.00043168882898358854	44001
chrX	10000000	10100000	0.0	NA
chrX	10100000	10200000	0.0004733552256124543	8765
chrX	10200000	10300000	0.0004837691088420789	29283
chrX	10300000	10400000	0.0	NA
chrX	10400000	10500000	0.0	NA
chrX	10500000	10600000	0.0	NA
chrX	10600000	10700000	0.0	NA
chrX	10700000	10800000	0.0	NA
chrX	10800000	10900000	0.0	NA
chrX	10900000	11000000	0.0	NA
chrX	11000000	11100000	0.0	NA
chrX	11100000	11200000	0.0	NA
chrX	11200000	11300000	0.0	NA
chrX	11300000	11400000	0.0	NA
chrX	11400000	11500000	0.0	NA
chrX	11500000	11600000	0.0	NA
chrX	11600000	11700000	0.0	NA
chrX	11700000	11800000	0.0	NA
chrX	11800000	11900000	0.0	NA
chrX	11900000	12000000	0.0	NA
chrX	12000000	12100000	0.0	NA
chrX	12100000	12200000	0.0	NA
chrX	12200000	12300000	0.0	NA
chrX	12300000	12400000	0.0	NA
chrX	12400000	12500000	0.0	NA
chrX	12500000	12600000	0.0	NA
chrX	12600000	12700000	0.0	NA
chrX	12700000	12800000	0.0003956612533237481	43811
chrX	12800000	12900000	0.0007817242824959072	25947
chrX	12900000	13000000	0.0003528379310613382	35930
chrX	13000000	13100000	0.00043761232199495293	74039
chrX	13100000	13200000	0.000270466884878287	80230
chrX	13200000	13300000	0.00040118808391911804	83862
chrX	13300000	13400000	0.0001483467071851866	73450
chrX	13400000	13500000	0.00056681825691663	78761
chrX	13500000	13600000	0.0006739053452946966	74737
chrX	13600000	13700000	0.0006523815343032821	22874
chrX	13700000	13800000	0.0004605036559760413	9371
chrX	13800000	13900000	0.0	NA
chrX	13900000	14000000	0.00021742947828991076	29364
chrX	14000000	14100000	0.0001920079278975287	65754
chrX	14100000	14200000	0.0004733501564257371	79481
chrX	14200000	14300000	0.0002169223439837203	74794
chrX	14300000	14400000	0.00036292169634879546	79874
chrX	14400000	14500000	7.415209820105092e-05	80841
chrX	14500000	14600000	0.0001271144484774308	42635
chrX	14600000	14700000	0.0	NA
chrX	14700000	14800000	0.00018738224897351906	38657
chrX	14800000	14900000	0.00021836863816202733	48752
chrX	14900000	15000000	0.000266421614465203	42771
chrX	15000000	15100000	0.0002841476881582585	80872
chrX	15100000	15200000	0.00023686793452215536	82204
chrX	15200000	15300000	0.00034482229449320646	58956
chrX	15300000	15400000	0.0004743610726154452	11373
chrX	15400000	15500000	0.0	NA
chrX	15500000	15600000	0.00013380548643646123	10123
chrX	15600000	15700000	0.0003044255711377375	13653
chrX	15700000	15800000	0.00017048043175489332	23510
chrX	15800000	15900000	0.00025531414398098304	26088
chrX	15900000	16000000	0.00037302576595160545	81552
chrX	16000000	16100000	0.0002018625980787048	82768
chrX	16100000	16200000	0.0003808708554663066	53837
chrX	16200000	16300000	0.0004552579585161803	72067
chrX	16300000	16400000	0.0006921081571722318	72354
chrX	16400000	16500000	0.00045312142369110717	84033
chrX	16500000	16600000	0.0004998582053193254	70365
chrX	16600000	16700000	9.193809338886604e-05	3618
chrX	16700000	16800000	0.00042214891335288026	12512
chrX	16800000	16900000	0.00037973449374720974	11521
chrX	16900000	17000000	0.0004246645809021484	32283
chrX	17000000	17100000	0.0	NA
chrX	17100000	17200000	0.0	NA
chrX	17200000	17300000	0.0	NA
chrX	17300000	17400000	0.0	NA
chrX	17400000	17500000	0.0	NA
chrX	17500000	17600000	0.0	NA
chrX	17600000	17700000	0.0	NA
chrX	17700000	17800000	0.0	NA
chrX	17800000	17900000	0.0	NA
chrX	17900000	18000000	0.0	NA
chrX	18000000	18100000	0.0	NA
chrX	18100000	18200000	0.0	NA
chrX	18200000	18300000	0.0	NA
chrX	18300000	18400000	0.0	NA
chrX	18400000	18500000	0.0	NA
chrX	18500000	18600000	0.0	NA
chrX	18600000	18700000	0.0	NA
chrX	18700000	18800000	0.0	NA
chrX	18800000	18900000	0.0002675017862105134	32737
chrX	18900000	19000000	0.00012040620058075361	7954
chrX	19000000	19100000	4.958251522183223e-06	4116
chrX	19100000	19200000	0.0002684869850061193	39110
chrX	19200000	19300000	0.000296612847544685	73116
chrX	19300000	19400000	7.782294826810007e-05	2790
chrX	19400000	19500000	0.0	NA
chrX	19500000	19600000	0.0	NA
chrX	19600000	19700000	0.0	NA
chrX	19700000	19800000	0.0	NA
chrX	19800000	19900000	0.0	NA
chrX	19900000	20000000	0.0	NA
chrX	20000000	20100000	0.0	NA
chrX	20100000	20200000	0.0	NA
chrX	20200000	20300000	0.0	NA
chrX	20300000	20400000	0.0	NA
chrX	20400000	20500000	0.0	NA
chrX	20500000	20600000	0.0	NA
chrX	20600000	20700000	0.0	NA
chrX	20700000	20800000	0.0	NA
chrX	20800000	20900000	0.0	NA
chrX	20900000	21000000	0.0	NA
chrX	21000000	21100000	0.0	NA
chrX	21100000	21200000	0.0	NA
chrX	21200000	21300000	0.0	NA
chrX	21300000	21400000	0.0	NA
chrX	21400000	21500000	0.0	NA
chrX	21500000	21600000	0.0	NA
chrX	21600000	21700000	0.0	NA
chrX	21700000	21800000	0.0	NA
chrX	21800000	21900000	0.0	NA
chrX	21900000	22000000	0.0	NA
chrX	22000000	22100000	0.0	NA
chrX	22100000	22200000	0.0	NA
chrX	22200000	22300000	0.0	NA
chrX	22300000	22400000	0.0	NA
chrX	22400000	22500000	0.0	NA
chrX	22500000	22600000	0.0	NA
chrX	22600000	22700000	0.0	NA
chrX	22700000	22800000	0.0	NA
chrX	22800000	22900000	0.0	NA
chrX	22900000	23000000	0.0	NA
chrX	23000000	23100000	0.0	NA
chrX	23100000	23200000	0.0	NA
chrX	23200000	23300000	0.0	NA
chrX	23300000	23400000	0.00045721362534297775	38178
chrX	23400000	23500000	0.000537252357205551	60203
chrX	23500000	23600000	0.00043395264921043767	72295
chrX	23600000	23700000	0.000712258587536102	61975
chrX	23700000	23800000	0.0007233900276186346	25799
chrX	23800000	23900000	0.00047322727735098875	25641
chrX	23900000	24000000	0.00042355752816902005	23844
chrX	24000000	24100000	0.00029607851273561066	10384
chrX	24100000	24200000	0.0005078943505742098	32863
chrX	24200000	24300000	0.0006433813300206865	44739
chrX	24300000	24400000	0.00031203242243347916	68865
chrX	24400000	24500000	0.0005755243773886161	63323
chrX	24500000	24600000	0.00035338594315500755	6730
chrX	24600000	24700000	0.00013069805705208067	7120
chrX	24700000	24800000	0.000106211477198696	8397
chrX	24800000	24900000	0.0	NA
chrX	24900000	25000000	0.0	NA
chrX	25000000	25100000	0.0003574700332316784	56512
chrX	25100000	25200000	0.00023240103926925484	78985
chrX	25200000	25300000	0.00033490841975673536	85156
chrX	25300000	25400000	0.00024406637019229875	65743
chrX	25400000	25500000	0.0003122096248102346	80410
chrX	25500000	25600000	0.0005165605317871987	86307
chrX	25600000	25700000	0.0005301505341095325	91717
chrX	25700000	25800000	0.000604537083292143	79346
chrX	25800000	25900000	0.0003997040196334053	84625
chrX	25900000	26000000	0.0005164567816622108	75396
chrX	26000000	26100000	0.00043407351688660805	81360
chrX	26100000	26200000	0.0004387918050432462	73080
chrX	26200000	26300000	0.0006370602013541445	74608
chrX	26300000	26400000	0.0003785730907260828	71017
chrX	26400000	26500000	0.0004098539486194487	84539
chrX	26500000	26600000	0.0005745281626041499	75100
chrX	26600000	26700000	0.00040283984763236566	85836
chrX	26700000	26800000	0.0005270440687433204	81441
chrX	26800000	26900000	0.000625325867832501	85563
chrX	26900000	27000000	0.0006692807976944186	86586
chrX	27000000	27100000	0.00047029892130193363	78634
chrX	27100000	27200000	0.00037053467825900837	75843
chrX	27200000	27300000	0.00022221337909583786	81114
chrX	27300000	27400000	0.0003047401536009421	74297
chrX	27400000	27500000	0.0005916443773429571	78903
chrX	27500000	27600000	0.0005068268959437627	75188
chrX	27600000	27700000	0.0004154567952338198	82222
chrX	27700000	27800000	0.000501819003453891	81185
chrX	27800000	27900000	0.00010223554275700737	75740
chrX	27900000	28000000	0.00010444575299897189	83629
chrX	28000000	28100000	0.0002367589916126607	87563
chrX	28100000	28200000	0.00019895716723113032	80671
chrX	28200000	28300000	0.0002507791248458829	83213
chrX	28300000	28400000	0.0001515791536581933	81454
chrX	28400000	28500000	0.0004207046488579592	74206
chrX	28500000	28600000	0.0004192457109490098	79862
chrX	28600000	28700000	0.0002685064454477813	5532
chrX	28700000	28800000	0.0	NA
chrX	28800000	28900000	0.0	NA
chrX	28900000	29000000	0.0	NA
chrX	29000000	29100000	0.0	NA
chrX	29100000	29200000	0.0	NA
chrX	29200000	29300000	0.0	NA
chrX	29300000	29400000	0.0	NA
chrX	29400000	29500000	0.0	NA
chrX	29500000	29600000	0.0	NA
chrX	29600000	29700000	0.0	NA
chrX	29700000	29800000	0.0	NA
chrX	29800000	29900000	0.0	NA
chrX	29900000	30000000	5.992084096959404e-05	17886
chrX	30000000	30100000	8.510456575575041e-05	75211
chrX	30100000	30200000	0.00021743918607573947	82088
chrX	30200000	30300000	0.00024226964641445398	68485
chrX	30300000	30400000	0.00031876220224414986	77006
chrX	30400000	30500000	0.00030129255042394605	81302
chrX	30500000	30600000	0.00026496728369229954	61425
chrX	30600000	30700000	0.0002814112290001654	46509
chrX	30700000	30800000	0.000509653720338028	29646
chrX	30800000	30900000	0.00026100180884054333	20458
chrX	30900000	31000000	0.0005518629599507655	81314
chrX	31000000	31100000	0.0002201980184638118	79204
chrX	31100000	31200000	0.000379301841599135	32605
chrX	31200000	31300000	0.0	NA
chrX	31300000	31400000	0.0	NA
chrX	31400000	31500000	0.0	NA
chrX	31500000	31600000	0.0	NA
chrX	31600000	31700000	0.0	NA
chrX	31700000	31800000	0.0	NA
chrX	31800000	31900000	0.0	NA
chrX	31900000	32000000	0.0	NA
chrX	32000000	32100000	0.0	NA
chrX	32100000	32200000	0.0	NA
chrX	32200000	32300000	0.0	NA
chrX	32300000	32400000	0.0	NA
chrX	32400000	32500000	0.0	NA
chrX	32500000	32600000	0.0	NA
chrX	32600000	32700000	0.0	NA
chrX	32700000	32800000	0.0	NA
chrX	32800000	32900000	0.0	NA
chrX	32900000	33000000	0.0	NA
chrX	33000000	33100000	0.0	NA
chrX	33100000	33200000	0.0	NA
chrX	33200000	33300000	0.0	NA
chrX	33300000	33400000	0.00037061165558956437	32560
chrX	33400000	33500000	0.00013754000483826668	84705
chrX	33500000	33600000	0.00048024368520215396	81055
chrX	33600000	33700000	0.00041338753512230956	84563
chrX	33700000	33800000	0.00042014664609822823	84785
chrX	33800000	33900000	0.0006398971261016574	85057
chrX	33900000	34000000	0.0007435285786689628	84549
chrX	34000000	34100000	0.0005357527056311978	91089
chrX	34100000	34200000	0.0007000649216394086	76290
chrX	34200000	34300000	0.0006139587661757676	83539
chrX	34300000	34400000	0.0006436056824702094	84866
chrX	34400000	34500000	0.0007260194206270616	74386
chrX	34500000	34600000	0.0005138196924988012	83698
chrX	34600000	34700000	0.0003017377793410072	62606
chrX	34700000	34800000	0.00038798628817702147	85644
chrX	34800000	34900000	0.0005820305751185958	79295
chrX	34900000	35000000	0.0004186045260660532	85031
chrX	35000000	35100000	0.0005652045899423963	84520
chrX	35100000	35200000	0.00023974465893722058	83989
chrX	35200000	35300000	0.00030403144229548693	82838
chrX	35300000	35400000	0.0004904742978934327	83294
chrX	35400000	35500000	0.00032727337073238175	83693
chrX	35500000	35600000	0.00015127895220472967	79453
chrX	35600000	35700000	0.0004231458870648345	72509
chrX	35700000	35800000	0.00016783748558765217	87814
chrX	35800000	35900000	0.0005542981805065826	79834
chrX	35900000	36000000	0.0002371453141642697	28989
chrX	36000000	36100000	0.0	NA
chrX	36100000	36200000	0.0	NA
chrX	36200000	36300000	0.0	NA
chrX	36300000	36400000	0.0	NA
chrX	36400000	36500000	0.0004663336044692197	31231
chrX	36500000	36600000	0.00018388397883860845	87048
chrX	36600000	36700000	0.00022622931262660184	84166
chrX	36700000	36800000	0.0002672491721545512	83505
chrX	36800000	36900000	0.00025417446051225384	90691
chrX	36900000	37000000	0.00010897552321975747	78143
chrX	37000000	37100000	0.00017127980740989706	51870
chrX	37100000	37200000	0.0001060623776357244	38644
chrX	37200000	37300000	0.00024822745668283175	8119
chrX	37300000	37400000	0.00024303196229373994	41133
chrX	37400000	37500000	7.727078502779579e-05	13968
chrX	37500000	37600000	0.00010059803062127455	15052
chrX	37600000	37700000	0.00017716421833184582	49342
chrX	37700000	37800000	9.35762595385224e-05	78306
chrX	37800000	37900000	0.000580256121920491	53127
chrX	37900000	38000000	0.000269446596412825	11123
chrX	38000000	38100000	0.00025801534294150896	25187
chrX	38100000	38200000	0.0005644867762823394	33111
chrX	38200000	38300000	0.0008919830608325085	25710
chrX	38300000	38400000	0.0003346976357077249	39860
chrX	38400000	38500000	0.0	NA
chrX	38500000	38600000	0.0	NA
chrX	38600000	38700000	0.0	NA
chrX	38700000	38800000	0.0	NA
chrX	38800000	38900000	0.0	NA
chrX	38900000	39000000	0.0	NA
chrX	39000000	39100000	0.0	NA
chrX	39100000	39200000	0.0	NA
chrX	39200000	39300000	0.0	NA
chrX	39300000	39400000	0.0	NA
chrX	39400000	39500000	0.0	NA
chrX	39500000	39600000	0.0	NA
chrX	39600000	39700000	0.0	NA
chrX	39700000	39800000	0.0	NA
chrX	39800000	39900000	0.0	NA
chrX	39900000	40000000	0.0	NA
chrX	40000000	40100000	0.0	NA
chrX	40100000	40200000	0.0	NA
chrX	40200000	40300000	0.0	NA
chrX	40300000	40400000	0.0	NA
chrX	40400000	40500000	0.0	NA
chrX	40500000	40600000	0.0	NA
chrX	40600000	40700000	0.0	NA
chrX	40700000	40800000	0.0	NA
chrX	40800000	40900000	0.0	NA
chrX	40900000	41000000	0.0	NA
chrX	41000000	41100000	0.0	NA
chrX	41100000	41200000	0.0	NA
chrX	41200000	41300000	0.0008149616082315254	12017
chrX	41300000	41400000	0.0004866906540641449	25399
chrX	41400000	41500000	0.0	NA
chrX	41500000	41600000	0.0	NA
chrX	41600000	41700000	0.0	NA
chrX	41700000	41800000	2.4051493161399254e-05	14731
chrX	41800000	41900000	0.0003016610316111348	80598
chrX	41900000	42000000	0.00045222434591420016	88976
chrX	42000000	42100000	0.0002419682542960242	79880
chrX	42100000	42200000	0.0001650979806978909	79572
chrX	42200000	42300000	0.00012119593870771075	80006
chrX	42300000	42400000	0.00016913160460279092	83348
chrX	42400000	42500000	0.00018851148294496208	81275
chrX	42500000	42600000	0.000596625372677654	79932
chrX	42600000	42700000	0.0006551505923889369	81058
chrX	42700000	42800000	0.0005276216485239121	79569
chrX	42800000	42900000	0.0006640919728021407	84428
chrX	42900000	43000000	0.0005233546716250937	89394
chrX	43000000	43100000	0.00023001484090025054	44692
chrX	43100000	43200000	0.0002097970777751433	76557
chrX	43200000	43300000	0.00021534042232932514	86165
chrX	43300000	43400000	0.00029614522971919684	85402
chrX	43400000	43500000	0.0004684186325858337	77829
chrX	43500000	43600000	0.0005297098448792116	9768
chrX	43600000	43700000	0.0004117051404111299	17236
chrX	43700000	43800000	6.269319234929889e-05	48087
chrX	43800000	43900000	0.0002946246130907907	61576
chrX	43900000	44000000	0.00031096267970070264	82612
chrX	44000000	44100000	0.00029143387022621196	6075
chrX	44100000	44200000	0.0	NA
chrX	44200000	44300000	0.0005533910450340018	68152
chrX	44300000	44400000	0.00047270811400068185	50725
chrX	44400000	44500000	0.0006208229859386298	45746
chrX	44500000	44600000	0.0001990723386048951	61365
chrX	44600000	44700000	0.0003292645826056369	47804
chrX	44700000	44800000	0.00016482924444834255	18821
chrX	44800000	44900000	0.0	NA
chrX	44900000	45000000	0.00015936371154750547	21963
chrX	45000000	45100000	0.0006217295253055006	38914
chrX	45100000	45200000	0.0002674611941338808	85322
chrX	45200000	45300000	4.0169695771427304e-05	85326
chrX	45300000	45400000	0.00017554035395617312	61223
chrX	45400000	45500000	0.00011144362514919716	84098
chrX	45500000	45600000	0.0004720182782850814	76303
chrX	45600000	45700000	0.00037410998413613437	84474
chrX	45700000	45800000	0.00023808659958407752	74446
chrX	45800000	45900000	0.0005729737095748581	78444
chrX	45900000	46000000	0.00020657450991578202	21486
chrX	46000000	46100000	0.0	NA
chrX	46100000	46200000	0.0	NA
chrX	46200000	46300000	0.0	NA
chrX	46300000	46400000	0.0	NA
chrX	46400000	46500000	0.0	NA
chrX	46500000	46600000	0.0	NA
chrX	46600000	46700000	0.0	NA
chrX	46700000	46800000	0.0	NA
chrX	46800000	46900000	0.0	NA
chrX	46900000	47000000	0.0	NA
chrX	47000000	47100000	0.0	NA
chrX	47100000	47200000	0.0	NA
chrX	47200000	47300000	0.0	NA
chrX	47300000	47400000	0.0	NA
chrX	47400000	47500000	0.0	NA
chrX	47500000	47600000	0.0	NA
chrX	47600000	47700000	0.0	NA
chrX	47700000	47800000	0.0	NA
chrX	47800000	47900000	0.0	NA
chrX	47900000	48000000	0.0	NA
chrX	48000000	48100000	0.0	NA
chrX	48100000	48200000	0.0	NA
chrX	48200000	48300000	0.0	NA
chrX	48300000	48400000	0.0	NA
chrX	48400000	48500000	0.0	NA
chrX	48500000	48600000	0.0	NA
chrX	48600000	48700000	0.0	NA
chrX	48700000	48800000	0.0	NA
chrX	48800000	48900000	0.0	NA
chrX	48900000	49000000	0.0	NA
chrX	49000000	49100000	0.0	NA
chrX	49100000	49200000	0.0	NA
chrX	49200000	49300000	0.0	NA
chrX	49300000	49400000	0.0	NA
chrX	49400000	49500000	0.0	NA
chrX	49500000	49600000	0.0	NA
chrX	49600000	49700000	0.0	NA
chrX	49700000	49800000	0.0	NA
chrX	49800000	49900000	0.0	NA
chrX	49900000	50000000	0.0	NA
chrX	50000000	50100000	0.0	NA
chrX	50100000	50200000	0.0	NA
chrX	50200000	50300000	0.0	NA
chrX	50300000	50400000	0.0	NA
chrX	50400000	50500000	0.0	NA
chrX	50500000	50600000	0.0	NA
chrX	50600000	50700000	0.0	NA
chrX	50700000	50800000	0.0	NA
chrX	50800000	50900000	0.0	NA
chrX	50900000	51000000	0.0	NA
chrX	51000000	51100000	0.0	NA
chrX	51100000	51200000	0.0	NA
chrX	51200000	51300000	0.0	NA
chrX	51300000	51400000	0.0	NA
chrX	51400000	51500000	0.0	NA
chrX	51500000	51600000	0.0	NA
chrX	51600000	51700000	0.0	NA
chrX	51700000	51800000	0.0	NA
chrX	51800000	51900000	0.0	NA
chrX	51900000	52000000	0.0	NA
chrX	52000000	52100000	0.0	NA
chrX	52100000	52200000	0.0	NA
chrX	52200000	52300000	0.0	NA
chrX	52300000	52400000	0.0	NA
chrX	52400000	52500000	0.0	NA
chrX	52500000	52600000	0.0	NA
chrX	52600000	52700000	0.0	NA
chrX	52700000	52800000	0.0	NA
chrX	52800000	52900000	0.0	NA
chrX	52900000	53000000	0.0	NA
chrX	53000000	53100000	0.0	NA
chrX	53100000	53200000	0.0	NA
chrX	53200000	53300000	0.0	NA
chrX	53300000	53400000	0.0	NA
chrX	53400000	53500000	0.0	NA
chrX	53500000	53600000	0.0	NA
chrX	53600000	53700000	0.0	NA
chrX	53700000	53800000	0.0	NA
chrX	53800000	53900000	0.0	NA
chrX	53900000	54000000	0.0	NA
chrX	54000000	54100000	0.0	NA
chrX	54100000	54200000	0.0	NA
chrX	54200000	54300000	0.0	NA
chrX	54300000	54400000	0.0	NA
chrX	54400000	54500000	0.0	NA
chrX	54500000	54600000	0.0	NA
chrX	54600000	54700000	0.0	NA
chrX	54700000	54800000	0.0	NA
chrX	54800000	54900000	0.0	NA
chrX	54900000	55000000	0.0	NA
chrX	55000000	55100000	0.0	NA
chrX	55100000	55200000	0.0	NA
chrX	55200000	55300000	0.0	NA
chrX	55300000	55400000	0.0	NA
chrX	55400000	55500000	0.0	NA
chrX	55500000	55600000	0.0	NA
chrX	55600000	55700000	0.0	NA
chrX	55700000	55800000	0.0	NA
chrX	55800000	55900000	0.0	NA
chrX	55900000	56000000	0.0	NA
chrX	56000000	56100000	0.0	NA
chrX	56100000	56200000	0.0	NA
chrX	56200000	56300000	0.0	NA
chrX	56300000	56400000	0.0	NA
chrX	56400000	56500000	0.0	NA
chrX	56500000	56600000	0.0	NA
chrX	56600000	56700000	0.0	NA
chrX	56700000	56800000	0.0	NA
chrX	56800000	56900000	0.0	NA
chrX	56900000	57000000	0.0	NA
chrX	57000000	57100000	0.0	NA
chrX	57100000	57200000	0.0	NA
chrX	57200000	57300000	0.0	NA
chrX	57300000	57400000	0.0	NA
chrX	57400000	57500000	0.0	NA
chrX	57500000	57600000	0.0	NA
chrX	57600000	57700000	0.0	NA
chrX	57700000	57800000	0.0	NA
chrX	57800000	57900000	0.0	NA
chrX	57900000	58000000	0.0	NA
chrX	58000000	58100000	0.0	NA
chrX	58100000	58200000	0.0	NA
chrX	58200000	58300000	0.0	NA
chrX	58300000	58400000	0.0	NA
chrX	58400000	58500000	0.0	NA
chrX	58500000	58600000	0.0	NA
chrX	58600000	58700000	0.0	NA
chrX	58700000	58800000	0.0	NA
chrX	58800000	58900000	0.0	NA
chrX	58900000	59000000	0.0	NA
chrX	59000000	59100000	0.0	NA
chrX	59100000	59200000	0.0	NA
chrX	59200000	59300000	0.0	NA
chrX	59300000	59400000	0.0	NA
chrX	59400000	59500000	0.0	NA
chrX	59500000	59600000	0.0	NA
chrX	59600000	59700000	0.0	NA
chrX	59700000	59800000	0.0	NA
chrX	59800000	59900000	0.0	NA
chrX	59900000	60000000	0.0	NA
chrX	60000000	60100000	0.0	NA
chrX	60100000	60200000	0.0	NA
chrX	60200000	60300000	0.0	NA
chrX	60300000	60400000	0.0	NA
chrX	60400000	60500000	0.0	NA
chrX	60500000	60600000	0.0	NA
chrX	60600000	60700000	0.0	NA
chrX	60700000	60800000	0.0	NA
chrX	60800000	60900000	0.0	NA
chrX	60900000	61000000	0.0	NA
chrX	61000000	61100000	0.0	NA
chrX	61100000	61200000	0.0	NA
chrX	61200000	61300000	0.0	NA
chrX	61300000	61400000	0.0	NA
chrX	61400000	61500000	0.0	NA
chrX	61500000	61600000	0.0	NA
chrX	61600000	61700000	0.0	NA
chrX	61700000	61800000	0.0	NA
chrX	61800000	61900000	0.0	NA
chrX	61900000	62000000	0.0	NA
chrX	62000000	62100000	0.0	NA
chrX	62100000	62200000	0.0	NA
chrX	62200000	62300000	0.0	NA
chrX	62300000	62400000	0.0	NA
chrX	62400000	62500000	0.0	NA
chrX	62500000	62600000	0.0	NA
chrX	62600000	62700000	0.0	NA
chrX	62700000	62800000	0.0	NA
chrX	62800000	62900000	0.0	NA
chrX	62900000	63000000	0.0	NA
chrX	63000000	63100000	0.0	NA
chrX	63100000	63200000	0.0	NA
chrX	63200000	63300000	0.0	NA
chrX	63300000	63400000	0.0	NA
chrX	63400000	63500000	0.0	NA
chrX	63500000	63600000	0.0	NA
chrX	63600000	63700000	0.0	NA
chrX	63700000	63800000	0.0	NA
chrX	63800000	63900000	0.0	NA
chrX	63900000	64000000	0.0	NA
chrX	64000000	64100000	0.0	NA
chrX	64100000	64200000	0.0	NA
chrX	64200000	64300000	0.0	NA
chrX	64300000	64400000	0.0	NA
chrX	64400000	64500000	0.0	NA
chrX	64500000	64600000	0.0	NA
chrX	64600000	64700000	0.0	NA
chrX	64700000	64800000	0.0	NA
chrX	64800000	64900000	0.0	NA
chrX	64900000	65000000	0.0	NA
chrX	65000000	65100000	0.0	NA
chrX	65100000	65200000	0.0	NA
chrX	65200000	65300000	0.0	NA
chrX	65300000	65400000	0.0	NA
chrX	65400000	65500000	0.0	NA
chrX	65500000	65600000	0.0	NA
chrX	65600000	65700000	0.0	NA
chrX	65700000	65800000	0.0	NA
chrX	65800000	65900000	0.0	NA
chrX	65900000	66000000	0.0	NA
chrX	66000000	66100000	0.0	NA
chrX	66100000	66200000	0.0	NA
chrX	66200000	66300000	0.0	NA
chrX	66300000	66400000	0.0	NA
chrX	66400000	66500000	0.0	NA
chrX	66500000	66600000	0.0	NA
chrX	66600000	66700000	0.0	NA
chrX	66700000	66800000	0.0	NA
chrX	66800000	66900000	0.0	NA
chrX	66900000	67000000	0.0	NA
chrX	67000000	67100000	0.0	NA
chrX	67100000	67200000	0.0	NA
chrX	67200000	67300000	0.0	NA
chrX	67300000	67400000	0.0	NA
chrX	67400000	67500000	0.0	NA
chrX	67500000	67600000	0.0	NA
chrX	67600000	67700000	0.0	NA
chrX	67700000	67800000	0.0	NA
chrX	67800000	67900000	0.0	NA
chrX	67900000	68000000	0.0	NA
chrX	68000000	68100000	0.0	NA
chrX	68100000	68200000	0.0	NA
chrX	68200000	68300000	0.0	NA
chrX	68300000	68400000	0.0	NA
chrX	68400000	68500000	0.0	NA
chrX	68500000	68600000	0.0	NA
chrX	68600000	68700000	0.0	NA
chrX	68700000	68800000	0.0	NA
chrX	68800000	68900000	0.0	NA
chrX	68900000	69000000	0.0	NA
chrX	69000000	69100000	0.0	NA
chrX	69100000	69200000	0.0	NA
chrX	69200000	69300000	0.0	NA
chrX	69300000	69400000	0.0	NA
chrX	69400000	69500000	0.0	NA
chrX	69500000	69600000	0.0	NA
chrX	69600000	69700000	0.0	NA
chrX	69700000	69800000	0.0	NA
chrX	69800000	69900000	0.0	NA
chrX	69900000	70000000	0.0	NA
chrX	70000000	70100000	0.0	NA
chrX	70100000	70200000	0.0	NA
chrX	70200000	70300000	0.0	NA
chrX	70300000	70400000	0.0	NA
chrX	70400000	70500000	0.0	NA
chrX	70500000	70600000	0.0	NA
chrX	70600000	70700000	0.0	NA
chrX	70700000	70800000	0.0	NA
chrX	70800000	70900000	0.0	NA
chrX	70900000	71000000	0.0	NA
chrX	71000000	71100000	0.0	NA
chrX	71100000	71200000	0.0	NA
chrX	71200000	71300000	0.0	NA
chrX	71300000	71400000	0.0	NA
chrX	71400000	71500000	0.0	NA
chrX	71500000	71600000	0.0	NA
chrX	71600000	71700000	0.0	NA
chrX	71700000	71800000	0.0	NA
chrX	71800000	71900000	0.0	NA
chrX	71900000	72000000	0.0	NA
chrX	72000000	72100000	0.0	NA
chrX	72100000	72200000	0.0	NA
chrX	72200000	72300000	0.0	NA
chrX	72300000	72400000	0.0	NA
chrX	72400000	72500000	0.0	NA
chrX	72500000	72600000	0.0	NA
chrX	72600000	72700000	0.0	NA
chrX	72700000	72800000	0.0	NA
chrX	72800000	72900000	0.0	NA
chrX	72900000	73000000	0.0	NA
chrX	73000000	73100000	0.0	NA
chrX	73100000	73200000	0.0	NA
chrX	73200000	73300000	0.0	NA
chrX	73300000	73400000	0.0	NA
chrX	73400000	73500000	0.0	NA
chrX	73500000	73600000	0.0	NA
chrX	73600000	73700000	0.0	NA
chrX	73700000	73800000	0.0	NA
chrX	73800000	73900000	0.0	NA
chrX	73900000	74000000	0.0	NA
chrX	74000000	74100000	0.0	NA
chrX	74100000	74200000	0.0	NA
chrX	74200000	74300000	0.0	NA
chrX	74300000	74400000	0.0	NA
chrX	74400000	74500000	0.0	NA
chrX	74500000	74600000	0.0	NA
chrX	74600000	74700000	0.0	NA
chrX	74700000	74800000	0.0	NA
chrX	74800000	74900000	0.0	NA
chrX	74900000	75000000	0.0	NA
chrX	75000000	75100000	0.0	NA
chrX	75100000	75200000	0.0	NA
chrX	75200000	75300000	0.0	NA
chrX	75300000	75400000	0.0	NA
chrX	75400000	75500000	0.0	NA
chrX	75500000	75600000	0.0	NA
chrX	75600000	75700000	0.0	NA
chrX	75700000	75800000	0.0	NA
chrX	75800000	75900000	0.0	NA
chrX	75900000	76000000	0.0	NA
chrX	76000000	76100000	0.0	NA
chrX	76100000	76200000	0.0	NA
chrX	76200000	76300000	0.0	NA
chrX	76300000	76400000	0.0	NA
chrX	76400000	76500000	0.0	NA
chrX	76500000	76600000	0.0	NA
chrX	76600000	76700000	0.0	NA
chrX	76700000	76800000	0.0	NA
chrX	76800000	76900000	0.0	NA
chrX	76900000	77000000	0.0	NA
chrX	77000000	77100000	0.0	NA
chrX	77100000	77200000	0.0	NA
chrX	77200000	77300000	0.0	NA
chrX	77300000	77400000	0.0	NA
chrX	77400000	77500000	0.0	NA
chrX	77500000	77600000	0.0	NA
chrX	77600000	77700000	0.0	NA
chrX	77700000	77800000	0.0	NA
chrX	77800000	77900000	0.0	NA
chrX	77900000	78000000	0.000472884135430207	37998
chrX	78000000	78100000	0.00045059609103110246	69973
chrX	78100000	78200000	0.00021471851066869727	76470
chrX	78200000	78300000	0.0003557662256854771	56319
chrX	78300000	78400000	0.0004507917263837117	79018
chrX	78400000	78500000	0.0006775562664286616	76906
chrX	78500000	78600000	0.0004766050066534147	80798
chrX	78600000	78700000	0.00036418743765671786	72185
chrX	78700000	78800000	0.0003730942362751337	72233
chrX	78800000	78900000	0.0004878981410715889	85322
chrX	78900000	79000000	0.0008640108206089421	71153
chrX	79000000	79100000	0.0005565435927417767	74574
chrX	79100000	79200000	0.0011516241665009473	68742
chrX	79200000	79300000	0.0015290098410611277	57453
chrX	79300000	79400000	0.00069785699627312	71543
chrX	79400000	79500000	0.0005880272484539455	56673
chrX	79500000	79600000	0.0	185
chrX	79600000	79700000	0.0	NA
chrX	79700000	79800000	0.00021824847178717203	70979
chrX	79800000	79900000	0.00018032561793791287	69882
chrX	79900000	80000000	0.000307281097296068	17079
chrX	80000000	80100000	0.00032482128365222767	22051
chrX	80100000	80200000	0.00039854860069754426	64438
chrX	80200000	80300000	0.0004315403828521744	60867
chrX	80300000	80400000	0.0003606369378903345	49662
chrX	80400000	80500000	0.0	NA
chrX	80500000	80600000	0.00043035924988712505	32793
chrX	80600000	80700000	0.0005316698004370389	87081
chrX	80700000	80800000	0.0010312091356341202	78084
chrX	80800000	80900000	0.0006238513939503572	82390
chrX	80900000	81000000	0.000439047467300193	71089
chrX	81000000	81100000	0.0006242706657106618	65405
chrX	81100000	81200000	0.0005851133301544526	81176
chrX	81200000	81300000	0.00028027493077185435	71634
chrX	81300000	81400000	0.0005918800692837019	84901
chrX	81400000	81500000	0.00013591646745906988	80220
chrX	81500000	81600000	0.00010015612157968013	87904
chrX	81600000	81700000	0.00040342784010820526	80926
chrX	81700000	81800000	0.0005154320190493355	75521
chrX	81800000	81900000	0.0005719186273564896	78503
chrX	81900000	82000000	0.00042292287232118404	79390
chrX	82000000	82100000	0.0007722958134098499	70360
chrX	82100000	82200000	0.0005288162271002901	82185
chrX	82200000	82300000	0.0008184591438321191	80752
chrX	82300000	82400000	0.0003389801271334264	75059
chrX	82400000	82500000	0.0005193105087631093	81344
chrX	82500000	82600000	0.0002680236368386058	77677
chrX	82600000	82700000	0.00040006353997869385	70306
chrX	82700000	82800000	0.0002166043748960251	86482
chrX	82800000	82900000	0.0003061177876347214	73797
chrX	82900000	83000000	0.0004160827320264446	65746
chrX	83000000	83100000	0.00033226126903591424	71216
chrX	83100000	83200000	0.00024268626971558162	61184
chrX	83200000	83300000	0.00044626170584883846	77716
chrX	83300000	83400000	0.000474091767803459	10199
chrX	83400000	83500000	0.0006070904759599358	50376
chrX	83500000	83600000	0.0006141208641042701	55116
chrX	83600000	83700000	0.0	NA
chrX	83700000	83800000	0.0012365441988950118	35573
chrX	83800000	83900000	0.0006392129834514698	72500
chrX	83900000	84000000	0.00025184215521219906	82759
chrX	84000000	84100000	0.0008536886232354141	76378
chrX	84100000	84200000	0.0007209260631260947	62829
chrX	84200000	84300000	0.0008398523190477851	33244
chrX	84300000	84400000	0.0007169889382653539	26706
chrX	84400000	84500000	0.00023082834534266165	70104
chrX	84500000	84600000	0.00012736191259595246	3887
chrX	84600000	84700000	0.0009679496006369115	46655
chrX	84700000	84800000	0.0004941997503309652	83194
chrX	84800000	84900000	0.000778495522526316	74517
chrX	84900000	85000000	0.0008906427456344196	65222
chrX	85000000	85100000	0.0007559440475948204	68020
chrX	85100000	85200000	0.00043348200424247926	12413
chrX	85200000	85300000	0.0	NA
chrX	85300000	85400000	0.00036164233118304964	70772
chrX	85400000	85500000	0.0003707482442717332	2548
chrX	85500000	85600000	0.0	NA
chrX	85600000	85700000	0.0	NA
chrX	85700000	85800000	0.0	NA
chrX	85800000	85900000	0.0	NA
chrX	85900000	86000000	0.0	NA
chrX	86000000	86100000	0.000630936731195752	11229
chrX	86100000	86200000	0.0005520451746656474	76098
chrX	86200000	86300000	0.0006117926328187498	73869
chrX	86300000	86400000	0.0005481927734000047	73342
chrX	86400000	86500000	0.001064431332476715	79538
chrX	86500000	86600000	0.0008410433436710156	80524
chrX	86600000	86700000	0.0010812954629340632	80310
chrX	86700000	86800000	0.0007169909641999686	54161
chrX	86800000	86900000	0.0	NA
chrX	86900000	87000000	0.0007599161727440899	57181
chrX	87000000	87100000	0.0008837108349740464	71326
chrX	87100000	87200000	0.0007863740250200731	85549
chrX	87200000	87300000	0.000511257812377377	77545
chrX	87300000	87400000	0.0004390172380624514	87214
chrX	87400000	87500000	0.0006930375532583011	82770
chrX	87500000	87600000	0.0006613454574712641	71770
chrX	87600000	87700000	0.0007431931569292774	84236
chrX	87700000	87800000	0.0017437437499455617	73486
chrX	87800000	87900000	0.00037382006108518836	82864
chrX	87900000	88000000	6.331130718496425e-05	83275
chrX	88000000	88100000	0.0005076573849772878	63045
chrX	88100000	88200000	0.0003590181756180173	81860
chrX	88200000	88300000	0.0005313267076124468	83872
chrX	88300000	88400000	0.0004504314379382811	82143
chrX	88400000	88500000	0.0005631434954010296	47115
chrX	88500000	88600000	0.00031397174254317145	65
chrX	88600000	88700000	0.0	62
chrX	88700000	88800000	0.0	51
chrX	88800000	88900000	0.0007238199464619392	1265
chrX	88900000	89000000	0.000776539754327153	9301
chrX	89000000	89100000	0.0	599
chrX	89100000	89200000	0.0	33
chrX	89200000	89300000	0.0006060056528007271	34332
chrX	89300000	89400000	0.0006529598095683754	41558
chrX	89400000	89500000	1.1962581046486604e-05	3412
chrX	89500000	89600000	8.424919903000935e-05	1833
chrX	89600000	89700000	0.000956594278772121	514
chrX	89700000	89800000	0.0009693934108395604	372
chrX	89800000	89900000	0.00041153880834082817	4368
chrX	89900000	90000000	0.00025649435031744656	1360
chrX	90000000	90100000	0.0	782
chrX	90100000	90200000	0.0004301389133042891	7649
chrX	90200000	90300000	0.000611873190860047	6996
chrX	90300000	90400000	0.000721994246201885	77222
chrX	90400000	90500000	0.0	228
chrX	90500000	90600000	0.0007063886742117502	66546
chrX	90600000	90700000	0.00033713691229652937	62942
chrX	90700000	90800000	0.0009194067123911766	30386
chrX	90800000	90900000	0.0004092113218260899	1345
chrX	90900000	91000000	0.0011505879652263784	17357
chrX	91000000	91100000	0.0032267949761706567	276
chrX	91100000	91200000	0.0	NA
chrX	91200000	91300000	0.0	NA
chrX	91300000	91400000	0.0	NA
chrX	91400000	91500000	0.0	NA
chrX	91500000	91600000	0.0	NA
chrX	91600000	91700000	0.0	NA
chrX	91700000	91800000	0.0	NA
chrX	91800000	91900000	0.0005694908738600443	648
chrX	91900000	92000000	0.0	250
chrX	92000000	92100000	0.002226819018821834	226
chrX	92100000	92200000	0.0007414378666714882	4282
chrX	92200000	92300000	0.0	857
chrX	92300000	92400000	0.0005706809873974511	21631
chrX	92400000	92500000	0.0005882543775010983	82097
chrX	92500000	92600000	0.0009552209644881375	80729
chrX	92600000	92700000	0.0005057028293167662	82484
chrX	92700000	92800000	0.0008483801050254601	84326
chrX	92800000	92900000	0.0006195036162214896	77046
chrX	92900000	93000000	0.000259404103853799	49011
chrX	93000000	93100000	0.000270736971096179	90770
chrX	93100000	93200000	0.0006366516127387557	79369
chrX	93200000	93300000	0.00031962204759919134	81587
chrX	93300000	93400000	0.0005356640018470067	82176
chrX	93400000	93500000	0.0005330862531816683	84111
chrX	93500000	93600000	0.000621463951138701	82435
chrX	93600000	93700000	0.0006223944871091773	86640
chrX	93700000	93800000	0.0005651861645879492	79207
chrX	93800000	93900000	0.0001509141552453617	83504
chrX	93900000	94000000	0.0002842270825961751	79081
chrX	94000000	94100000	0.0003913466960895846	68599
chrX	94100000	94200000	0.0005646360266447121	81259
chrX	94200000	94300000	0.0006503044461184968	82929
chrX	94300000	94400000	0.0007252739392191738	79103
chrX	94400000	94500000	0.0008172173998920957	80136
chrX	94500000	94600000	0.00015179845734713147	80477
chrX	94600000	94700000	0.0001352004500388749	83628
chrX	94700000	94800000	0.00012861017484417864	85075
chrX	94800000	94900000	0.00015760808555312624	76229
chrX	94900000	95000000	0.00011916609386006768	86842
chrX	95000000	95100000	0.00034743184932168	78596
chrX	95100000	95200000	0.0005233723232657847	82344
chrX	95200000	95300000	0.0005532550564391103	79875
chrX	95300000	95400000	0.00043199599961034736	73828
chrX	95400000	95500000	0.000264279761140203	76776
chrX	95500000	95600000	0.0005676101955776329	66411
chrX	95600000	95700000	0.00048370952111958637	80332
chrX	95700000	95800000	0.0006367501503372251	72601
chrX	95800000	95900000	0.0004402611296230276	65373
chrX	95900000	96000000	0.00046751367959060685	29983
chrX	96000000	96100000	0.0	NA
chrX	96100000	96200000	0.0	NA
chrX	96200000	96300000	0.0	NA
chrX	96300000	96400000	0.0	NA
chrX	96400000	96500000	0.0	NA
chrX	96500000	96600000	0.0	NA
chrX	96600000	96700000	0.0	NA
chrX	96700000	96800000	0.0	NA
chrX	96800000	96900000	6.584160107357422e-05	39876
chrX	96900000	97000000	0.00023887322103776588	83338
chrX	97000000	97100000	0.00039638881446735593	82586
chrX	97100000	97200000	0.00024488685294407294	80776
chrX	97200000	97300000	0.00012658837428150674	85277
chrX	97300000	97400000	8.359323555214543e-05	81899
chrX	97400000	97500000	8.264074251363098e-05	80460
chrX	97500000	97600000	0.0001343393512538021	79157
chrX	97600000	97700000	0.000367093136783802	75053
chrX	97700000	97800000	0.00034791774213627946	83246
chrX	97800000	97900000	0.0005756578207457621	79038
chrX	97900000	98000000	0.00044822777010449985	74310
chrX	98000000	98100000	0.0003401674640458746	85181
chrX	98100000	98200000	0.0003489881138020406	79778
chrX	98200000	98300000	0.000219014526315452	89955
chrX	98300000	98400000	0.00011393636281411298	86195
chrX	98400000	98500000	8.967751585891234e-05	78522
chrX	98500000	98600000	0.0001875765457861029	80628
chrX	98600000	98700000	0.00018653097966986543	86591
chrX	98700000	98800000	0.00024474832574725624	15641
chrX	98800000	98900000	0.0	NA
chrX	98900000	99000000	0.0	NA
chrX	99000000	99100000	0.0	NA
chrX	99100000	99200000	0.00020833914668599529	3687
chrX	99200000	99300000	0.00023906153433725965	88148
chrX	99300000	99400000	0.00012592668409484872	74942
chrX	99400000	99500000	7.709634234963959e-05	42883
chrX	99500000	99600000	0.0	NA
chrX	99600000	99700000	0.0	NA
chrX	99700000	99800000	0.0	NA
chrX	99800000	99900000	0.0	NA
chrX	99900000	100000000	0.0	NA
chrX	100000000	100100000	0.0	NA
chrX	100100000	100200000	0.0	NA
chrX	100200000	100300000	0.0	NA
chrX	100300000	100400000	0.0	NA
chrX	100400000	100500000	0.0	NA
chrX	100500000	100600000	0.0	NA
chrX	100600000	100700000	0.0	NA
chrX	100700000	100800000	0.0	NA
chrX	100800000	100900000	0.0	NA
chrX	100900000	101000000	0.0	NA
chrX	101000000	101100000	0.0	NA
chrX	101100000	101200000	0.0	NA
chrX	101200000	101300000	0.0	NA
chrX	101300000	101400000	0.0	NA
chrX	101400000	101500000	0.0	NA
chrX	101500000	101600000	0.0	NA
chrX	101600000	101700000	0.0	NA
chrX	101700000	101800000	0.0	NA
chrX	101800000	101900000	0.0	NA
chrX	101900000	102000000	0.0	NA
chrX	102000000	102100000	0.0	NA
chrX	102100000	102200000	0.0	NA
chrX	102200000	102300000	0.0	NA
chrX	102300000	102400000	0.0	NA
chrX	102400000	102500000	0.0	NA
chrX	102500000	102600000	0.0	NA
chrX	102600000	102700000	0.0	NA
chrX	102700000	102800000	0.0	NA
chrX	102800000	102900000	0.0	NA
chrX	102900000	103000000	0.0	NA
chrX	103000000	103100000	0.0	NA
chrX	103100000	103200000	0.0	NA
chrX	103200000	103300000	0.0	NA
chrX	103300000	103400000	0.0	NA
chrX	103400000	103500000	0.0	NA
chrX	103500000	103600000	0.0	NA
chrX	103600000	103700000	0.0	NA
chrX	103700000	103800000	0.0	NA
chrX	103800000	103900000	0.0	NA
chrX	103900000	104000000	0.0	NA
chrX	104000000	104100000	0.0	NA
chrX	104100000	104200000	0.0	NA
chrX	104200000	104300000	0.0	NA
chrX	104300000	104400000	0.0	NA
chrX	104400000	104500000	0.0	NA
chrX	104500000	104600000	0.0	NA
chrX	104600000	104700000	0.0	NA
chrX	104700000	104800000	0.0	NA
chrX	104800000	104900000	0.0	NA
chrX	104900000	105000000	0.0	NA
chrX	105000000	105100000	0.0	NA
chrX	105100000	105200000	0.0	NA
chrX	105200000	105300000	0.0	NA
chrX	105300000	105400000	0.0	NA
chrX	105400000	105500000	0.0	NA
chrX	105500000	105600000	0.0	NA
chrX	105600000	105700000	0.0	NA
chrX	105700000	105800000	0.0	NA
chrX	105800000	105900000	0.0	NA
chrX	105900000	106000000	0.0	NA
chrX	106000000	106100000	0.0	NA
chrX	106100000	106200000	0.0	NA
chrX	106200000	106300000	0.0	NA
chrX	106300000	106400000	0.0	NA
chrX	106400000	106500000	0.0	NA
chrX	106500000	106600000	0.0	NA
chrX	106600000	106700000	0.0	NA
chrX	106700000	106800000	0.0	NA
chrX	106800000	106900000	0.0	NA
chrX	106900000	107000000	0.0	NA
chrX	107000000	107100000	0.0	NA
chrX	107100000	107200000	0.0	NA
chrX	107200000	107300000	0.0	NA
chrX	107300000	107400000	0.0	NA
chrX	107400000	107500000	0.0	NA
chrX	107500000	107600000	0.0	NA
chrX	107600000	107700000	0.0	NA
chrX	107700000	107800000	0.0	NA
chrX	107800000	107900000	0.0	NA
chrX	107900000	108000000	0.0	NA
chrX	108000000	108100000	0.0	NA
chrX	108100000	108200000	0.0	NA
chrX	108200000	108300000	0.0	NA
chrX	108300000	108400000	0.0	NA
chrX	108400000	108500000	0.0	NA
chrX	108500000	108600000	0.0	NA
chrX	108600000	108700000	0.0	NA
chrX	108700000	108800000	0.0	NA
chrX	108800000	108900000	0.0	NA
chrX	108900000	109000000	0.0	NA
chrX	109000000	109100000	0.0	NA
chrX	109100000	109200000	0.0	NA
chrX	109200000	109300000	0.0	NA
chrX	109300000	109400000	0.0	NA
chrX	109400000	109500000	0.0	NA
chrX	109500000	109600000	0.0	NA
chrX	109600000	109700000	0.0	NA
chrX	109700000	109800000	0.0	NA
chrX	109800000	109900000	0.0	NA
chrX	109900000	110000000	0.0	NA
chrX	110000000	110100000	0.0	NA
chrX	110100000	110200000	0.0	NA
chrX	110200000	110300000	0.0	NA
chrX	110300000	110400000	0.0	NA
chrX	110400000	110500000	0.0	NA
chrX	110500000	110600000	0.0	NA
chrX	110600000	110700000	0.0	NA
chrX	110700000	110800000	0.0	NA
chrX	110800000	110900000	0.0	NA
chrX	110900000	111000000	0.0	NA
chrX	111000000	111100000	0.0	NA
chrX	111100000	111200000	0.0	NA
chrX	111200000	111300000	0.0	NA
chrX	111300000	111400000	0.0	NA
chrX	111400000	111500000	0.0	NA
chrX	111500000	111600000	0.0	NA
chrX	111600000	111700000	0.0	NA
chrX	111700000	111800000	0.00043376753208914217	67021
chrX	111800000	111900000	0.0003662382838489877	50947
chrX	111900000	112000000	5.54883384653921e-05	57531
chrX	112000000	112100000	0.0003498751714823583	28931
chrX	112100000	112200000	0.0005039036617933509	71251
chrX	112200000	112300000	0.0005389531319099578	68433
chrX	112300000	112400000	0.0	NA
chrX	112400000	112500000	0.0	NA
chrX	112500000	112600000	0.0	NA
chrX	112600000	112700000	0.0	NA
chrX	112700000	112800000	0.0005088900690945254	29177
chrX	112800000	112900000	0.0002985359010695615	48656
chrX	112900000	113000000	0.0	NA
chrX	113000000	113100000	0.0	NA
chrX	113100000	113200000	0.00019508500661524265	16190
chrX	113200000	113300000	0.00040894692162569637	73176
chrX	113300000	113400000	0.00018765339403304477	76626
chrX	113400000	113500000	0.0003662334056815961	84368
chrX	113500000	113600000	0.00035018449535938987	40927
chrX	113600000	113700000	0.0006034442023050112	83221
chrX	113700000	113800000	0.00021179093056733036	71662
chrX	113800000	113900000	0.0003255477455134041	16058
chrX	113900000	114000000	0.0	NA
chrX	114000000	114100000	0.0	NA
chrX	114100000	114200000	0.00011281775842453058	41507
chrX	114200000	114300000	6.480990300164976e-05	72922
chrX	114300000	114400000	7.064383240089137e-05	31462
chrX	114400000	114500000	8.562050388414022e-05	23784
chrX	114500000	114600000	0.00022708010297723145	67241
chrX	114600000	114700000	0.0002889344997870429	82924
chrX	114700000	114800000	0.00025726217945041266	38538
chrX	114800000	114900000	0.00023186215365590798	8330
chrX	114900000	115000000	0.0002678687002106235	26510
chrX	115000000	115100000	0.000464641257668464	12512
chrX	115100000	115200000	0.0002080893192114228	65562
chrX	115200000	115300000	0.0003194490782769992	69242
chrX	115300000	115400000	0.0010235883651519163	71602
chrX	115400000	115500000	0.0007188971135949077	80908
chrX	115500000	115600000	0.0005695232465907908	64329
chrX	115600000	115700000	0.0011537341669995483	61160
chrX	115700000	115800000	0.0006923703499855773	52435
chrX	115800000	115900000	0.0005858670512111951	74698
chrX	115900000	116000000	0.000730577602592538	73119
chrX	116000000	116100000	0.000804504449568792	76196
chrX	116100000	116200000	0.00070254103061783	81446
chrX	116200000	116300000	0.0008312600768931292	78640
chrX	116300000	116400000	0.0006837617404357274	71475
chrX	116400000	116500000	0.0007668548577090479	70502
chrX	116500000	116600000	0.0014216968429787672	70238
chrX	116600000	116700000	0.0008911925416135118	74390
chrX	116700000	116800000	0.00033031760956882863	74679
chrX	116800000	116900000	0.0010557145790895397	73773
chrX	116900000	117000000	0.0005962821458486979	74148
chrX	117000000	117100000	0.0004682412748055951	22332
chrX	117100000	117200000	0.0	NA
chrX	117200000	117300000	3.592858879579424e-05	40347
chrX	117300000	117400000	0.000628580807457527	77294
chrX	117400000	117500000	0.0007969021774171386	49773
chrX	117500000	117600000	0.0008703096349763938	10631
chrX	117600000	117700000	0.0005560608156808417	14298
chrX	117700000	117800000	0.0	NA
chrX	117800000	117900000	0.0003807302470977217	26803
chrX	117900000	118000000	0.000579991510167952	29815
chrX	118000000	118100000	0.0005096840525745409	53000
chrX	118100000	118200000	0.00036649281130991134	39921
chrX	118200000	118300000	0.00039041208450992475	21133
chrX	118300000	118400000	0.00027588790659323494	72783
chrX	118400000	118500000	9.144216618298894e-05	44581
chrX	118500000	118600000	0.0005426546720604093	26471
chrX	118600000	118700000	0.0004478365006410193	40897
chrX	118700000	118800000	0.0003034792909895485	13229
chrX	118800000	118900000	0.0009540330792246022	36878
chrX	118900000	119000000	0.0005422305884110115	35385
chrX	119000000	119100000	0.0005278495508203904	25144
chrX	119100000	119200000	0.0005132460520162585	48826
chrX	119200000	119300000	0.0001977069585439607	1874
chrX	119300000	119400000	0.0002044618687532459	36215
chrX	119400000	119500000	0.0004315633347232266	38344
chrX	119500000	119600000	0.0008247410980919893	28773
chrX	119600000	119700000	0.0003863800859153726	36035
chrX	119700000	119800000	0.0003655932489052292	44851
chrX	119800000	119900000	0.0008391784482321954	78262
chrX	119900000	120000000	0.0003367136635288577	65493
chrX	120000000	120100000	0.00011841939210419252	4678
chrX	120100000	120200000	0.00024612312046822383	61988
chrX	120200000	120300000	0.000404666719291897	78949
chrX	120300000	120400000	0.0007527788663609078	78196
chrX	120400000	120500000	0.0008777508544580275	77432
chrX	120500000	120600000	0.0006525237788675528	77204
chrX	120600000	120700000	0.00023057406301339506	79432
chrX	120700000	120800000	0.00015594567014091138	88678
chrX	120800000	120900000	0.0003201063446764466	80903
chrX	120900000	121000000	0.0003663161562734922	79332
chrX	121000000	121100000	0.0006344623479742064	83464
chrX	121100000	121200000	0.0003915382789808531	79903
chrX	121200000	121300000	0.0003399581155238877	75811
chrX	121300000	121400000	0.00042227200158413876	74375
chrX	121400000	121500000	0.0003385486255521307	77267
chrX	121500000	121600000	0.0006111559128510794	81218
chrX	121600000	121700000	0.0005866161651077538	71563
chrX	121700000	121800000	0.00033112309963008923	84243
chrX	121800000	121900000	0.0006551319108841877	77265
chrX	121900000	122000000	0.0007242920872798007	85213
chrX	122000000	122100000	0.0005016223384546107	82171
chrX	122100000	122200000	0.0007753375055093689	76885
chrX	122200000	122300000	0.0009477043299919073	82119
chrX	122300000	122400000	0.0005955067082158405	17186
chrX	122400000	122500000	0.0	NA
chrX	122500000	122600000	0.0	NA
chrX	122600000	122700000	0.0004272247418051926	57093
chrX	122700000	122800000	0.00012219326532440891	21285
chrX	122800000	122900000	0.00016169540523365753	16884
chrX	122900000	123000000	0.0004383543267197328	37929
chrX	123000000	123100000	0.0005149436086928542	21411
chrX	123100000	123200000	0.0	NA
chrX	123200000	123300000	0.0006504905395456217	38450
chrX	123300000	123400000	0.0006889092853589345	74654
chrX	123400000	123500000	0.000355426977942655	65027
chrX	123500000	123600000	0.0002071368367196964	2455
chrX	123600000	123700000	0.0	NA
chrX	123700000	123800000	0.0	NA
chrX	123800000	123900000	0.0	NA
chrX	123900000	124000000	0.0	NA
chrX	124000000	124100000	0.00014546521934193142	1941
chrX	124100000	124200000	0.0002886880085464988	80385
chrX	124200000	124300000	0.000376462081523845	87713
chrX	124300000	124400000	0.00016427315000623429	86602
chrX	124400000	124500000	0.0005216493387108296	75313
chrX	124500000	124600000	0.0006827841991679157	77644
chrX	124600000	124700000	0.0005358987436151673	78830
chrX	124700000	124800000	0.0004506899263362278	79090
chrX	124800000	124900000	0.00016919788459984268	84335
chrX	124900000	125000000	0.00012295296014117637	77285
chrX	125000000	125100000	0.0002700239370102709	77400
chrX	125100000	125200000	0.0004957517593641816	82061
chrX	125200000	125300000	0.0009229755640252619	68702
chrX	125300000	125400000	0.0005448458070715346	72324
chrX	125400000	125500000	0.0005788188653787135	76372
chrX	125500000	125600000	0.0005152436065060327	73295
chrX	125600000	125700000	0.0006542795954391479	78103
chrX	125700000	125800000	0.0004582140640508413	84456
chrX	125800000	125900000	0.0004929010386955376	84984
chrX	125900000	126000000	0.0004403192571765136	76090
chrX	126000000	126100000	0.0005936571026470629	69628
chrX	126100000	126200000	0.00018689951486512186	82209
chrX	126200000	126300000	0.00034256727054554045	75685
chrX	126300000	126400000	0.0005887162457576238	66387
chrX	126400000	126500000	0.00016952606908737132	78716
chrX	126500000	126600000	0.0001003367654562455	80933
chrX	126600000	126700000	0.00017669407769920135	77666
chrX	126700000	126800000	0.00022885310028028088	77423
chrX	126800000	126900000	0.0001934388713481892	88719
chrX	126900000	127000000	0.00034105400699050293	71594
chrX	127000000	127100000	0.00016992047205747666	86740
chrX	127100000	127200000	0.00024191585049674927	82489
chrX	127200000	127300000	0.00016046156127265976	81487
chrX	127300000	127400000	0.00019732796137589552	78164
chrX	127400000	127500000	0.00015737567461506137	86911
chrX	127500000	127600000	0.0001584213053970369	76013
chrX	127600000	127700000	0.00011372713094304535	83845
chrX	127700000	127800000	0.0002953655309613185	82895
chrX	127800000	127900000	0.0004339034170216225	72823
chrX	127900000	128000000	0.0003233495245540838	71949
chrX	128000000	128100000	0.00025644631172640176	82544
chrX	128100000	128200000	0.00019266007384274473	76311
chrX	128200000	128300000	0.00025440823585085444	28145
chrX	128300000	128400000	0.0	NA
chrX	128400000	128500000	0.0	NA
chrX	128500000	128600000	0.0	NA
chrX	128600000	128700000	0.0	NA
chrX	128700000	128800000	0.0	NA
chrX	128800000	128900000	0.0	NA
chrX	128900000	129000000	0.0	NA
chrX	129000000	129100000	0.0	NA
chrX	129100000	129200000	0.0	NA
chrX	129200000	129300000	0.0	NA
chrX	129300000	129400000	0.0	NA
chrX	129400000	129500000	0.0	NA
chrX	129500000	129600000	0.0	NA
chrX	129600000	129700000	0.0	NA
chrX	129700000	129800000	0.0	NA
chrX	129800000	129900000	0.0	NA
chrX	129900000	130000000	0.0	NA
chrX	130000000	130100000	0.0	NA
chrX	130100000	130200000	0.0	NA
chrX	130200000	130300000	0.0	NA
chrX	130300000	130400000	0.0	NA
chrX	130400000	130500000	0.0	NA
chrX	130500000	130600000	0.0	NA
chrX	130600000	130700000	0.0	NA
chrX	130700000	130800000	0.0	NA
chrX	130800000	130900000	0.0	NA
chrX	130900000	131000000	0.0	NA
chrX	131000000	131100000	0.0	NA
chrX	131100000	131200000	0.0	NA
chrX	131200000	131300000	0.0	NA
chrX	131300000	131400000	0.0	NA
chrX	131400000	131500000	0.0	NA
chrX	131500000	131600000	0.0	NA
chrX	131600000	131700000	0.0	NA
chrX	131700000	131800000	0.0	NA
chrX	131800000	131900000	0.0	NA
chrX	131900000	132000000	0.0	NA
chrX	132000000	132100000	0.0	NA
chrX	132100000	132200000	0.0	NA
chrX	132200000	132300000	0.0	NA
chrX	132300000	132400000	0.0	NA
chrX	132400000	132500000	0.0	NA
chrX	132500000	132600000	0.0	NA
chrX	132600000	132700000	0.0	NA
chrX	132700000	132800000	0.0	NA
chrX	132800000	132900000	0.0	NA
chrX	132900000	133000000	0.0	NA
chrX	133000000	133100000	0.0	NA
chrX	133100000	133200000	0.0	NA
chrX	133200000	133300000	0.0	NA
chrX	133300000	133400000	0.0	NA
chrX	133400000	133500000	0.0	NA
chrX	133500000	133600000	0.0	NA
chrX	133600000	133700000	0.0	NA
chrX	133700000	133800000	0.0	NA
chrX	133800000	133900000	0.0	NA
chrX	133900000	134000000	0.0	NA
chrX	134000000	134100000	0.0	NA
chrX	134100000	134200000	0.0	NA
chrX	134200000	134300000	0.0	NA
chrX	134300000	134400000	0.0	NA
chrX	134400000	134500000	0.0	NA
chrX	134500000	134600000	0.0	NA
chrX	134600000	134700000	0.0	NA
chrX	134700000	134800000	0.0	NA
chrX	134800000	134900000	0.0	NA
chrX	134900000	135000000	0.0	NA
chrX	135000000	135100000	0.0	NA
chrX	135100000	135200000	0.0	NA
chrX	135200000	135300000	0.0	NA
chrX	135300000	135400000	0.0	NA
chrX	135400000	135500000	0.0	NA
chrX	135500000	135600000	0.0	NA
chrX	135600000	135700000	0.0	NA
chrX	135700000	135800000	0.0	NA
chrX	135800000	135900000	0.0	NA
chrX	135900000	136000000	0.0	NA
chrX	136000000	136100000	0.0	NA
chrX	136100000	136200000	0.0	NA
chrX	136200000	136300000	0.0	NA
chrX	136300000	136400000	0.0	NA
chrX	136400000	136500000	0.0	NA
chrX	136500000	136600000	0.0	NA
chrX	136600000	136700000	0.0	NA
chrX	136700000	136800000	0.00027907960532732624	2815
chrX	136800000	136900000	0.00042241566976799105	70269
chrX	136900000	137000000	0.00042648902895796233	83240
chrX	137000000	137100000	0.0006431926601604683	76557
chrX	137100000	137200000	0.0002811527053426276	69559
chrX	137200000	137300000	0.0004728867519989137	79877
chrX	137300000	137400000	0.000718482102566093	70831
chrX	137400000	137500000	0.0005950742551954144	81591
chrX	137500000	137600000	0.0003280938367996047	80843
chrX	137600000	137700000	0.0001405353675089232	84750
chrX	137700000	137800000	0.00011216878472021389	11618
chrX	137800000	137900000	0.0	NA
chrX	137900000	138000000	0.0	NA
chrX	138000000	138100000	0.0	NA
chrX	138100000	138200000	0.0	NA
chrX	138200000	138300000	0.00046115935217392766	10876
chrX	138300000	138400000	0.0005782202517034577	82163
chrX	138400000	138500000	0.0008918707524455341	78737
chrX	138500000	138600000	0.0006936064632620716	73499
chrX	138600000	138700000	0.00022645330984264668	20843
chrX	138700000	138800000	0.00035559195058293267	8013
chrX	138800000	138900000	0.00022274681176736276	7085
chrX	138900000	139000000	0.00027551864851696863	63780
chrX	139000000	139100000	0.0005448213324196696	42201
chrX	139100000	139200000	0.0004261194653618592	70268
chrX	139200000	139300000	0.00033700385311931163	78120
chrX	139300000	139400000	0.0001628125508439701	63957
chrX	139400000	139500000	5.646349333140805e-05	76316
chrX	139500000	139600000	0.0001280284911350159	81907
chrX	139600000	139700000	0.0003628982957009951	85526
chrX	139700000	139800000	0.0002920336166009849	65512
chrX	139800000	139900000	0.0011443339949696511	34757
chrX	139900000	140000000	0.0005831284813656206	83458
chrX	140000000	140100000	0.00048471771975948873	63624
chrX	140100000	140200000	0.0	NA
chrX	140200000	140300000	0.0004338795659346636	65869
chrX	140300000	140400000	0.0006390818876532151	53147
chrX	140400000	140500000	0.0005186623503651771	74746
chrX	140500000	140600000	0.0010756816721470628	45584
chrX	140600000	140700000	0.0	NA
chrX	140700000	140800000	0.0008424247916515635	29666
chrX	140800000	140900000	0.0004741921070009455	73662
chrX	140900000	141000000	0.00016644030110664156	28070
chrX	141000000	141100000	0.0008287049602307536	81059
chrX	141100000	141200000	0.0009737499856271392	81718
chrX	141200000	141300000	0.0006653488593167991	70325
chrX	141300000	141400000	0.0005026145103464692	79200
chrX	141400000	141500000	0.0007303526095633531	70039
chrX	141500000	141600000	0.0006930028362665903	72042
chrX	141600000	141700000	0.0004209117636707463	84230
chrX	141700000	141800000	0.0002249209895471222	81333
chrX	141800000	141900000	0.0002733588512531221	72238
chrX	141900000	142000000	0.00046320620775178704	74115
chrX	142000000	142100000	0.0006337467921125624	79354
chrX	142100000	142200000	0.00046548341560920237	82860
chrX	142200000	142300000	0.000741913306662478	85677
chrX	142300000	142400000	0.0003130363232122904	83784
chrX	142400000	142500000	0.0006113344325839585	82097
chrX	142500000	142600000	0.0004997078785660685	79563
chrX	142600000	142700000	0.0009601377973723732	74762
chrX	142700000	142800000	0.0006361276329845087	70084
chrX	142800000	142900000	0.0005697484310975461	72483
chrX	142900000	143000000	0.00032223162287583525	83030
chrX	143000000	143100000	0.00029389710103751033	79689
chrX	143100000	143200000	0.00011424679727141272	50308
chrX	143200000	143300000	0.0003638912091508015	3317
chrX	143300000	143400000	0.0006465737174286557	83346
chrX	143400000	143500000	0.0006167418746226607	80611
chrX	143500000	143600000	0.0006596810522157515	40018
chrX	143600000	143700000	0.0004081589195213292	85863
chrX	143700000	143800000	0.0008141851718415862	81404
chrX	143800000	143900000	0.0007276051106300922	84151
chrX	143900000	144000000	0.000593675347169539	84696
chrX	144000000	144100000	0.0006068712914926696	86463
chrX	144100000	144200000	0.0006713988191610115	83878
chrX	144200000	144300000	0.0007668232494815469	85733
chrX	144300000	144400000	0.000303006159668056	76908
chrX	144400000	144500000	0.0002744207165751863	76452
chrX	144500000	144600000	0.000585134286692064	79929
chrX	144600000	144700000	0.0008901739583918222	87538
chrX	144700000	144800000	0.0005309300979704642	87024
chrX	144800000	144900000	0.0005203240380417584	82454
chrX	144900000	145000000	0.0005727406423056032	75125
chrX	145000000	145100000	0.0006555618005308027	80131
chrX	145100000	145200000	0.0006916739969703149	78751
chrX	145200000	145300000	0.0004244589765013331	83307
chrX	145300000	145400000	0.0008898293958814538	76426
chrX	145400000	145500000	0.00034016594447585497	81886
chrX	145500000	145600000	0.0007926368198193925	83363
chrX	145600000	145700000	0.0008850388690831542	88228
chrX	145700000	145800000	0.00047401327833167993	80064
chrX	145800000	145900000	0.0006619994997581896	62280
chrX	145900000	146000000	0.0005570142483098871	72931
chrX	146000000	146100000	0.0005440356349299317	83332
chrX	146100000	146200000	0.00033171747633787234	84928
chrX	146200000	146300000	0.0002831375766048977	65998
chrX	146300000	146400000	0.0004073670630131202	70707
chrX	146400000	146500000	0.0002998531874556715	79162
chrX	146500000	146600000	0.0003103531534504978	82920
chrX	146600000	146700000	0.0006809523095237625	88267
chrX	146700000	146800000	6.923391108691363e-05	83557
chrX	146800000	146900000	0.0001056748268793297	90871
chrX	146900000	147000000	0.00018426294618028948	68753
chrX	147000000	147100000	0.0003367903714713538	20925
chrX	147100000	147200000	0.0002274180710728343	77770
chrX	147200000	147300000	0.0003973497798246143	69302
chrX	147300000	147400000	0.00024976377451974046	76285
chrX	147400000	147500000	0.00040680296492831563	72248
chrX	147500000	147600000	0.00021393977183983173	71667
chrX	147600000	147700000	0.0	NA
chrX	147700000	147800000	0.0	NA
chrX	147800000	147900000	0.0	NA
chrX	147900000	148000000	0.0	NA
chrX	148000000	148100000	0.00011709415476574671	16561
chrX	148100000	148200000	0.00014210651728530614	86056
chrX	148200000	148300000	9.61137095490284e-05	74065
chrX	148300000	148400000	0.00034163737527134004	84756
chrX	148400000	148500000	0.00038596318486000796	79877
chrX	148500000	148600000	0.0004223395764549597	55149
chrX	148600000	148700000	0.00010695445157889932	12987
chrX	148700000	148800000	0.00023628086920943228	24016
chrX	148800000	148900000	0.0003034770246708946	32428
chrX	148900000	149000000	5.029255825018097e-05	2418
chrX	149000000	149100000	1.2897579572925636e-05	7879
chrX	149100000	149200000	7.76714110953611e-05	11561
chrX	149200000	149300000	7.898205760467373e-05	80591
chrX	149300000	149400000	0.00016052243781099643	80536
chrX	149400000	149500000	0.00020131499817935893	89618
chrX	149500000	149600000	0.00014298921930193262	27724
chrX	149600000	149700000	0.0009408284028217165	13685
chrX	149700000	149800000	0.00037485055644532686	31273
chrX	149800000	149900000	0.00020596485618116117	17578
chrX	149900000	150000000	0.000419537009455206	1010
chrX	150000000	150100000	0.0003707292050012427	25319
chrX	150100000	150200000	0.0006583502741238998	60222
chrX	150200000	150300000	0.0007617147530967164	75496
chrX	150300000	150400000	0.0006968788774782972	69505
chrX	150400000	150500000	0.0004488765058150004	78099
chrX	150500000	150600000	0.0002970602756683015	71549
chrX	150600000	150700000	0.00013517995886265413	78061
chrX	150700000	150800000	3.913353388255629e-05	16602
chrX	150800000	150900000	0.00048539592259282187	38240
chrX	150900000	151000000	0.0004748994842905984	81420
chrX	151000000	151100000	0.0005787544553212899	77446
chrX	151100000	151200000	0.00032332498319103683	62385
chrX	151200000	151300000	0.0004844543913213059	64938
chrX	151300000	151400000	0.0004152290050388099	26120
chrX	151400000	151500000	0.0	NA
chrX	151500000	151600000	0.0	NA
chrX	151600000	151700000	0.0	NA
chrX	151700000	151800000	0.0	NA
chrX	151800000	151900000	0.0	NA
chrX	151900000	152000000	0.0	NA
chrX	152000000	152100000	0.0	NA
chrX	152100000	152200000	0.0	NA
chrX	152200000	152300000	0.0	NA
chrX	152300000	152400000	0.0	NA
chrX	152400000	152500000	0.0	NA
chrX	152500000	152600000	0.0	NA
chrX	152600000	152700000	0.0	NA
chrX	152700000	152800000	0.0	NA
chrX	152800000	152900000	0.0	NA
chrX	152900000	153000000	0.0	NA
chrX	153000000	153100000	0.0	NA
chrX	153100000	153200000	0.0	NA
chrX	153200000	153300000	0.0	NA
chrX	153300000	153400000	0.0	NA
chrX	153400000	153500000	0.0	NA
chrX	153500000	153600000	0.0	NA
chrX	153600000	153700000	0.0	NA
chrX	153700000	153800000	0.0	NA
chrX	153800000	153900000	0.0	NA
chrX	153900000	154000000	0.0	NA
chrX	154000000	154100000	0.0	NA
chrX	154100000	154200000	0.0	NA
chrX	154200000	154300000	0.0	NA
chrX	154300000	154400000	0.0	NA
chrX	154400000	154500000	0.0	NA
chrX	154500000	154600000	0.0	NA
chrX	154600000	154700000	0.0	NA
chrX	154700000	154800000	0.0	NA
chrX	154800000	154900000	0.0	NA
chrX	154900000	155000000	0.0	NA
chrX	155000000	155100000	0.0	NA
chrX	155100000	155200000	0.0003330829289749466	19719
chrX	155200000	155270560	0.00065255939595622	12695
