chrX	0	100000	0.00134004884004884	1456
chrX	100000	200000	0.0013348388212436545	4965
chrX	200000	300000	0.0033601875707138856	2964
chrX	300000	400000	0.0014754380865241604	15533
chrX	400000	500000	0.0017335387122795138	29352
chrX	500000	600000	0.002276824872369447	30548
chrX	600000	700000	0.0017023240402531442	32131
chrX	700000	800000	0.0016724064489792255	42139
chrX	800000	900000	0.0012024066973346204	28095
chrX	900000	1000000	0.0012662584906920952	33413
chrX	1000000	1100000	0.001588477366255143	10800
chrX	1100000	1200000	0.0	NA
chrX	1200000	1300000	0.0014077419064950246	14837
chrX	1300000	1400000	0.0009401616506654935	11710
chrX	1400000	1500000	0.001618114310740657	3621
chrX	1500000	1600000	0.0012119863971715812	5994
chrX	1600000	1700000	0.0013190137391120794	13016
chrX	1700000	1800000	0.0016703960035385336	15723
chrX	1800000	1900000	0.0012295788459998607	33177
chrX	1900000	2000000	0.0009858542187779254	42559
chrX	2000000	2100000	0.0014822181790093692	27331
chrX	2100000	2200000	0.0019632833463749627	5654
chrX	2200000	2300000	0.0	NA
chrX	2300000	2400000	0.0	NA
chrX	2400000	2500000	0.0008927418216082347	45281
chrX	2500000	2600000	0.0008389316511811504	31936
chrX	2600000	2700000	0.001151533382557146	9973
chrX	2700000	2800000	0.0006635374737106007	6527
chrX	2800000	2900000	0.00046499263283094553	22760
chrX	2900000	3000000	0.00015490692993301306	18211
chrX	3000000	3100000	0.0008072238518833059	41962
chrX	3100000	3200000	0.0010393742013082008	67756
chrX	3200000	3300000	0.0012638132728603779	40676
chrX	3300000	3400000	0.00069556526223193	66600
chrX	3400000	3500000	0.0007235791849458675	62692
chrX	3500000	3600000	0.0005099077130480465	14266
chrX	3600000	3700000	0.0010531760234341939	32614
chrX	3700000	3800000	0.0009512261154390257	21192
chrX	3800000	3900000	0.000725552935560369	25561
chrX	3900000	4000000	0.0006363204592507385	78839
chrX	4000000	4100000	0.0005017478718027642	79245
chrX	4100000	4200000	0.000967275808842333	79718
chrX	4200000	4300000	0.00038699743382729276	84113
chrX	4300000	4400000	0.00027257417119957864	79369
chrX	4400000	4500000	0.00035375978573165453	77637
chrX	4500000	4600000	0.0006834587620285555	75731
chrX	4600000	4700000	0.000653678594639208	73578
chrX	4700000	4800000	0.0007550830660411251	76081
chrX	4800000	4900000	0.000531707253412679	77400
chrX	4900000	5000000	0.0009194293120698038	79951
chrX	5000000	5100000	0.0009850376665975404	74083
chrX	5100000	5200000	0.0007028065668016029	78953
chrX	5200000	5300000	0.00038226317229650013	81913
chrX	5300000	5400000	0.0007034857503607506	80640
chrX	5400000	5500000	0.0011706393666530298	79923
chrX	5500000	5600000	0.0009008237169559442	82766
chrX	5600000	5700000	0.00125222723316718	76600
chrX	5700000	5800000	0.0009616055759825209	79391
chrX	5800000	5900000	0.0004554304729538375	6848
chrX	5900000	6000000	0.0	NA
chrX	6000000	6100000	0.0	NA
chrX	6100000	6200000	0.0004894314256003245	40080
chrX	6200000	6300000	0.0005032935862277936	79340
chrX	6300000	6400000	0.00028258839957146745	81858
chrX	6400000	6500000	0.0003073878797865994	76866
chrX	6500000	6600000	0.0005983750687597965	79199
chrX	6600000	6700000	0.0005593975303980497	80898
chrX	6700000	6800000	0.00059866155727851	84914
chrX	6800000	6900000	0.0008068215156436843	73474
chrX	6900000	7000000	0.0005037664922576657	30759
chrX	7000000	7100000	0.0	NA
chrX	7100000	7200000	0.0	NA
chrX	7200000	7300000	0.0001900046035556901	22227
chrX	7300000	7400000	0.0004381547019307788	85565
chrX	7400000	7500000	0.00025032535057802475	79549
chrX	7500000	7600000	0.0002488721462637724	81085
chrX	7600000	7700000	0.0003432162859553194	39189
chrX	7700000	7800000	0.00012698830803479195	88353
chrX	7800000	7900000	0.0006781797327740916	55024
chrX	7900000	8000000	0.00038151867069467993	79564
chrX	8000000	8100000	0.00045471754626974856	84815
chrX	8100000	8200000	0.0003935516069683407	69704
chrX	8200000	8300000	0.0006506376980591989	83886
chrX	8300000	8400000	0.000694089637687612	84731
chrX	8400000	8500000	0.00071709489009979	60611
chrX	8500000	8600000	0.0	NA
chrX	8600000	8700000	0.0	NA
chrX	8700000	8800000	0.0004475988855273407	64184
chrX	8800000	8900000	0.0006255060266039166	92359
chrX	8900000	9000000	0.000572618739381033	64487
chrX	9000000	9100000	0.00039544174051839125	81408
chrX	9100000	9200000	0.00023847186522319376	86934
chrX	9200000	9300000	0.000612573459067925	81300
chrX	9300000	9400000	0.0006930976869260778	65299
chrX	9400000	9500000	0.0007422916903366824	22404
chrX	9500000	9600000	0.0	NA
chrX	9600000	9700000	0.00046523870628105164	5219
chrX	9700000	9800000	0.00046020638525702675	11848
chrX	9800000	9900000	0.0	NA
chrX	9900000	10000000	0.000455081484603541	44001
chrX	10000000	10100000	0.0	NA
chrX	10100000	10200000	0.0007372988297118359	8765
chrX	10200000	10300000	0.0007964975714181734	29283
chrX	10300000	10400000	0.0	NA
chrX	10400000	10500000	0.0	NA
chrX	10500000	10600000	0.0	NA
chrX	10600000	10700000	0.0	NA
chrX	10700000	10800000	0.0	NA
chrX	10800000	10900000	0.0	NA
chrX	10900000	11000000	0.0	NA
chrX	11000000	11100000	0.0	NA
chrX	11100000	11200000	0.0	NA
chrX	11200000	11300000	0.0	NA
chrX	11300000	11400000	0.0	NA
chrX	11400000	11500000	0.0	NA
chrX	11500000	11600000	0.0	NA
chrX	11600000	11700000	0.0	NA
chrX	11700000	11800000	0.0	NA
chrX	11800000	11900000	0.0	NA
chrX	11900000	12000000	0.0	NA
chrX	12000000	12100000	0.0	NA
chrX	12100000	12200000	0.0	NA
chrX	12200000	12300000	0.0	NA
chrX	12300000	12400000	0.0	NA
chrX	12400000	12500000	0.0	NA
chrX	12500000	12600000	0.0	NA
chrX	12600000	12700000	0.0	NA
chrX	12700000	12800000	0.0006414652101808291	43811
chrX	12800000	12900000	0.0009958762091956683	25947
chrX	12900000	13000000	0.0007639152448503957	35930
chrX	13000000	13100000	0.0005427278907471785	74039
chrX	13100000	13200000	0.0003063994047416703	80230
chrX	13200000	13300000	0.0003435706905693313	83862
chrX	13300000	13400000	0.0002642820306537121	73450
chrX	13400000	13500000	0.0007369920811156488	78761
chrX	13500000	13600000	0.0006355079759150039	74737
chrX	13600000	13700000	0.0005838926115222344	22874
chrX	13700000	13800000	0.00046821862850034867	9371
chrX	13800000	13900000	0.0	NA
chrX	13900000	14000000	0.0005118478064943124	29364
chrX	14000000	14100000	0.0005237058973713782	65754
chrX	14100000	14200000	0.0005155212115366109	79481
chrX	14200000	14300000	0.00024555256552475583	74794
chrX	14300000	14400000	0.0005251629902955751	79874
chrX	14400000	14500000	0.00014753489797093898	80841
chrX	14500000	14600000	0.00022714775288951424	42635
chrX	14600000	14700000	0.0	NA
chrX	14700000	14800000	0.00027530916166868257	38657
chrX	14800000	14900000	0.0003005067080387065	48752
chrX	14900000	15000000	0.0006176043477018433	42771
chrX	15000000	15100000	0.00045944907578105695	80872
chrX	15100000	15200000	0.00038579803189797837	82204
chrX	15200000	15300000	0.0006259509680001857	58956
chrX	15300000	15400000	0.000557993546650893	11373
chrX	15400000	15500000	0.0	NA
chrX	15500000	15600000	0.00027731628245309965	10123
chrX	15600000	15700000	0.0005075881498645725	13653
chrX	15700000	15800000	0.0002617411890061827	23510
chrX	15800000	15900000	0.00029239032458903654	26088
chrX	15900000	16000000	0.0003916618609084762	81552
chrX	16000000	16100000	0.0002003946286760899	82768
chrX	16100000	16200000	0.0005703598760418421	53837
chrX	16200000	16300000	0.0006268661611606378	72067
chrX	16300000	16400000	0.0004843330616611988	72354
chrX	16400000	16500000	0.0003867909306572865	84033
chrX	16500000	16600000	0.0006464703885296516	70365
chrX	16600000	16700000	4.377662752455459e-05	3618
chrX	16700000	16800000	0.00039982626779301963	12512
chrX	16800000	16900000	0.0004044261730226491	11521
chrX	16900000	17000000	0.0005899342838289035	32283
chrX	17000000	17100000	0.0	NA
chrX	17100000	17200000	0.0	NA
chrX	17200000	17300000	0.0	NA
chrX	17300000	17400000	0.0	NA
chrX	17400000	17500000	0.0	NA
chrX	17500000	17600000	0.0	NA
chrX	17600000	17700000	0.0	NA
chrX	17700000	17800000	0.0	NA
chrX	17800000	17900000	0.0	NA
chrX	17900000	18000000	0.0	NA
chrX	18000000	18100000	0.0	NA
chrX	18100000	18200000	0.0	NA
chrX	18200000	18300000	0.0	NA
chrX	18300000	18400000	0.0	NA
chrX	18400000	18500000	0.0	NA
chrX	18500000	18600000	0.0	NA
chrX	18600000	18700000	0.0	NA
chrX	18700000	18800000	0.0	NA
chrX	18800000	18900000	0.00025583136863950617	32737
chrX	18900000	19000000	0.00018815258443118644	7954
chrX	19000000	19100000	6.257914421179733e-05	4116
chrX	19100000	19200000	0.00027067401191666074	39110
chrX	19200000	19300000	9.921414484027312e-05	73116
chrX	19300000	19400000	9.116252127004818e-05	2790
chrX	19400000	19500000	0.0	NA
chrX	19500000	19600000	0.0	NA
chrX	19600000	19700000	0.0	NA
chrX	19700000	19800000	0.0	NA
chrX	19800000	19900000	0.0	NA
chrX	19900000	20000000	0.0	NA
chrX	20000000	20100000	0.0	NA
chrX	20100000	20200000	0.0	NA
chrX	20200000	20300000	0.0	NA
chrX	20300000	20400000	0.0	NA
chrX	20400000	20500000	0.0	NA
chrX	20500000	20600000	0.0	NA
chrX	20600000	20700000	0.0	NA
chrX	20700000	20800000	0.0	NA
chrX	20800000	20900000	0.0	NA
chrX	20900000	21000000	0.0	NA
chrX	21000000	21100000	0.0	NA
chrX	21100000	21200000	0.0	NA
chrX	21200000	21300000	0.0	NA
chrX	21300000	21400000	0.0	NA
chrX	21400000	21500000	0.0	NA
chrX	21500000	21600000	0.0	NA
chrX	21600000	21700000	0.0	NA
chrX	21700000	21800000	0.0	NA
chrX	21800000	21900000	0.0	NA
chrX	21900000	22000000	0.0	NA
chrX	22000000	22100000	0.0	NA
chrX	22100000	22200000	0.0	NA
chrX	22200000	22300000	0.0	NA
chrX	22300000	22400000	0.0	NA
chrX	22400000	22500000	0.0	NA
chrX	22500000	22600000	0.0	NA
chrX	22600000	22700000	0.0	NA
chrX	22700000	22800000	0.0	NA
chrX	22800000	22900000	0.0	NA
chrX	22900000	23000000	0.0	NA
chrX	23000000	23100000	0.0	NA
chrX	23100000	23200000	0.0	NA
chrX	23200000	23300000	0.0	NA
chrX	23300000	23400000	0.0004831329693815943	38178
chrX	23400000	23500000	0.0005226626345175252	60203
chrX	23500000	23600000	0.00045535652534753384	72295
chrX	23600000	23700000	0.000846082446082447	61975
chrX	23700000	23800000	0.0009900626482664545	25799
chrX	23800000	23900000	0.00041863193378344877	25641
chrX	23900000	24000000	0.00037813972640344043	23844
chrX	24000000	24100000	0.0002453658308820096	10384
chrX	24100000	24200000	0.0005003508597215805	32863
chrX	24200000	24300000	0.0006497273164989157	44739
chrX	24300000	24400000	0.0001906203544190909	68865
chrX	24400000	24500000	0.00036922770653010837	63323
chrX	24500000	24600000	0.00038182718717636995	6730
chrX	24600000	24700000	0.00014799682215412558	7120
chrX	24700000	24800000	6.871140847561001e-05	8397
chrX	24800000	24900000	0.0	NA
chrX	24900000	25000000	0.0	NA
chrX	25000000	25100000	0.00023707845727947643	56512
chrX	25100000	25200000	0.0002342242453656011	78985
chrX	25200000	25300000	0.0003349574470810786	85156
chrX	25300000	25400000	0.0002483868544133514	65743
chrX	25400000	25500000	0.00032441062785547304	80410
chrX	25500000	25600000	0.0005731360905332912	86307
chrX	25600000	25700000	0.0005345780933730835	91717
chrX	25700000	25800000	0.0007910832673265565	79346
chrX	25800000	25900000	0.0005264103367500719	84625
chrX	25900000	26000000	0.0007043162271556368	75396
chrX	26000000	26100000	0.00048499001817585934	81360
chrX	26100000	26200000	0.000604446213641617	73080
chrX	26200000	26300000	0.0005002144542140261	74608
chrX	26300000	26400000	0.00039965676165459326	71017
chrX	26400000	26500000	0.0002614297555094106	84539
chrX	26500000	26600000	0.00028430510161535415	75100
chrX	26600000	26700000	0.0003750774909729192	85836
chrX	26700000	26800000	0.0004710381525499223	81441
chrX	26800000	26900000	0.0006546726689779185	85563
chrX	26900000	27000000	0.0007240165496696587	86586
chrX	27000000	27100000	0.00044577401337159427	78634
chrX	27100000	27200000	0.0005848631749505925	75843
chrX	27200000	27300000	0.0005411812231843298	81114
chrX	27300000	27400000	0.0006893191304405755	74297
chrX	27400000	27500000	0.0008408175899906242	78903
chrX	27500000	27600000	0.0007076725654158241	75188
chrX	27600000	27700000	0.0003957553693634063	82222
chrX	27700000	27800000	0.0004962104882040838	81185
chrX	27800000	27900000	0.00022743409804407928	75740
chrX	27900000	28000000	0.00013915717941833262	83629
chrX	28000000	28100000	0.00042222990500230897	87563
chrX	28100000	28200000	0.00032972684036883026	80671
chrX	28200000	28300000	0.0004489318940185995	83213
chrX	28300000	28400000	0.00021539826779594002	81454
chrX	28400000	28500000	0.0005117721701286384	74206
chrX	28500000	28600000	0.00031470448139201703	79862
chrX	28600000	28700000	0.00032180079902422636	5532
chrX	28700000	28800000	0.0	NA
chrX	28800000	28900000	0.0	NA
chrX	28900000	29000000	0.0	NA
chrX	29000000	29100000	0.0	NA
chrX	29100000	29200000	0.0	NA
chrX	29200000	29300000	0.0	NA
chrX	29300000	29400000	0.0	NA
chrX	29400000	29500000	0.0	NA
chrX	29500000	29600000	0.0	NA
chrX	29600000	29700000	0.0	NA
chrX	29700000	29800000	0.0	NA
chrX	29800000	29900000	0.0	NA
chrX	29900000	30000000	9.925939479780475e-05	17886
chrX	30000000	30100000	0.0002389721361680249	75211
chrX	30100000	30200000	0.0005027330097312086	82088
chrX	30200000	30300000	0.0006200900735470342	68485
chrX	30300000	30400000	0.0005800964741826494	77006
chrX	30400000	30500000	0.0004948702294401058	81302
chrX	30500000	30600000	0.0003724275724275722	61425
chrX	30600000	30700000	0.000414656357377121	46509
chrX	30700000	30800000	0.0005250235608462688	29646
chrX	30800000	30900000	0.00025731950455774877	20458
chrX	30900000	31000000	0.0005843987256782113	81314
chrX	31000000	31100000	0.00039478161239688394	79204
chrX	31100000	31200000	0.0002037240988322109	32605
chrX	31200000	31300000	0.0	NA
chrX	31300000	31400000	0.0	NA
chrX	31400000	31500000	0.0	NA
chrX	31500000	31600000	0.0	NA
chrX	31600000	31700000	0.0	NA
chrX	31700000	31800000	0.0	NA
chrX	31800000	31900000	0.0	NA
chrX	31900000	32000000	0.0	NA
chrX	32000000	32100000	0.0	NA
chrX	32100000	32200000	0.0	NA
chrX	32200000	32300000	0.0	NA
chrX	32300000	32400000	0.0	NA
chrX	32400000	32500000	0.0	NA
chrX	32500000	32600000	0.0	NA
chrX	32600000	32700000	0.0	NA
chrX	32700000	32800000	0.0	NA
chrX	32800000	32900000	0.0	NA
chrX	32900000	33000000	0.0	NA
chrX	33000000	33100000	0.0	NA
chrX	33100000	33200000	0.0	NA
chrX	33200000	33300000	0.0	NA
chrX	33300000	33400000	0.0005450264313900674	32560
chrX	33400000	33500000	0.00022730581894739833	84705
chrX	33500000	33600000	0.0006065017580655121	81055
chrX	33600000	33700000	0.0006135214233318614	84563
chrX	33700000	33800000	0.0004925947569103789	84785
chrX	33800000	33900000	0.0007048962887988502	85057
chrX	33900000	34000000	0.0007345832928631084	84549
chrX	34000000	34100000	0.0006264935026915079	91089
chrX	34100000	34200000	0.0006554283164585975	76290
chrX	34200000	34300000	0.0007746505865947098	83539
chrX	34300000	34400000	0.0005961412251328116	84866
chrX	34400000	34500000	0.0007577482131833765	74386
chrX	34500000	34600000	0.00048548279999449857	83698
chrX	34600000	34700000	0.00031893867596515874	62606
chrX	34700000	34800000	0.00039461213413854556	85644
chrX	34800000	34900000	0.0003791340480917377	79295
chrX	34900000	35000000	0.000522404841300303	85031
chrX	35000000	35100000	0.0006111589152289596	84520
chrX	35100000	35200000	0.000278237494063376	83989
chrX	35200000	35300000	0.0003352582294613725	82838
chrX	35300000	35400000	0.00047847553742336077	83294
chrX	35400000	35500000	0.0004184702460543925	83693
chrX	35500000	35600000	0.0004684530477137438	79453
chrX	35600000	35700000	0.0005106910448316337	72509
chrX	35700000	35800000	0.0002345637346889993	87814
chrX	35800000	35900000	0.0007181694946306539	79834
chrX	35900000	36000000	0.0001836502943819512	28989
chrX	36000000	36100000	0.0	NA
chrX	36100000	36200000	0.0	NA
chrX	36200000	36300000	0.0	NA
chrX	36300000	36400000	0.0	NA
chrX	36400000	36500000	0.0002958469456500258	31231
chrX	36500000	36600000	0.00012054651839598073	87048
chrX	36600000	36700000	0.0004594383825902482	84166
chrX	36700000	36800000	0.0003929505219248345	83505
chrX	36800000	36900000	0.00038760096582813285	90691
chrX	36900000	37000000	0.00020737797480435946	78143
chrX	37000000	37100000	0.00012694907431749517	51870
chrX	37100000	37200000	8.727686763086824e-05	38644
chrX	37200000	37300000	0.00018243775356720297	8119
chrX	37300000	37400000	0.00013472433718951098	41133
chrX	37400000	37500000	5.4048503361218147e-05	13968
chrX	37500000	37600000	0.00016792962846643423	15052
chrX	37600000	37700000	0.00026695146511935446	49342
chrX	37700000	37800000	0.00010827246747865856	78306
chrX	37800000	37900000	0.0006592778539246432	53127
chrX	37900000	38000000	0.0004132487329466561	11123
chrX	38000000	38100000	0.0004704767931829512	25187
chrX	38100000	38200000	0.0005537541462158659	33111
chrX	38200000	38300000	0.0010345697346864201	25710
chrX	38300000	38400000	0.00023029086651766016	39860
chrX	38400000	38500000	0.0	NA
chrX	38500000	38600000	0.0	NA
chrX	38600000	38700000	0.0	NA
chrX	38700000	38800000	0.0	NA
chrX	38800000	38900000	0.0	NA
chrX	38900000	39000000	0.0	NA
chrX	39000000	39100000	0.0	NA
chrX	39100000	39200000	0.0	NA
chrX	39200000	39300000	0.0	NA
chrX	39300000	39400000	0.0	NA
chrX	39400000	39500000	0.0	NA
chrX	39500000	39600000	0.0	NA
chrX	39600000	39700000	0.0	NA
chrX	39700000	39800000	0.0	NA
chrX	39800000	39900000	0.0	NA
chrX	39900000	40000000	0.0	NA
chrX	40000000	40100000	0.0	NA
chrX	40100000	40200000	0.0	NA
chrX	40200000	40300000	0.0	NA
chrX	40300000	40400000	0.0	NA
chrX	40400000	40500000	0.0	NA
chrX	40500000	40600000	0.0	NA
chrX	40600000	40700000	0.0	NA
chrX	40700000	40800000	0.0	NA
chrX	40800000	40900000	0.0	NA
chrX	40900000	41000000	0.0	NA
chrX	41000000	41100000	0.0	NA
chrX	41100000	41200000	0.0	NA
chrX	41200000	41300000	0.001147280409991569	12017
chrX	41300000	41400000	0.0008137916827235302	25399
chrX	41400000	41500000	0.0	NA
chrX	41500000	41600000	0.0	NA
chrX	41600000	41700000	0.0	NA
chrX	41700000	41800000	0.00013722178680429986	14731
chrX	41800000	41900000	0.00018088274992912826	80598
chrX	41900000	42000000	0.0004037997308092616	88976
chrX	42000000	42100000	0.00036625645539015595	79880
chrX	42100000	42200000	0.0003549063245941546	79572
chrX	42200000	42300000	0.00016742431186347878	80006
chrX	42300000	42400000	0.00012517312104584743	83348
chrX	42400000	42500000	9.008453133777213e-05	81275
chrX	42500000	42600000	0.0002021794282716065	79932
chrX	42600000	42700000	0.0002376699462736618	81058
chrX	42700000	42800000	0.0005080680245631427	79569
chrX	42800000	42900000	0.0006057447550790998	84428
chrX	42900000	43000000	0.0003889488888482105	89394
chrX	43000000	43100000	0.0002651232634227351	44692
chrX	43100000	43200000	0.00017588532107126078	76557
chrX	43200000	43300000	0.00020076116588621634	86165
chrX	43300000	43400000	0.00023444912580998346	85402
chrX	43400000	43500000	0.0003293337595461483	77829
chrX	43500000	43600000	0.0003353146534964716	9768
chrX	43600000	43700000	0.00016515819602382612	17236
chrX	43700000	43800000	0.00011929976244655881	48087
chrX	43800000	43900000	0.0003896113269895259	61576
chrX	43900000	44000000	0.00035892503693791606	82612
chrX	44000000	44100000	0.00027877125161075787	6075
chrX	44100000	44200000	0.0	NA
chrX	44200000	44300000	0.0007271387427509036	68152
chrX	44300000	44400000	0.0004733744542517336	50725
chrX	44400000	44500000	0.0006309587370226554	45746
chrX	44500000	44600000	0.0004483785133992906	61365
chrX	44600000	44700000	0.00048184548184548176	47804
chrX	44700000	44800000	0.00018535066407124212	18821
chrX	44800000	44900000	0.0	NA
chrX	44900000	45000000	0.00019747628817428026	21963
chrX	45000000	45100000	0.0006855884745590259	38914
chrX	45100000	45200000	0.0003987674499383092	85322
chrX	45200000	45300000	0.0005758946614020102	85326
chrX	45300000	45400000	0.000371214554773021	61223
chrX	45400000	45500000	0.00015500674898044625	84098
chrX	45500000	45600000	0.00038826067841964964	76303
chrX	45600000	45700000	0.0004096747956397081	84474
chrX	45700000	45800000	0.0003351381802876843	74446
chrX	45800000	45900000	0.0004534741118801091	78444
chrX	45900000	46000000	0.00024108721958484585	21486
chrX	46000000	46100000	0.0	NA
chrX	46100000	46200000	0.0	NA
chrX	46200000	46300000	0.0	NA
chrX	46300000	46400000	0.0	NA
chrX	46400000	46500000	0.0	NA
chrX	46500000	46600000	0.0	NA
chrX	46600000	46700000	0.0	NA
chrX	46700000	46800000	0.0	NA
chrX	46800000	46900000	0.0	NA
chrX	46900000	47000000	0.0	NA
chrX	47000000	47100000	0.0	NA
chrX	47100000	47200000	0.0	NA
chrX	47200000	47300000	0.0	NA
chrX	47300000	47400000	0.0	NA
chrX	47400000	47500000	0.0	NA
chrX	47500000	47600000	0.0	NA
chrX	47600000	47700000	0.0	NA
chrX	47700000	47800000	0.0	NA
chrX	47800000	47900000	0.0	NA
chrX	47900000	48000000	0.0	NA
chrX	48000000	48100000	0.0	NA
chrX	48100000	48200000	0.0	NA
chrX	48200000	48300000	0.0	NA
chrX	48300000	48400000	0.0	NA
chrX	48400000	48500000	0.0	NA
chrX	48500000	48600000	0.0	NA
chrX	48600000	48700000	0.0	NA
chrX	48700000	48800000	0.0	NA
chrX	48800000	48900000	0.0	NA
chrX	48900000	49000000	0.0	NA
chrX	49000000	49100000	0.0	NA
chrX	49100000	49200000	0.0	NA
chrX	49200000	49300000	0.0	NA
chrX	49300000	49400000	0.0	NA
chrX	49400000	49500000	0.0	NA
chrX	49500000	49600000	0.0	NA
chrX	49600000	49700000	0.0	NA
chrX	49700000	49800000	0.0	NA
chrX	49800000	49900000	0.0	NA
chrX	49900000	50000000	0.0	NA
chrX	50000000	50100000	0.0	NA
chrX	50100000	50200000	0.0	NA
chrX	50200000	50300000	0.0	NA
chrX	50300000	50400000	0.0	NA
chrX	50400000	50500000	0.0	NA
chrX	50500000	50600000	0.0	NA
chrX	50600000	50700000	0.0	NA
chrX	50700000	50800000	0.0	NA
chrX	50800000	50900000	0.0	NA
chrX	50900000	51000000	0.0	NA
chrX	51000000	51100000	0.0	NA
chrX	51100000	51200000	0.0	NA
chrX	51200000	51300000	0.0	NA
chrX	51300000	51400000	0.0	NA
chrX	51400000	51500000	0.0	NA
chrX	51500000	51600000	0.0	NA
chrX	51600000	51700000	0.0	NA
chrX	51700000	51800000	0.0	NA
chrX	51800000	51900000	0.0	NA
chrX	51900000	52000000	0.0	NA
chrX	52000000	52100000	0.0	NA
chrX	52100000	52200000	0.0	NA
chrX	52200000	52300000	0.0	NA
chrX	52300000	52400000	0.0	NA
chrX	52400000	52500000	0.0	NA
chrX	52500000	52600000	0.0	NA
chrX	52600000	52700000	0.0	NA
chrX	52700000	52800000	0.0	NA
chrX	52800000	52900000	0.0	NA
chrX	52900000	53000000	0.0	NA
chrX	53000000	53100000	0.0	NA
chrX	53100000	53200000	0.0	NA
chrX	53200000	53300000	0.0	NA
chrX	53300000	53400000	0.0	NA
chrX	53400000	53500000	0.0	NA
chrX	53500000	53600000	0.0	NA
chrX	53600000	53700000	0.0	NA
chrX	53700000	53800000	0.0	NA
chrX	53800000	53900000	0.0	NA
chrX	53900000	54000000	0.0	NA
chrX	54000000	54100000	0.0	NA
chrX	54100000	54200000	0.0	NA
chrX	54200000	54300000	0.0	NA
chrX	54300000	54400000	0.0	NA
chrX	54400000	54500000	0.0	NA
chrX	54500000	54600000	0.0	NA
chrX	54600000	54700000	0.0	NA
chrX	54700000	54800000	0.0	NA
chrX	54800000	54900000	0.0	NA
chrX	54900000	55000000	0.0	NA
chrX	55000000	55100000	0.0	NA
chrX	55100000	55200000	0.0	NA
chrX	55200000	55300000	0.0	NA
chrX	55300000	55400000	0.0	NA
chrX	55400000	55500000	0.0	NA
chrX	55500000	55600000	0.0	NA
chrX	55600000	55700000	0.0	NA
chrX	55700000	55800000	0.0	NA
chrX	55800000	55900000	0.0	NA
chrX	55900000	56000000	0.0	NA
chrX	56000000	56100000	0.0	NA
chrX	56100000	56200000	0.0	NA
chrX	56200000	56300000	0.0	NA
chrX	56300000	56400000	0.0	NA
chrX	56400000	56500000	0.0	NA
chrX	56500000	56600000	0.0	NA
chrX	56600000	56700000	0.0	NA
chrX	56700000	56800000	0.0	NA
chrX	56800000	56900000	0.0	NA
chrX	56900000	57000000	0.0	NA
chrX	57000000	57100000	0.0	NA
chrX	57100000	57200000	0.0	NA
chrX	57200000	57300000	0.0	NA
chrX	57300000	57400000	0.0	NA
chrX	57400000	57500000	0.0	NA
chrX	57500000	57600000	0.0	NA
chrX	57600000	57700000	0.0	NA
chrX	57700000	57800000	0.0	NA
chrX	57800000	57900000	0.0	NA
chrX	57900000	58000000	0.0	NA
chrX	58000000	58100000	0.0	NA
chrX	58100000	58200000	0.0	NA
chrX	58200000	58300000	0.0	NA
chrX	58300000	58400000	0.0	NA
chrX	58400000	58500000	0.0	NA
chrX	58500000	58600000	0.0	NA
chrX	58600000	58700000	0.0	NA
chrX	58700000	58800000	0.0	NA
chrX	58800000	58900000	0.0	NA
chrX	58900000	59000000	0.0	NA
chrX	59000000	59100000	0.0	NA
chrX	59100000	59200000	0.0	NA
chrX	59200000	59300000	0.0	NA
chrX	59300000	59400000	0.0	NA
chrX	59400000	59500000	0.0	NA
chrX	59500000	59600000	0.0	NA
chrX	59600000	59700000	0.0	NA
chrX	59700000	59800000	0.0	NA
chrX	59800000	59900000	0.0	NA
chrX	59900000	60000000	0.0	NA
chrX	60000000	60100000	0.0	NA
chrX	60100000	60200000	0.0	NA
chrX	60200000	60300000	0.0	NA
chrX	60300000	60400000	0.0	NA
chrX	60400000	60500000	0.0	NA
chrX	60500000	60600000	0.0	NA
chrX	60600000	60700000	0.0	NA
chrX	60700000	60800000	0.0	NA
chrX	60800000	60900000	0.0	NA
chrX	60900000	61000000	0.0	NA
chrX	61000000	61100000	0.0	NA
chrX	61100000	61200000	0.0	NA
chrX	61200000	61300000	0.0	NA
chrX	61300000	61400000	0.0	NA
chrX	61400000	61500000	0.0	NA
chrX	61500000	61600000	0.0	NA
chrX	61600000	61700000	0.0	NA
chrX	61700000	61800000	0.0	NA
chrX	61800000	61900000	0.0	NA
chrX	61900000	62000000	0.0	NA
chrX	62000000	62100000	0.0	NA
chrX	62100000	62200000	0.0	NA
chrX	62200000	62300000	0.0	NA
chrX	62300000	62400000	0.0	NA
chrX	62400000	62500000	0.0	NA
chrX	62500000	62600000	0.0	NA
chrX	62600000	62700000	0.0	NA
chrX	62700000	62800000	0.0	NA
chrX	62800000	62900000	0.0	NA
chrX	62900000	63000000	0.0	NA
chrX	63000000	63100000	0.0	NA
chrX	63100000	63200000	0.0	NA
chrX	63200000	63300000	0.0	NA
chrX	63300000	63400000	0.0	NA
chrX	63400000	63500000	0.0	NA
chrX	63500000	63600000	0.0	NA
chrX	63600000	63700000	0.0	NA
chrX	63700000	63800000	0.0	NA
chrX	63800000	63900000	0.0	NA
chrX	63900000	64000000	0.0	NA
chrX	64000000	64100000	0.0	NA
chrX	64100000	64200000	0.0	NA
chrX	64200000	64300000	0.0	NA
chrX	64300000	64400000	0.0	NA
chrX	64400000	64500000	0.0	NA
chrX	64500000	64600000	0.0	NA
chrX	64600000	64700000	0.0	NA
chrX	64700000	64800000	0.0	NA
chrX	64800000	64900000	0.0	NA
chrX	64900000	65000000	0.0	NA
chrX	65000000	65100000	0.0	NA
chrX	65100000	65200000	0.0	NA
chrX	65200000	65300000	0.0	NA
chrX	65300000	65400000	0.0	NA
chrX	65400000	65500000	0.0	NA
chrX	65500000	65600000	0.0	NA
chrX	65600000	65700000	0.0	NA
chrX	65700000	65800000	0.0	NA
chrX	65800000	65900000	0.0	NA
chrX	65900000	66000000	0.0	NA
chrX	66000000	66100000	0.0	NA
chrX	66100000	66200000	0.0	NA
chrX	66200000	66300000	0.0	NA
chrX	66300000	66400000	0.0	NA
chrX	66400000	66500000	0.0	NA
chrX	66500000	66600000	0.0	NA
chrX	66600000	66700000	0.0	NA
chrX	66700000	66800000	0.0	NA
chrX	66800000	66900000	0.0	NA
chrX	66900000	67000000	0.0	NA
chrX	67000000	67100000	0.0	NA
chrX	67100000	67200000	0.0	NA
chrX	67200000	67300000	0.0	NA
chrX	67300000	67400000	0.0	NA
chrX	67400000	67500000	0.0	NA
chrX	67500000	67600000	0.0	NA
chrX	67600000	67700000	0.0	NA
chrX	67700000	67800000	0.0	NA
chrX	67800000	67900000	0.0	NA
chrX	67900000	68000000	0.0	NA
chrX	68000000	68100000	0.0	NA
chrX	68100000	68200000	0.0	NA
chrX	68200000	68300000	0.0	NA
chrX	68300000	68400000	0.0	NA
chrX	68400000	68500000	0.0	NA
chrX	68500000	68600000	0.0	NA
chrX	68600000	68700000	0.0	NA
chrX	68700000	68800000	0.0	NA
chrX	68800000	68900000	0.0	NA
chrX	68900000	69000000	0.0	NA
chrX	69000000	69100000	0.0	NA
chrX	69100000	69200000	0.0	NA
chrX	69200000	69300000	0.0	NA
chrX	69300000	69400000	0.0	NA
chrX	69400000	69500000	0.0	NA
chrX	69500000	69600000	0.0	NA
chrX	69600000	69700000	0.0	NA
chrX	69700000	69800000	0.0	NA
chrX	69800000	69900000	0.0	NA
chrX	69900000	70000000	0.0	NA
chrX	70000000	70100000	0.0	NA
chrX	70100000	70200000	0.0	NA
chrX	70200000	70300000	0.0	NA
chrX	70300000	70400000	0.0	NA
chrX	70400000	70500000	0.0	NA
chrX	70500000	70600000	0.0	NA
chrX	70600000	70700000	0.0	NA
chrX	70700000	70800000	0.0	NA
chrX	70800000	70900000	0.0	NA
chrX	70900000	71000000	0.0	NA
chrX	71000000	71100000	0.0	NA
chrX	71100000	71200000	0.0	NA
chrX	71200000	71300000	0.0	NA
chrX	71300000	71400000	0.0	NA
chrX	71400000	71500000	0.0	NA
chrX	71500000	71600000	0.0	NA
chrX	71600000	71700000	0.0	NA
chrX	71700000	71800000	0.0	NA
chrX	71800000	71900000	0.0	NA
chrX	71900000	72000000	0.0	NA
chrX	72000000	72100000	0.0	NA
chrX	72100000	72200000	0.0	NA
chrX	72200000	72300000	0.0	NA
chrX	72300000	72400000	0.0	NA
chrX	72400000	72500000	0.0	NA
chrX	72500000	72600000	0.0	NA
chrX	72600000	72700000	0.0	NA
chrX	72700000	72800000	0.0	NA
chrX	72800000	72900000	0.0	NA
chrX	72900000	73000000	0.0	NA
chrX	73000000	73100000	0.0	NA
chrX	73100000	73200000	0.0	NA
chrX	73200000	73300000	0.0	NA
chrX	73300000	73400000	0.0	NA
chrX	73400000	73500000	0.0	NA
chrX	73500000	73600000	0.0	NA
chrX	73600000	73700000	0.0	NA
chrX	73700000	73800000	0.0	NA
chrX	73800000	73900000	0.0	NA
chrX	73900000	74000000	0.0	NA
chrX	74000000	74100000	0.0	NA
chrX	74100000	74200000	0.0	NA
chrX	74200000	74300000	0.0	NA
chrX	74300000	74400000	0.0	NA
chrX	74400000	74500000	0.0	NA
chrX	74500000	74600000	0.0	NA
chrX	74600000	74700000	0.0	NA
chrX	74700000	74800000	0.0	NA
chrX	74800000	74900000	0.0	NA
chrX	74900000	75000000	0.0	NA
chrX	75000000	75100000	0.0	NA
chrX	75100000	75200000	0.0	NA
chrX	75200000	75300000	0.0	NA
chrX	75300000	75400000	0.0	NA
chrX	75400000	75500000	0.0	NA
chrX	75500000	75600000	0.0	NA
chrX	75600000	75700000	0.0	NA
chrX	75700000	75800000	0.0	NA
chrX	75800000	75900000	0.0	NA
chrX	75900000	76000000	0.0	NA
chrX	76000000	76100000	0.0	NA
chrX	76100000	76200000	0.0	NA
chrX	76200000	76300000	0.0	NA
chrX	76300000	76400000	0.0	NA
chrX	76400000	76500000	0.0	NA
chrX	76500000	76600000	0.0	NA
chrX	76600000	76700000	0.0	NA
chrX	76700000	76800000	0.0	NA
chrX	76800000	76900000	0.0	NA
chrX	76900000	77000000	0.0	NA
chrX	77000000	77100000	0.0	NA
chrX	77100000	77200000	0.0	NA
chrX	77200000	77300000	0.0	NA
chrX	77300000	77400000	0.0	NA
chrX	77400000	77500000	0.0	NA
chrX	77500000	77600000	0.0	NA
chrX	77600000	77700000	0.0	NA
chrX	77700000	77800000	0.0	NA
chrX	77800000	77900000	0.0	NA
chrX	77900000	78000000	0.0004794882877939882	37998
chrX	78000000	78100000	0.00041371224427546135	69973
chrX	78100000	78200000	0.0002500485434969545	76470
chrX	78200000	78300000	0.00043436908189478353	56319
chrX	78300000	78400000	0.00036944401620804426	79018
chrX	78400000	78500000	0.0007561480668910542	76906
chrX	78500000	78600000	0.0007115987719468009	80798
chrX	78600000	78700000	0.0007571146807830322	72185
chrX	78700000	78800000	0.00046340217480831823	72233
chrX	78800000	78900000	0.0007114391849864537	85322
chrX	78900000	79000000	0.0007965364720526155	71153
chrX	79000000	79100000	0.000703893062087609	74574
chrX	79100000	79200000	0.0012811187726086846	68742
chrX	79200000	79300000	0.0014171478241239578	57453
chrX	79300000	79400000	0.0005557299226840621	71543
chrX	79400000	79500000	0.0006591063708209436	56673
chrX	79500000	79600000	0.0	185
chrX	79600000	79700000	0.0	NA
chrX	79700000	79800000	0.00021965523733652326	70979
chrX	79800000	79900000	0.00021242446502170033	69882
chrX	79900000	80000000	0.0002492990091795643	17079
chrX	80000000	80100000	0.00027213314955367465	22051
chrX	80100000	80200000	0.0004515122358630844	64438
chrX	80200000	80300000	0.00048544989547503277	60867
chrX	80300000	80400000	0.0003741047053841543	49662
chrX	80400000	80500000	0.0	NA
chrX	80500000	80600000	0.00047690641048979697	32793
chrX	80600000	80700000	0.0005071024666573633	87081
chrX	80700000	80800000	0.0010204602243944487	78084
chrX	80800000	80900000	0.0006210545802729332	82390
chrX	80900000	81000000	0.0004526862116643942	71089
chrX	81000000	81100000	0.0006637925775606382	65405
chrX	81100000	81200000	0.0006322214955308488	81176
chrX	81200000	81300000	0.0003460181850331779	71634
chrX	81300000	81400000	0.0006353234468333235	84901
chrX	81400000	81500000	0.00016719425619949165	80220
chrX	81500000	81600000	0.00013723648939338785	87904
chrX	81600000	81700000	0.000486470118479608	80926
chrX	81700000	81800000	0.0006626078584871494	75521
chrX	81800000	81900000	0.0007614043444521268	78503
chrX	81900000	82000000	0.0005262245836625484	79390
chrX	82000000	82100000	0.0008043941403804976	70360
chrX	82100000	82200000	0.0005257564388792717	82185
chrX	82200000	82300000	0.00083064429765553	80752
chrX	82300000	82400000	0.0003941330463133306	75059
chrX	82400000	82500000	0.0003947793235263733	81344
chrX	82500000	82600000	0.00017969517126281657	77677
chrX	82600000	82700000	0.00039589994330699205	70306
chrX	82700000	82800000	0.00026448663691095613	86482
chrX	82800000	82900000	0.00037283550027970505	73797
chrX	82900000	83000000	0.00037365410255015707	65746
chrX	83000000	83100000	0.000234407090450676	71216
chrX	83100000	83200000	0.0002094196409703731	61184
chrX	83200000	83300000	0.00027817419654364465	77716
chrX	83300000	83400000	0.0002913337710866881	10199
chrX	83400000	83500000	0.0003647840963229241	50376
chrX	83500000	83600000	0.0006693651076407446	55116
chrX	83600000	83700000	0.0	NA
chrX	83700000	83800000	0.0014712724751237134	35573
chrX	83800000	83900000	0.0006974266805990967	72500
chrX	83900000	84000000	0.00043725355147677855	82759
chrX	84000000	84100000	0.0007437357682192593	76378
chrX	84100000	84200000	0.0005658062424046279	62829
chrX	84200000	84300000	0.0006165979370166585	33244
chrX	84300000	84400000	0.000631992054144379	26706
chrX	84400000	84500000	0.00033115302286818835	70104
chrX	84500000	84600000	0.00026568748976775724	3887
chrX	84600000	84700000	0.00015499978890826585	46655
chrX	84700000	84800000	0.00024126399946771592	83194
chrX	84800000	84900000	0.0009351564140404268	74517
chrX	84900000	85000000	0.0010911234326646316	65222
chrX	85000000	85100000	0.0007755086887694969	68020
chrX	85100000	85200000	0.0004963678515599888	12413
chrX	85200000	85300000	0.0	NA
chrX	85300000	85400000	0.0007717770024897143	70772
chrX	85400000	85500000	0.00045280116708688135	2548
chrX	85500000	85600000	0.0	NA
chrX	85600000	85700000	0.0	NA
chrX	85700000	85800000	0.0	NA
chrX	85800000	85900000	0.0	NA
chrX	85900000	86000000	0.0	NA
chrX	86000000	86100000	0.0007507616911838124	11229
chrX	86100000	86200000	0.0005763280874450107	76098
chrX	86200000	86300000	0.0008419956103016658	73869
chrX	86300000	86400000	0.0006666099240613173	73342
chrX	86400000	86500000	0.0011362766440842311	79538
chrX	86500000	86600000	0.00097507788630932	80524
chrX	86600000	86700000	0.0009677927324546698	80310
chrX	86700000	86800000	0.0007814300013483932	54161
chrX	86800000	86900000	0.0	NA
chrX	86900000	87000000	0.00034228011388256883	57181
chrX	87000000	87100000	0.000763431641372365	71326
chrX	87100000	87200000	0.00048637464434707085	85549
chrX	87200000	87300000	0.00024334387787866373	77545
chrX	87300000	87400000	0.000319474238799118	87214
chrX	87400000	87500000	0.0009362221953740614	82770
chrX	87500000	87600000	0.0010004235131623105	71770
chrX	87600000	87700000	0.0012437830990468805	84236
chrX	87700000	87800000	0.0012195795144928278	73486
chrX	87800000	87900000	0.0003994594526067784	82864
chrX	87900000	88000000	0.00028297889230658596	83275
chrX	88000000	88100000	0.0005956399589518792	63045
chrX	88100000	88200000	0.0005945232930329443	81860
chrX	88200000	88300000	0.0008374112163219376	83872
chrX	88300000	88400000	0.0008367890585486722	82143
chrX	88400000	88500000	0.0008744707557077873	47115
chrX	88500000	88600000	0.002287490287490287	65
chrX	88600000	88700000	0.0	62
chrX	88700000	88800000	0.0	51
chrX	88800000	88900000	0.000598874116660678	1265
chrX	88900000	89000000	0.0024023918357860925	9301
chrX	89000000	89100000	3.338898163606013e-05	599
chrX	89100000	89200000	0.0	33
chrX	89200000	89300000	0.0005931327724407067	34332
chrX	89300000	89400000	0.0006326657498513693	41558
chrX	89400000	89500000	2.3328241382168716e-05	3412
chrX	89500000	89600000	0.000377038249378675	1833
chrX	89600000	89700000	0.00018669182093306597	514
chrX	89700000	89800000	0.0009009449332029978	372
chrX	89800000	89900000	0.0007025382025382025	4368
chrX	89900000	90000000	0.0004380570409982176	1360
chrX	90000000	90100000	0.0	782
chrX	90100000	90200000	0.0009138456420866919	7649
chrX	90200000	90300000	0.0006887629872192479	6996
chrX	90300000	90400000	0.0007968551381050413	77222
chrX	90400000	90500000	0.0005768208399787345	228
chrX	90500000	90600000	0.0009430675583412066	66546
chrX	90600000	90700000	0.0004292841028248228	62942
chrX	90700000	90800000	0.0009042508278998763	30386
chrX	90800000	90900000	0.00021673988960234312	1345
chrX	90900000	91000000	0.0008998203501861967	17357
chrX	91000000	91100000	0.0025911286780852	276
chrX	91100000	91200000	0.0	NA
chrX	91200000	91300000	0.0	NA
chrX	91300000	91400000	0.0	NA
chrX	91400000	91500000	0.0	NA
chrX	91500000	91600000	0.0	NA
chrX	91600000	91700000	0.0	NA
chrX	91700000	91800000	0.0	NA
chrX	91800000	91900000	0.0006752712308267865	648
chrX	91900000	92000000	0.0	250
chrX	92000000	92100000	0.0020595333869670154	226
chrX	92100000	92200000	0.0003588901627201487	4282
chrX	92200000	92300000	0.00019683415249342902	857
chrX	92300000	92400000	0.0003008121994761538	21631
chrX	92400000	92500000	0.00016400407352573664	82097
chrX	92500000	92600000	0.0010977342702001736	80729
chrX	92600000	92700000	0.0005954996353134174	82484
chrX	92700000	92800000	0.001006548179899224	84326
chrX	92800000	92900000	0.000562615485908065	77046
chrX	92900000	93000000	0.00040557376420754035	49011
chrX	93000000	93100000	0.00028982342984766677	90770
chrX	93100000	93200000	0.0005249969742403816	79369
chrX	93200000	93300000	0.000349372356187167	81587
chrX	93300000	93400000	0.0006556167201611163	82176
chrX	93400000	93500000	0.0004196931207667021	84111
chrX	93500000	93600000	0.0004119633895821192	82435
chrX	93600000	93700000	0.0005198219498773521	86640
chrX	93700000	93800000	0.0005788515018759835	79207
chrX	93800000	93900000	0.0004382321974293617	83504
chrX	93900000	94000000	0.0003950660995968971	79081
chrX	94000000	94100000	0.0003702766229916766	68599
chrX	94100000	94200000	0.000370420507266887	81259
chrX	94200000	94300000	0.0006180752648212772	82929
chrX	94300000	94400000	0.0007160846547469059	79103
chrX	94400000	94500000	0.000726368708549002	80136
chrX	94500000	94600000	9.089992836901881e-05	80477
chrX	94600000	94700000	6.408611875680313e-05	83628
chrX	94700000	94800000	6.943605909224477e-05	85075
chrX	94800000	94900000	0.00014754055132388811	76229
chrX	94900000	95000000	0.0002044139606609376	86842
chrX	95000000	95100000	0.0004480424377111229	78596
chrX	95100000	95200000	0.0006434303199094823	82344
chrX	95200000	95300000	0.0005790360569703307	79875
chrX	95300000	95400000	0.00042701490715794265	73828
chrX	95400000	95500000	0.00023266424798153436	76776
chrX	95500000	95600000	0.000529451659234375	66411
chrX	95600000	95700000	0.00045257132395508165	80332
chrX	95700000	95800000	0.0005499214678151604	72601
chrX	95800000	95900000	0.000619456925271253	65373
chrX	95900000	96000000	0.0008632433800028777	29983
chrX	96000000	96100000	0.0	NA
chrX	96100000	96200000	0.0	NA
chrX	96200000	96300000	0.0	NA
chrX	96300000	96400000	0.0	NA
chrX	96400000	96500000	0.0	NA
chrX	96500000	96600000	0.0	NA
chrX	96600000	96700000	0.0	NA
chrX	96700000	96800000	0.0	NA
chrX	96800000	96900000	0.0001906161626294035	39876
chrX	96900000	97000000	0.0003096069044375939	83338
chrX	97000000	97100000	0.0006273419114484136	82586
chrX	97100000	97200000	0.00020342325903383629	80776
chrX	97200000	97300000	4.507710641838251e-05	85277
chrX	97300000	97400000	0.00022556731307753883	81899
chrX	97400000	97500000	0.0002509183307095314	80460
chrX	97500000	97600000	0.00021720546929940909	79157
chrX	97600000	97700000	0.00041250041889589925	75053
chrX	97700000	97800000	0.00030908027976956205	83246
chrX	97800000	97900000	0.0005708467554668119	79038
chrX	97900000	98000000	0.00040150665584658287	74310
chrX	98000000	98100000	0.00029644065121460305	85181
chrX	98100000	98200000	0.00039811486977372275	79778
chrX	98200000	98300000	0.000362731309538046	89955
chrX	98300000	98400000	0.0003173565224728284	86195
chrX	98400000	98500000	0.00027827754121022237	78522
chrX	98500000	98600000	3.511826104473821e-05	80628
chrX	98600000	98700000	4.820759009993455e-05	86591
chrX	98700000	98800000	3.994939484997667e-05	15641
chrX	98800000	98900000	0.0	NA
chrX	98900000	99000000	0.0	NA
chrX	99000000	99100000	0.0	NA
chrX	99100000	99200000	7.484664929742234e-05	3687
chrX	99200000	99300000	0.00019331812475162287	88148
chrX	99300000	99400000	0.00013181102476824493	74942
chrX	99400000	99500000	0.00015087799384606978	42883
chrX	99500000	99600000	0.0	NA
chrX	99600000	99700000	0.0	NA
chrX	99700000	99800000	0.0	NA
chrX	99800000	99900000	0.0	NA
chrX	99900000	100000000	0.0	NA
chrX	100000000	100100000	0.0	NA
chrX	100100000	100200000	0.0	NA
chrX	100200000	100300000	0.0	NA
chrX	100300000	100400000	0.0	NA
chrX	100400000	100500000	0.0	NA
chrX	100500000	100600000	0.0	NA
chrX	100600000	100700000	0.0	NA
chrX	100700000	100800000	0.0	NA
chrX	100800000	100900000	0.0	NA
chrX	100900000	101000000	0.0	NA
chrX	101000000	101100000	0.0	NA
chrX	101100000	101200000	0.0	NA
chrX	101200000	101300000	0.0	NA
chrX	101300000	101400000	0.0	NA
chrX	101400000	101500000	0.0	NA
chrX	101500000	101600000	0.0	NA
chrX	101600000	101700000	0.0	NA
chrX	101700000	101800000	0.0	NA
chrX	101800000	101900000	0.0	NA
chrX	101900000	102000000	0.0	NA
chrX	102000000	102100000	0.0	NA
chrX	102100000	102200000	0.0	NA
chrX	102200000	102300000	0.0	NA
chrX	102300000	102400000	0.0	NA
chrX	102400000	102500000	0.0	NA
chrX	102500000	102600000	0.0	NA
chrX	102600000	102700000	0.0	NA
chrX	102700000	102800000	0.0	NA
chrX	102800000	102900000	0.0	NA
chrX	102900000	103000000	0.0	NA
chrX	103000000	103100000	0.0	NA
chrX	103100000	103200000	0.0	NA
chrX	103200000	103300000	0.0	NA
chrX	103300000	103400000	0.0	NA
chrX	103400000	103500000	0.0	NA
chrX	103500000	103600000	0.0	NA
chrX	103600000	103700000	0.0	NA
chrX	103700000	103800000	0.0	NA
chrX	103800000	103900000	0.0	NA
chrX	103900000	104000000	0.0	NA
chrX	104000000	104100000	0.0	NA
chrX	104100000	104200000	0.0	NA
chrX	104200000	104300000	0.0	NA
chrX	104300000	104400000	0.0	NA
chrX	104400000	104500000	0.0	NA
chrX	104500000	104600000	0.0	NA
chrX	104600000	104700000	0.0	NA
chrX	104700000	104800000	0.0	NA
chrX	104800000	104900000	0.0	NA
chrX	104900000	105000000	0.0	NA
chrX	105000000	105100000	0.0	NA
chrX	105100000	105200000	0.0	NA
chrX	105200000	105300000	0.0	NA
chrX	105300000	105400000	0.0	NA
chrX	105400000	105500000	0.0	NA
chrX	105500000	105600000	0.0	NA
chrX	105600000	105700000	0.0	NA
chrX	105700000	105800000	0.0	NA
chrX	105800000	105900000	0.0	NA
chrX	105900000	106000000	0.0	NA
chrX	106000000	106100000	0.0	NA
chrX	106100000	106200000	0.0	NA
chrX	106200000	106300000	0.0	NA
chrX	106300000	106400000	0.0	NA
chrX	106400000	106500000	0.0	NA
chrX	106500000	106600000	0.0	NA
chrX	106600000	106700000	0.0	NA
chrX	106700000	106800000	0.0	NA
chrX	106800000	106900000	0.0	NA
chrX	106900000	107000000	0.0	NA
chrX	107000000	107100000	0.0	NA
chrX	107100000	107200000	0.0	NA
chrX	107200000	107300000	0.0	NA
chrX	107300000	107400000	0.0	NA
chrX	107400000	107500000	0.0	NA
chrX	107500000	107600000	0.0	NA
chrX	107600000	107700000	0.0	NA
chrX	107700000	107800000	0.0	NA
chrX	107800000	107900000	0.0	NA
chrX	107900000	108000000	0.0	NA
chrX	108000000	108100000	0.0	NA
chrX	108100000	108200000	0.0	NA
chrX	108200000	108300000	0.0	NA
chrX	108300000	108400000	0.0	NA
chrX	108400000	108500000	0.0	NA
chrX	108500000	108600000	0.0	NA
chrX	108600000	108700000	0.0	NA
chrX	108700000	108800000	0.0	NA
chrX	108800000	108900000	0.0	NA
chrX	108900000	109000000	0.0	NA
chrX	109000000	109100000	0.0	NA
chrX	109100000	109200000	0.0	NA
chrX	109200000	109300000	0.0	NA
chrX	109300000	109400000	0.0	NA
chrX	109400000	109500000	0.0	NA
chrX	109500000	109600000	0.0	NA
chrX	109600000	109700000	0.0	NA
chrX	109700000	109800000	0.0	NA
chrX	109800000	109900000	0.0	NA
chrX	109900000	110000000	0.0	NA
chrX	110000000	110100000	0.0	NA
chrX	110100000	110200000	0.0	NA
chrX	110200000	110300000	0.0	NA
chrX	110300000	110400000	0.0	NA
chrX	110400000	110500000	0.0	NA
chrX	110500000	110600000	0.0	NA
chrX	110600000	110700000	0.0	NA
chrX	110700000	110800000	0.0	NA
chrX	110800000	110900000	0.0	NA
chrX	110900000	111000000	0.0	NA
chrX	111000000	111100000	0.0	NA
chrX	111100000	111200000	0.0	NA
chrX	111200000	111300000	0.0	NA
chrX	111300000	111400000	0.0	NA
chrX	111400000	111500000	0.0	NA
chrX	111500000	111600000	0.0	NA
chrX	111600000	111700000	0.0	NA
chrX	111700000	111800000	0.0008176089538647572	67021
chrX	111800000	111900000	0.0005907386820885159	50947
chrX	111900000	112000000	0.00016920170750279724	57531
chrX	112000000	112100000	0.0003071257317567503	28931
chrX	112100000	112200000	0.0004518384218318255	71251
chrX	112200000	112300000	0.0004451629825353027	68433
chrX	112300000	112400000	0.0	NA
chrX	112400000	112500000	0.0	NA
chrX	112500000	112600000	0.0	NA
chrX	112600000	112700000	0.0	NA
chrX	112700000	112800000	0.0005729779544770802	29177
chrX	112800000	112900000	0.0005282934574286103	48656
chrX	112900000	113000000	0.0	NA
chrX	113000000	113100000	0.0	NA
chrX	113100000	113200000	0.0002925611894110969	16190
chrX	113200000	113300000	0.00046083719009268386	73176
chrX	113300000	113400000	0.000601111999592934	76626
chrX	113400000	113500000	0.0005165896591555613	84368
chrX	113500000	113600000	0.0005876686576469111	40927
chrX	113600000	113700000	0.0006134256857031154	83221
chrX	113700000	113800000	0.00040406592123436874	71662
chrX	113800000	113900000	0.0004740517643743449	16058
chrX	113900000	114000000	0.0	NA
chrX	114000000	114100000	0.0	NA
chrX	114100000	114200000	0.0004703502609879851	41507
chrX	114200000	114300000	0.0003726189793494583	72922
chrX	114300000	114400000	0.00021928008070020658	31462
chrX	114400000	114500000	0.000269402739130287	23784
chrX	114500000	114600000	0.0004788053945562008	67241
chrX	114600000	114700000	0.000615595928412483	82924
chrX	114700000	114800000	0.0007107454219395681	38538
chrX	114800000	114900000	0.0001270811354844969	8330
chrX	114900000	115000000	0.0003202526967144092	26510
chrX	115000000	115100000	0.0006756988038957348	12512
chrX	115100000	115200000	0.00039193989866635574	65562
chrX	115200000	115300000	0.0006579354680218321	69242
chrX	115300000	115400000	0.0009781595740088495	71602
chrX	115400000	115500000	0.0007399101011599187	80908
chrX	115500000	115600000	0.00036109199379264195	64329
chrX	115600000	115700000	0.0009836164126550014	61160
chrX	115700000	115800000	0.0007386730853880669	52435
chrX	115800000	115900000	0.0006232611801703343	74698
chrX	115900000	116000000	0.000627953794982885	73119
chrX	116000000	116100000	0.0006010708163052122	76196
chrX	116100000	116200000	0.0006337098053135048	81446
chrX	116200000	116300000	0.0006352923949566889	78640
chrX	116300000	116400000	0.0007642426362258484	71475
chrX	116400000	116500000	0.0011573881849902376	70502
chrX	116500000	116600000	0.0015179587095074487	70238
chrX	116600000	116700000	0.0008910179900904457	74390
chrX	116700000	116800000	0.0006389583105929067	74679
chrX	116800000	116900000	0.0010282538833634755	73773
chrX	116900000	117000000	0.00045151030180970274	74148
chrX	117000000	117100000	0.0005109124561032133	22332
chrX	117100000	117200000	0.0	NA
chrX	117200000	117300000	0.00014369786546156543	40347
chrX	117300000	117400000	0.0004224954541926102	77294
chrX	117400000	117500000	0.0005558001001313638	49773
chrX	117500000	117600000	0.0006445035435723047	10631
chrX	117600000	117700000	0.0004852130198332463	14298
chrX	117700000	117800000	0.0	NA
chrX	117800000	117900000	0.0003498854530455469	26803
chrX	117900000	118000000	0.0004933656538553402	29815
chrX	118000000	118100000	0.0006019592147894031	53000
chrX	118100000	118200000	0.0003255672377187367	39921
chrX	118200000	118300000	0.00025416709086798525	21133
chrX	118300000	118400000	8.492381601486739e-05	72783
chrX	118400000	118500000	0.00011671412312941219	44581
chrX	118500000	118600000	0.0005799294749466633	26471
chrX	118600000	118700000	0.0005977470378282168	40897
chrX	118700000	118800000	0.0003544707029475341	13229
chrX	118800000	118900000	0.000765587432434874	36878
chrX	118900000	119000000	0.0006744397486237246	35385
chrX	119000000	119100000	0.0005618546264425992	25144
chrX	119100000	119200000	0.0003965183312252492	48826
chrX	119200000	119300000	7.384409732328629e-05	1874
chrX	119300000	119400000	0.00021707618780654795	36215
chrX	119400000	119500000	0.0005133222481438629	38344
chrX	119500000	119600000	0.0007543196887373721	28773
chrX	119600000	119700000	0.0001873767507179467	36035
chrX	119700000	119800000	0.0003692585708594268	44851
chrX	119800000	119900000	0.0007175664028287288	78262
chrX	119900000	120000000	0.0003730832827072119	65493
chrX	120000000	120100000	0.00014708867209936043	4678
chrX	120100000	120200000	0.0002331503718869013	61988
chrX	120200000	120300000	0.0005346399945444895	78949
chrX	120300000	120400000	0.0009240029328013375	78196
chrX	120400000	120500000	0.000936080304799786	77432
chrX	120500000	120600000	0.0010699791029825725	77204
chrX	120600000	120700000	0.0004807542643679216	79432
chrX	120700000	120800000	0.0005225123879130517	88678
chrX	120800000	120900000	0.0005265901333315022	80903
chrX	120900000	121000000	0.0005350255441013273	79332
chrX	121000000	121100000	0.0007141045265266497	83464
chrX	121100000	121200000	0.0004614913764757956	79903
chrX	121200000	121300000	0.0005661527490813478	75811
chrX	121300000	121400000	0.000673303794244971	74375
chrX	121400000	121500000	0.000578461174834789	77267
chrX	121500000	121600000	0.00045464370613967984	81218
chrX	121600000	121700000	0.00018370477266834288	71563
chrX	121700000	121800000	0.0003756401185267676	84243
chrX	121800000	121900000	0.0005755268337291249	77265
chrX	121900000	122000000	0.0005437802597905277	85213
chrX	122000000	122100000	0.00044477585483536516	82171
chrX	122100000	122200000	0.0006116730812055	76885
chrX	122200000	122300000	0.0006465315609362674	82119
chrX	122300000	122400000	0.0005776842085465382	17186
chrX	122400000	122500000	0.0	NA
chrX	122500000	122600000	0.0	NA
chrX	122600000	122700000	0.0005005301468966019	57093
chrX	122700000	122800000	0.00025118462045875707	21285
chrX	122800000	122900000	0.00018976785145939377	16884
chrX	122900000	123000000	0.0004328502137566441	37929
chrX	123000000	123100000	0.00043265780970698996	21411
chrX	123100000	123200000	0.0	NA
chrX	123200000	123300000	0.000496517844242161	38450
chrX	123300000	123400000	0.0005793542356887934	74654
chrX	123400000	123500000	0.0004189867984906967	65027
chrX	123500000	123600000	0.00024439918533604893	2455
chrX	123600000	123700000	0.0	NA
chrX	123700000	123800000	0.0	NA
chrX	123800000	123900000	0.0	NA
chrX	123900000	124000000	0.0	NA
chrX	124000000	124100000	0.00025291555430658987	1941
chrX	124100000	124200000	0.00031954300735789835	80385
chrX	124200000	124300000	0.00037144557888347304	87713
chrX	124300000	124400000	0.00018164369264805731	86602
chrX	124400000	124500000	0.00035022056771290006	75313
chrX	124500000	124600000	0.0009166519660569425	77644
chrX	124600000	124700000	0.0008924485243145644	78830
chrX	124700000	124800000	0.0008013144467816363	79090
chrX	124800000	124900000	0.000620337482850083	84335
chrX	124900000	125000000	0.0005775840830508623	77285
chrX	125000000	125100000	0.0003810221073786959	77400
chrX	125100000	125200000	0.0005239807440609285	82061
chrX	125200000	125300000	0.0007761790123293434	68702
chrX	125300000	125400000	0.0005590834510695139	72324
chrX	125400000	125500000	0.0006186729813189776	76372
chrX	125500000	125600000	0.0005157572036622452	73295
chrX	125600000	125700000	0.0008050286354576879	78103
chrX	125700000	125800000	0.0003610271513084811	84456
chrX	125800000	125900000	0.0007330910536219778	84984
chrX	125900000	126000000	0.0007425072116884459	76090
chrX	126000000	126100000	0.0008601874434585434	69628
chrX	126100000	126200000	0.000320584723022412	82209
chrX	126200000	126300000	0.00039796525071018017	75685
chrX	126300000	126400000	0.0005928841185743894	66387
chrX	126400000	126500000	0.0008584806343838815	78716
chrX	126500000	126600000	0.0003237071402449818	80933
chrX	126600000	126700000	0.0007044253468686289	77666
chrX	126700000	126800000	0.0007478397892099264	77423
chrX	126800000	126900000	0.0005415483119496756	88719
chrX	126900000	127000000	0.0008572695133021416	71594
chrX	127000000	127100000	0.00048251013711009147	86740
chrX	127100000	127200000	0.0005240294665551374	82489
chrX	127200000	127300000	0.0004235737918411222	81487
chrX	127300000	127400000	0.0003447452365112666	78164
chrX	127400000	127500000	0.00018678343769528991	86911
chrX	127500000	127600000	0.00015263205243866424	76013
chrX	127600000	127700000	0.00015426734396261483	83845
chrX	127700000	127800000	0.00030312900401566754	82895
chrX	127800000	127900000	0.00030710410755176794	72823
chrX	127900000	128000000	0.00040913941426804726	71949
chrX	128000000	128100000	0.000445534037799981	82544
chrX	128100000	128200000	0.0002896970385274822	76311
chrX	128200000	128300000	0.0002029892099176162	28145
chrX	128300000	128400000	0.0	NA
chrX	128400000	128500000	0.0	NA
chrX	128500000	128600000	0.0	NA
chrX	128600000	128700000	0.0	NA
chrX	128700000	128800000	0.0	NA
chrX	128800000	128900000	0.0	NA
chrX	128900000	129000000	0.0	NA
chrX	129000000	129100000	0.0	NA
chrX	129100000	129200000	0.0	NA
chrX	129200000	129300000	0.0	NA
chrX	129300000	129400000	0.0	NA
chrX	129400000	129500000	0.0	NA
chrX	129500000	129600000	0.0	NA
chrX	129600000	129700000	0.0	NA
chrX	129700000	129800000	0.0	NA
chrX	129800000	129900000	0.0	NA
chrX	129900000	130000000	0.0	NA
chrX	130000000	130100000	0.0	NA
chrX	130100000	130200000	0.0	NA
chrX	130200000	130300000	0.0	NA
chrX	130300000	130400000	0.0	NA
chrX	130400000	130500000	0.0	NA
chrX	130500000	130600000	0.0	NA
chrX	130600000	130700000	0.0	NA
chrX	130700000	130800000	0.0	NA
chrX	130800000	130900000	0.0	NA
chrX	130900000	131000000	0.0	NA
chrX	131000000	131100000	0.0	NA
chrX	131100000	131200000	0.0	NA
chrX	131200000	131300000	0.0	NA
chrX	131300000	131400000	0.0	NA
chrX	131400000	131500000	0.0	NA
chrX	131500000	131600000	0.0	NA
chrX	131600000	131700000	0.0	NA
chrX	131700000	131800000	0.0	NA
chrX	131800000	131900000	0.0	NA
chrX	131900000	132000000	0.0	NA
chrX	132000000	132100000	0.0	NA
chrX	132100000	132200000	0.0	NA
chrX	132200000	132300000	0.0	NA
chrX	132300000	132400000	0.0	NA
chrX	132400000	132500000	0.0	NA
chrX	132500000	132600000	0.0	NA
chrX	132600000	132700000	0.0	NA
chrX	132700000	132800000	0.0	NA
chrX	132800000	132900000	0.0	NA
chrX	132900000	133000000	0.0	NA
chrX	133000000	133100000	0.0	NA
chrX	133100000	133200000	0.0	NA
chrX	133200000	133300000	0.0	NA
chrX	133300000	133400000	0.0	NA
chrX	133400000	133500000	0.0	NA
chrX	133500000	133600000	0.0	NA
chrX	133600000	133700000	0.0	NA
chrX	133700000	133800000	0.0	NA
chrX	133800000	133900000	0.0	NA
chrX	133900000	134000000	0.0	NA
chrX	134000000	134100000	0.0	NA
chrX	134100000	134200000	0.0	NA
chrX	134200000	134300000	0.0	NA
chrX	134300000	134400000	0.0	NA
chrX	134400000	134500000	0.0	NA
chrX	134500000	134600000	0.0	NA
chrX	134600000	134700000	0.0	NA
chrX	134700000	134800000	0.0	NA
chrX	134800000	134900000	0.0	NA
chrX	134900000	135000000	0.0	NA
chrX	135000000	135100000	0.0	NA
chrX	135100000	135200000	0.0	NA
chrX	135200000	135300000	0.0	NA
chrX	135300000	135400000	0.0	NA
chrX	135400000	135500000	0.0	NA
chrX	135500000	135600000	0.0	NA
chrX	135600000	135700000	0.0	NA
chrX	135700000	135800000	0.0	NA
chrX	135800000	135900000	0.0	NA
chrX	135900000	136000000	0.0	NA
chrX	136000000	136100000	0.0	NA
chrX	136100000	136200000	0.0	NA
chrX	136200000	136300000	0.0	NA
chrX	136300000	136400000	0.0	NA
chrX	136400000	136500000	0.0	NA
chrX	136500000	136600000	0.0	NA
chrX	136600000	136700000	0.0	NA
chrX	136700000	136800000	0.0003146204496115686	2815
chrX	136800000	136900000	0.0004272269148672684	70269
chrX	136900000	137000000	0.00040951077327819313	83240
chrX	137000000	137100000	0.000644130873371832	76557
chrX	137100000	137200000	0.00033742737979429135	69559
chrX	137200000	137300000	0.0004450731889168482	79877
chrX	137300000	137400000	0.0006760921464935252	70831
chrX	137400000	137500000	0.00033347904657240297	81591
chrX	137500000	137600000	0.0002788320097178007	80843
chrX	137600000	137700000	0.00011143648878162145	84750
chrX	137700000	137800000	0.00011545998807145306	11618
chrX	137800000	137900000	0.0	NA
chrX	137900000	138000000	0.0	NA
chrX	138000000	138100000	0.0	NA
chrX	138100000	138200000	0.0	NA
chrX	138200000	138300000	0.00025009194556822347	10876
chrX	138300000	138400000	0.0004488884315570294	82163
chrX	138400000	138500000	0.0006339991607400837	78737
chrX	138500000	138600000	0.000594013441535176	73499
chrX	138600000	138700000	0.00047054045710669	20843
chrX	138700000	138800000	0.0001526811860020396	8013
chrX	138800000	138900000	8.405865286599233e-05	7085
chrX	138900000	139000000	3.729399672485282e-05	63780
chrX	139000000	139100000	0.0003459490045115977	42201
chrX	139100000	139200000	0.00037637144485211886	70268
chrX	139200000	139300000	0.0003437550104216768	78120
chrX	139300000	139400000	0.00015775119110172326	63957
chrX	139400000	139500000	4.1404135172152373e-05	76316
chrX	139500000	139600000	0.0001297036439331969	81907
chrX	139600000	139700000	0.0005310027997865615	85526
chrX	139700000	139800000	0.000403207801547037	65512
chrX	139800000	139900000	0.00110746966747197	34757
chrX	139900000	140000000	0.0006446670931801178	83458
chrX	140000000	140100000	0.0005668371124802659	63624
chrX	140100000	140200000	0.0	NA
chrX	140200000	140300000	0.00046107126311774885	65869
chrX	140300000	140400000	0.0007876609814630787	53147
chrX	140400000	140500000	0.0006108120511566851	74746
chrX	140500000	140600000	0.000941935146480602	45584
chrX	140600000	140700000	0.0	NA
chrX	140700000	140800000	0.0006914898325941269	29666
chrX	140800000	140900000	0.0007291288711831185	73662
chrX	140900000	141000000	0.0004608633146108948	28070
chrX	141000000	141100000	0.0011197555191436192	81059
chrX	141100000	141200000	0.0010348794981311674	81718
chrX	141200000	141300000	0.0008964698531708866	70325
chrX	141300000	141400000	0.000846089684726047	79200
chrX	141400000	141500000	0.0006278579856158062	70039
chrX	141500000	141600000	0.0006655433040042027	72042
chrX	141600000	141700000	0.0005404370188888762	84230
chrX	141700000	141800000	0.0006346623129478806	81333
chrX	141800000	141900000	0.0002000849604603861	72238
chrX	141900000	142000000	0.0004433541377479851	74115
chrX	142000000	142100000	0.00036820049169773185	79354
chrX	142100000	142200000	0.0005371747891660998	82860
chrX	142200000	142300000	0.000690655990911603	85677
chrX	142300000	142400000	0.0005339752919243047	83784
chrX	142400000	142500000	0.0006499530058247191	82097
chrX	142500000	142600000	0.0007302264350006082	79563
chrX	142600000	142700000	0.0008625107715554738	74762
chrX	142700000	142800000	0.000612563624948763	70084
chrX	142800000	142900000	0.0007161080055413917	72483
chrX	142900000	143000000	0.0005058874910735704	83030
chrX	143000000	143100000	0.00023154913716973686	79689
chrX	143100000	143200000	0.00010934261113159096	50308
chrX	143200000	143300000	0.0003701166016511208	3317
chrX	143300000	143400000	0.0011889077708673132	83346
chrX	143400000	143500000	0.0005687370786426763	80611
chrX	143500000	143600000	0.0007345179517701876	40018
chrX	143600000	143700000	0.000502207121822091	85863
chrX	143700000	143800000	0.0008765533572668361	81404
chrX	143800000	143900000	0.0006023083324600858	84151
chrX	143900000	144000000	0.0005340216178980707	84696
chrX	144000000	144100000	0.0009177768221521036	86463
chrX	144100000	144200000	0.0006779687959496738	83878
chrX	144200000	144300000	0.0009548743473836486	85733
chrX	144300000	144400000	0.00038621771887491956	76908
chrX	144400000	144500000	0.00027410345806202016	76452
chrX	144500000	144600000	0.0005998353842065136	79929
chrX	144600000	144700000	0.0008321327003499313	87538
chrX	144700000	144800000	0.00041314273457130626	87024
chrX	144800000	144900000	0.00059222246478171	82454
chrX	144900000	145000000	0.000631868098623507	75125
chrX	145000000	145100000	0.0006855163558561772	80131
chrX	145100000	145200000	0.0007386457430266409	78751
chrX	145200000	145300000	0.00035226646771895114	83307
chrX	145300000	145400000	0.0008444056401557795	76426
chrX	145400000	145500000	0.000555334750923742	81886
chrX	145500000	145600000	0.001066250717774776	83363
chrX	145600000	145700000	0.0007605318268599775	88228
chrX	145700000	145800000	0.0004923788242133564	80064
chrX	145800000	145900000	0.0007252778264338966	62280
chrX	145900000	146000000	0.0007756411241897535	72931
chrX	146000000	146100000	0.0006235372493232639	83332
chrX	146100000	146200000	0.000559549431770608	84928
chrX	146200000	146300000	0.0003404021119709471	65998
chrX	146300000	146400000	0.0004600747457890315	70707
chrX	146400000	146500000	0.00048552527115474124	79162
chrX	146500000	146600000	0.00033053643039171265	82920
chrX	146600000	146700000	0.0007172338564591629	88267
chrX	146700000	146800000	0.0001531864233971777	83557
chrX	146800000	146900000	0.00027874123702275694	90871
chrX	146900000	147000000	0.00026463008965590636	68753
chrX	147000000	147100000	0.0003925419065204011	20925
chrX	147100000	147200000	0.000450086567098268	77770
chrX	147200000	147300000	0.0005279250617047512	69302
chrX	147300000	147400000	0.0003741418908227588	76285
chrX	147400000	147500000	0.000641348710222589	72248
chrX	147500000	147600000	0.0004544362232000895	71667
chrX	147600000	147700000	0.0	NA
chrX	147700000	147800000	0.0	NA
chrX	147800000	147900000	0.0	NA
chrX	147900000	148000000	0.0	NA
chrX	148000000	148100000	0.00012094863251194387	16561
chrX	148100000	148200000	0.00016783057872580938	86056
chrX	148200000	148300000	0.00016108427827863438	74065
chrX	148300000	148400000	0.000360061160154623	84756
chrX	148400000	148500000	0.0002216741573502591	79877
chrX	148500000	148600000	0.0003760134848640528	55149
chrX	148600000	148700000	0.0005251716362827471	12987
chrX	148700000	148800000	0.00040370392802104976	24016
chrX	148800000	148900000	0.0003510247410580453	32428
chrX	148900000	149000000	0.0002805557644267322	2418
chrX	149000000	149100000	2.025586490620126e-05	7879
chrX	149100000	149200000	9.960342111540106e-05	11561
chrX	149200000	149300000	5.6343860738892405e-05	80591
chrX	149300000	149400000	0.0001833924824885389	80536
chrX	149400000	149500000	0.000298871235959767	89618
chrX	149500000	149600000	0.00015733733234815327	27724
chrX	149600000	149700000	0.0010715411329222067	13685
chrX	149700000	149800000	0.0005260742235129087	31273
chrX	149800000	149900000	0.00047963995398288246	17578
chrX	149900000	150000000	0.00044764476447644767	1010
chrX	150000000	150100000	0.000260171125529157	25319
chrX	150100000	150200000	0.0006695999213683779	60222
chrX	150200000	150300000	0.0007951481542135358	75496
chrX	150300000	150400000	0.000729502056025328	69505
chrX	150400000	150500000	0.0006845571943716623	78099
chrX	150500000	150600000	0.0005819307838902802	71549
chrX	150600000	150700000	0.0005784649896306171	78061
chrX	150700000	150800000	0.00020659553005053548	16602
chrX	150800000	150900000	0.0008411309750221883	38240
chrX	150900000	151000000	0.0005352542869123575	81420
chrX	151000000	151100000	0.0004380165052117116	77446
chrX	151100000	151200000	0.0005613205064996366	62385
chrX	151200000	151300000	0.0005709470820807791	64938
chrX	151300000	151400000	0.0006471143285844658	26120
chrX	151400000	151500000	0.0	NA
chrX	151500000	151600000	0.0	NA
chrX	151600000	151700000	0.0	NA
chrX	151700000	151800000	0.0	NA
chrX	151800000	151900000	0.0	NA
chrX	151900000	152000000	0.0	NA
chrX	152000000	152100000	0.0	NA
chrX	152100000	152200000	0.0	NA
chrX	152200000	152300000	0.0	NA
chrX	152300000	152400000	0.0	NA
chrX	152400000	152500000	0.0	NA
chrX	152500000	152600000	0.0	NA
chrX	152600000	152700000	0.0	NA
chrX	152700000	152800000	0.0	NA
chrX	152800000	152900000	0.0	NA
chrX	152900000	153000000	0.0	NA
chrX	153000000	153100000	0.0	NA
chrX	153100000	153200000	0.0	NA
chrX	153200000	153300000	0.0	NA
chrX	153300000	153400000	0.0	NA
chrX	153400000	153500000	0.0	NA
chrX	153500000	153600000	0.0	NA
chrX	153600000	153700000	0.0	NA
chrX	153700000	153800000	0.0	NA
chrX	153800000	153900000	0.0	NA
chrX	153900000	154000000	0.0	NA
chrX	154000000	154100000	0.0	NA
chrX	154100000	154200000	0.0	NA
chrX	154200000	154300000	0.0	NA
chrX	154300000	154400000	0.0	NA
chrX	154400000	154500000	0.0	NA
chrX	154500000	154600000	0.0	NA
chrX	154600000	154700000	0.0	NA
chrX	154700000	154800000	0.0	NA
chrX	154800000	154900000	0.0	NA
chrX	154900000	155000000	0.0	NA
chrX	155000000	155100000	0.0	NA
chrX	155100000	155200000	0.00039160303271059386	19719
chrX	155200000	155270560	0.0007104522976913682	12695
