chrX	0	100000	0.0019842915395476036	1456
chrX	100000	200000	0.0020628858433110837	4965
chrX	200000	300000	0.0032248618643852013	2964
chrX	300000	400000	0.0014620236693995655	15533
chrX	400000	500000	0.0017651839787324742	29352
chrX	500000	600000	0.0020059751853019957	30548
chrX	600000	700000	0.0015219814280616663	32131
chrX	700000	800000	0.0016784992175064648	42139
chrX	800000	900000	0.0009075228811500951	28095
chrX	900000	1000000	0.001515085145962066	33413
chrX	1000000	1100000	0.001375112309074573	10800
chrX	1100000	1200000	0.0	NA
chrX	1200000	1300000	0.0012885273036781057	14837
chrX	1300000	1400000	0.0009233781648908216	11710
chrX	1400000	1500000	0.0016256870362637045	3621
chrX	1500000	1600000	0.0008059272210215607	5994
chrX	1600000	1700000	0.0009464886950941844	13016
chrX	1700000	1800000	0.001620942165919538	15723
chrX	1800000	1900000	0.001242165378265574	33177
chrX	1900000	2000000	0.0012498309254820852	42559
chrX	2000000	2100000	0.0013952410571634166	27331
chrX	2100000	2200000	0.0014506820541619755	5654
chrX	2200000	2300000	0.0	NA
chrX	2300000	2400000	0.0	NA
chrX	2400000	2500000	0.001173965037687294	45281
chrX	2500000	2600000	0.000932654842479208	31936
chrX	2600000	2700000	0.0010942212437192276	9973
chrX	2700000	2800000	0.0009826897766978307	6527
chrX	2800000	2900000	0.00047784057085380156	22760
chrX	2900000	3000000	6.269721463627699e-05	18211
chrX	3000000	3100000	0.0011425731396990215	41962
chrX	3100000	3200000	0.000909831467036176	67756
chrX	3200000	3300000	0.001335966638207818	40676
chrX	3300000	3400000	0.0008297057164981687	66600
chrX	3400000	3500000	0.0005485710341675836	62692
chrX	3500000	3600000	0.0005254294952191259	14266
chrX	3600000	3700000	0.0010859082945268864	32614
chrX	3700000	3800000	0.0007903947208205842	21192
chrX	3800000	3900000	0.0007765227187799748	25561
chrX	3900000	4000000	0.0010299471073960903	78839
chrX	4000000	4100000	0.0007450661530140376	79245
chrX	4100000	4200000	0.000624258011737555	79718
chrX	4200000	4300000	0.0007826185219175657	84113
chrX	4300000	4400000	0.0004625250757895573	79369
chrX	4400000	4500000	0.00023997459274988133	77637
chrX	4500000	4600000	0.0005557761122656688	75731
chrX	4600000	4700000	0.0005844870862972554	73578
chrX	4700000	4800000	0.0007100367434797482	76081
chrX	4800000	4900000	0.00047809653821062316	77400
chrX	4900000	5000000	0.0005499437587912518	79951
chrX	5000000	5100000	0.001220155936169261	74083
chrX	5100000	5200000	0.0005532218725690163	78953
chrX	5200000	5300000	0.00030713672513566534	81913
chrX	5300000	5400000	0.00044594056175929476	80640
chrX	5400000	5500000	0.000932861041375866	79923
chrX	5500000	5600000	0.000813330143530906	82766
chrX	5600000	5700000	0.0010069344255757375	76600
chrX	5700000	5800000	0.0006469803943164237	79391
chrX	5800000	5900000	0.000346504983583982	6848
chrX	5900000	6000000	0.0	NA
chrX	6000000	6100000	0.0	NA
chrX	6100000	6200000	0.0002151133492224895	40080
chrX	6200000	6300000	0.00025767387777556543	79340
chrX	6300000	6400000	0.00014339252970163265	81858
chrX	6400000	6500000	9.5488282674118e-05	76866
chrX	6500000	6600000	0.00013513561497657944	79199
chrX	6600000	6700000	0.00037809638914594243	80898
chrX	6700000	6800000	0.0007521271825977885	84914
chrX	6800000	6900000	0.0008726681368678719	73474
chrX	6900000	7000000	0.0005333116477760749	30759
chrX	7000000	7100000	0.0	NA
chrX	7100000	7200000	0.0	NA
chrX	7200000	7300000	0.00019461853437360033	22227
chrX	7300000	7400000	0.00032084601855569323	85565
chrX	7400000	7500000	0.00034126123668181134	79549
chrX	7500000	7600000	0.0005027346709089951	81085
chrX	7600000	7700000	0.0006739748123665538	39189
chrX	7700000	7800000	0.00018912737716094335	88353
chrX	7800000	7900000	0.000648123618751873	55024
chrX	7900000	8000000	0.00029437162093156043	79564
chrX	8000000	8100000	0.00024884348732368634	84815
chrX	8100000	8200000	0.0003935857532954903	69704
chrX	8200000	8300000	0.0006448746736441762	83886
chrX	8300000	8400000	0.0006636148649619468	84731
chrX	8400000	8500000	0.0007470021920976235	60611
chrX	8500000	8600000	0.0	NA
chrX	8600000	8700000	0.0	NA
chrX	8700000	8800000	0.0003863863315698721	64184
chrX	8800000	8900000	0.0005979713113504198	92359
chrX	8900000	9000000	0.00036629125651309655	64487
chrX	9000000	9100000	0.0005174472853695889	81408
chrX	9100000	9200000	0.00019842174163539603	86934
chrX	9200000	9300000	0.0005029501507953082	81300
chrX	9300000	9400000	0.00039607425030704294	65299
chrX	9400000	9500000	0.00030457595413987986	22404
chrX	9500000	9600000	0.0	NA
chrX	9600000	9700000	0.0010851221442421235	5219
chrX	9700000	9800000	0.000373190693983631	11848
chrX	9800000	9900000	0.0	NA
chrX	9900000	10000000	0.0004332254721075213	44001
chrX	10000000	10100000	0.0	NA
chrX	10100000	10200000	0.0003444230375959272	8765
chrX	10200000	10300000	0.0005436368254900992	29283
chrX	10300000	10400000	0.0	NA
chrX	10400000	10500000	0.0	NA
chrX	10500000	10600000	0.0	NA
chrX	10600000	10700000	0.0	NA
chrX	10700000	10800000	0.0	NA
chrX	10800000	10900000	0.0	NA
chrX	10900000	11000000	0.0	NA
chrX	11000000	11100000	0.0	NA
chrX	11100000	11200000	0.0	NA
chrX	11200000	11300000	0.0	NA
chrX	11300000	11400000	0.0	NA
chrX	11400000	11500000	0.0	NA
chrX	11500000	11600000	0.0	NA
chrX	11600000	11700000	0.0	NA
chrX	11700000	11800000	0.0	NA
chrX	11800000	11900000	0.0	NA
chrX	11900000	12000000	0.0	NA
chrX	12000000	12100000	0.0	NA
chrX	12100000	12200000	0.0	NA
chrX	12200000	12300000	0.0	NA
chrX	12300000	12400000	0.0	NA
chrX	12400000	12500000	0.0	NA
chrX	12500000	12600000	0.0	NA
chrX	12600000	12700000	0.0	NA
chrX	12700000	12800000	0.0003751719358595032	43811
chrX	12800000	12900000	0.000707039448130685	25947
chrX	12900000	13000000	0.00033088697724861305	35930
chrX	13000000	13100000	0.0004565525657800577	74039
chrX	13100000	13200000	0.0002976684619320528	80230
chrX	13200000	13300000	0.0003342139783274204	83862
chrX	13300000	13400000	0.00020050923640838454	73450
chrX	13400000	13500000	0.0005114133261073135	78761
chrX	13500000	13600000	0.0006328222713681048	74737
chrX	13600000	13700000	0.000689970706352492	22874
chrX	13700000	13800000	0.0004940400806410556	9371
chrX	13800000	13900000	0.0	NA
chrX	13900000	14000000	0.0001723082202837932	29364
chrX	14000000	14100000	0.00017624295472949236	65754
chrX	14100000	14200000	0.0004932516321377974	79481
chrX	14200000	14300000	0.0002520393780715838	74794
chrX	14300000	14400000	0.00033987492564940705	79874
chrX	14400000	14500000	0.00011034049478487246	80841
chrX	14500000	14600000	0.00013326518133667905	42635
chrX	14600000	14700000	0.0	NA
chrX	14700000	14800000	0.0001656934356277052	38657
chrX	14800000	14900000	0.00018084083117119015	48752
chrX	14900000	15000000	0.00023613500872602983	42771
chrX	15000000	15100000	0.00024653780530759173	80872
chrX	15100000	15200000	0.00024845383887729504	82204
chrX	15200000	15300000	0.0004062776173599011	58956
chrX	15300000	15400000	0.0004679989151652428	11373
chrX	15400000	15500000	0.0	NA
chrX	15500000	15600000	0.00014974839128317383	10123
chrX	15600000	15700000	0.00021908701153984183	13653
chrX	15700000	15800000	0.00013644095552235808	23510
chrX	15800000	15900000	0.00024358774076709892	26088
chrX	15900000	16000000	0.00037115758419633063	81552
chrX	16000000	16100000	0.00018790764959186618	82768
chrX	16100000	16200000	0.0002842295537821968	53837
chrX	16200000	16300000	0.0003460491510526703	72067
chrX	16300000	16400000	0.0006397019585321736	72354
chrX	16400000	16500000	0.0004437966576445579	84033
chrX	16500000	16600000	0.0004774667120467788	70365
chrX	16600000	16700000	5.607382872003168e-05	3618
chrX	16700000	16800000	0.00040322117362121224	12512
chrX	16800000	16900000	0.0003509197977707492	11521
chrX	16900000	17000000	0.0003794163248376836	32283
chrX	17000000	17100000	0.0	NA
chrX	17100000	17200000	0.0	NA
chrX	17200000	17300000	0.0	NA
chrX	17300000	17400000	0.0	NA
chrX	17400000	17500000	0.0	NA
chrX	17500000	17600000	0.0	NA
chrX	17600000	17700000	0.0	NA
chrX	17700000	17800000	0.0	NA
chrX	17800000	17900000	0.0	NA
chrX	17900000	18000000	0.0	NA
chrX	18000000	18100000	0.0	NA
chrX	18100000	18200000	0.0	NA
chrX	18200000	18300000	0.0	NA
chrX	18300000	18400000	0.0	NA
chrX	18400000	18500000	0.0	NA
chrX	18500000	18600000	0.0	NA
chrX	18600000	18700000	0.0	NA
chrX	18700000	18800000	0.0	NA
chrX	18800000	18900000	0.0002950904896139097	32737
chrX	18900000	19000000	0.0001295409069354539	7954
chrX	19000000	19100000	3.641040551761714e-05	4116
chrX	19100000	19200000	0.00013671210489087516	39110
chrX	19200000	19300000	0.00027160130092972906	73116
chrX	19300000	19400000	8.083033037384834e-05	2790
chrX	19400000	19500000	0.0	NA
chrX	19500000	19600000	0.0	NA
chrX	19600000	19700000	0.0	NA
chrX	19700000	19800000	0.0	NA
chrX	19800000	19900000	0.0	NA
chrX	19900000	20000000	0.0	NA
chrX	20000000	20100000	0.0	NA
chrX	20100000	20200000	0.0	NA
chrX	20200000	20300000	0.0	NA
chrX	20300000	20400000	0.0	NA
chrX	20400000	20500000	0.0	NA
chrX	20500000	20600000	0.0	NA
chrX	20600000	20700000	0.0	NA
chrX	20700000	20800000	0.0	NA
chrX	20800000	20900000	0.0	NA
chrX	20900000	21000000	0.0	NA
chrX	21000000	21100000	0.0	NA
chrX	21100000	21200000	0.0	NA
chrX	21200000	21300000	0.0	NA
chrX	21300000	21400000	0.0	NA
chrX	21400000	21500000	0.0	NA
chrX	21500000	21600000	0.0	NA
chrX	21600000	21700000	0.0	NA
chrX	21700000	21800000	0.0	NA
chrX	21800000	21900000	0.0	NA
chrX	21900000	22000000	0.0	NA
chrX	22000000	22100000	0.0	NA
chrX	22100000	22200000	0.0	NA
chrX	22200000	22300000	0.0	NA
chrX	22300000	22400000	0.0	NA
chrX	22400000	22500000	0.0	NA
chrX	22500000	22600000	0.0	NA
chrX	22600000	22700000	0.0	NA
chrX	22700000	22800000	0.0	NA
chrX	22800000	22900000	0.0	NA
chrX	22900000	23000000	0.0	NA
chrX	23000000	23100000	0.0	NA
chrX	23100000	23200000	0.0	NA
chrX	23200000	23300000	0.0	NA
chrX	23300000	23400000	0.0004480266620766382	38178
chrX	23400000	23500000	0.0005625620737887128	60203
chrX	23500000	23600000	0.00046656198674853845	72295
chrX	23600000	23700000	0.0006945704202814866	61975
chrX	23700000	23800000	0.000751096483781749	25799
chrX	23800000	23900000	0.00044155192403170845	25641
chrX	23900000	24000000	0.0004120976222656009	23844
chrX	24000000	24100000	0.0003272191511718215	10384
chrX	24100000	24200000	0.0005735318880399743	32863
chrX	24200000	24300000	0.0007219294288825868	44739
chrX	24300000	24400000	0.0003121698122992694	68865
chrX	24400000	24500000	0.0005506757458044047	63323
chrX	24500000	24600000	0.00033479785701602966	6730
chrX	24600000	24700000	0.00011856809715618282	7120
chrX	24700000	24800000	7.678265277003372e-05	8397
chrX	24800000	24900000	0.0	NA
chrX	24900000	25000000	0.0	NA
chrX	25000000	25100000	0.00036854674346928454	56512
chrX	25100000	25200000	0.00023736693894987594	78985
chrX	25200000	25300000	0.00036560774017534837	85156
chrX	25300000	25400000	0.00024397324117015877	65743
chrX	25400000	25500000	0.00032823468850622155	80410
chrX	25500000	25600000	0.0005382903011836654	86307
chrX	25600000	25700000	0.0005083334736630421	91717
chrX	25700000	25800000	0.0005977278447172642	79346
chrX	25800000	25900000	0.000388749583610373	84625
chrX	25900000	26000000	0.0005036956829604858	75396
chrX	26000000	26100000	0.00042476904306925994	81360
chrX	26100000	26200000	0.0004385451137007969	73080
chrX	26200000	26300000	0.0006606219247055972	74608
chrX	26300000	26400000	0.00044568423965225324	71017
chrX	26400000	26500000	0.00046485825821342895	84539
chrX	26500000	26600000	0.0005992178144025992	75100
chrX	26600000	26700000	0.00041043186180864203	85836
chrX	26700000	26800000	0.0005360563249791077	81441
chrX	26800000	26900000	0.0006320780431614348	85563
chrX	26900000	27000000	0.0006433377581443253	86586
chrX	27000000	27100000	0.0004448441413871411	78634
chrX	27100000	27200000	0.00036739252064654917	75843
chrX	27200000	27300000	0.00026047220575675943	81114
chrX	27300000	27400000	0.0003472718664499942	74297
chrX	27400000	27500000	0.0006356275431344675	78903
chrX	27500000	27600000	0.0005451587756471817	75188
chrX	27600000	27700000	0.0004151581119229219	82222
chrX	27700000	27800000	0.0004863848228351148	81185
chrX	27800000	27900000	9.984030580809035e-05	75740
chrX	27900000	28000000	0.00011153312145542661	83629
chrX	28000000	28100000	0.0002141730961024193	87563
chrX	28100000	28200000	0.00018142083053768356	80671
chrX	28200000	28300000	0.00020417407264391654	83213
chrX	28300000	28400000	9.053776453920356e-05	81454
chrX	28400000	28500000	0.0003918694659259293	74206
chrX	28500000	28600000	0.00041302603684977387	79862
chrX	28600000	28700000	0.0002197457381020595	5532
chrX	28700000	28800000	0.0	NA
chrX	28800000	28900000	0.0	NA
chrX	28900000	29000000	0.0	NA
chrX	29000000	29100000	0.0	NA
chrX	29100000	29200000	0.0	NA
chrX	29200000	29300000	0.0	NA
chrX	29300000	29400000	0.0	NA
chrX	29400000	29500000	0.0	NA
chrX	29500000	29600000	0.0	NA
chrX	29600000	29700000	0.0	NA
chrX	29700000	29800000	0.0	NA
chrX	29800000	29900000	0.0	NA
chrX	29900000	30000000	1.665735843832342e-05	17886
chrX	30000000	30100000	5.1917431024210706e-05	75211
chrX	30100000	30200000	0.0002300404194459903	82088
chrX	30200000	30300000	0.0002680146969834419	68485
chrX	30300000	30400000	0.0003043087924981471	77006
chrX	30400000	30500000	0.00024065654032286719	81302
chrX	30500000	30600000	0.0002493811801987899	61425
chrX	30600000	30700000	0.0002731871331862325	46509
chrX	30700000	30800000	0.0005054249306234043	29646
chrX	30800000	30900000	0.0002503057345283573	20458
chrX	30900000	31000000	0.0005063772726144682	81314
chrX	31000000	31100000	0.0002949404980272486	79204
chrX	31100000	31200000	0.0002677147974344548	32605
chrX	31200000	31300000	0.0	NA
chrX	31300000	31400000	0.0	NA
chrX	31400000	31500000	0.0	NA
chrX	31500000	31600000	0.0	NA
chrX	31600000	31700000	0.0	NA
chrX	31700000	31800000	0.0	NA
chrX	31800000	31900000	0.0	NA
chrX	31900000	32000000	0.0	NA
chrX	32000000	32100000	0.0	NA
chrX	32100000	32200000	0.0	NA
chrX	32200000	32300000	0.0	NA
chrX	32300000	32400000	0.0	NA
chrX	32400000	32500000	0.0	NA
chrX	32500000	32600000	0.0	NA
chrX	32600000	32700000	0.0	NA
chrX	32700000	32800000	0.0	NA
chrX	32800000	32900000	0.0	NA
chrX	32900000	33000000	0.0	NA
chrX	33000000	33100000	0.0	NA
chrX	33100000	33200000	0.0	NA
chrX	33200000	33300000	0.0	NA
chrX	33300000	33400000	0.00038963246510416286	32560
chrX	33400000	33500000	0.00011716366929186556	84705
chrX	33500000	33600000	0.0004703560298119315	81055
chrX	33600000	33700000	0.00044306854948647257	84563
chrX	33700000	33800000	0.0003997871896363197	84785
chrX	33800000	33900000	0.0005217282494384788	85057
chrX	33900000	34000000	0.0006253889553001359	84549
chrX	34000000	34100000	0.0004859498954533933	91089
chrX	34100000	34200000	0.0006722303896195968	76290
chrX	34200000	34300000	0.0005126474545457921	83539
chrX	34300000	34400000	0.0005822317552819214	84866
chrX	34400000	34500000	0.0006996505370869794	74386
chrX	34500000	34600000	0.0005312601114128341	83698
chrX	34600000	34700000	0.0003826694321324165	62606
chrX	34700000	34800000	0.0005034316819036889	85644
chrX	34800000	34900000	0.0006278306008356317	79295
chrX	34900000	35000000	0.0004238821921962119	85031
chrX	35000000	35100000	0.0003707485726701906	84520
chrX	35100000	35200000	0.00012754633069916944	83989
chrX	35200000	35300000	0.0002166191204400355	82838
chrX	35300000	35400000	0.000362676843847654	83294
chrX	35400000	35500000	0.00023204002468741092	83693
chrX	35500000	35600000	0.0001062091339742136	79453
chrX	35600000	35700000	0.0004710584181655691	72509
chrX	35700000	35800000	0.00020295081343927668	87814
chrX	35800000	35900000	0.0006976065632683785	79834
chrX	35900000	36000000	0.0003047783685462128	28989
chrX	36000000	36100000	0.0	NA
chrX	36100000	36200000	0.0	NA
chrX	36200000	36300000	0.0	NA
chrX	36300000	36400000	0.0	NA
chrX	36400000	36500000	0.0003120876828241849	31231
chrX	36500000	36600000	0.00012715975893090915	87048
chrX	36600000	36700000	0.00016297532414603813	84166
chrX	36700000	36800000	0.00024612586481551497	83505
chrX	36800000	36900000	0.00017779832614488847	90691
chrX	36900000	37000000	0.00010656851040675672	78143
chrX	37000000	37100000	0.00015027893875957455	51870
chrX	37100000	37200000	7.049861834612039e-05	38644
chrX	37200000	37300000	0.0001311356111533659	8119
chrX	37300000	37400000	0.00013943330107324604	41133
chrX	37400000	37500000	4.947774350614264e-05	13968
chrX	37500000	37600000	7.166530690014062e-05	15052
chrX	37600000	37700000	0.00011024143314518617	49342
chrX	37700000	37800000	0.00014008443710208772	78306
chrX	37800000	37900000	0.0006288073615527834	53127
chrX	37900000	38000000	0.00034121441540031956	11123
chrX	38000000	38100000	0.0003063731981989455	25187
chrX	38100000	38200000	0.0005945858336017679	33111
chrX	38200000	38300000	0.0009995935730728008	25710
chrX	38300000	38400000	0.00033202011172076196	39860
chrX	38400000	38500000	0.0	NA
chrX	38500000	38600000	0.0	NA
chrX	38600000	38700000	0.0	NA
chrX	38700000	38800000	0.0	NA
chrX	38800000	38900000	0.0	NA
chrX	38900000	39000000	0.0	NA
chrX	39000000	39100000	0.0	NA
chrX	39100000	39200000	0.0	NA
chrX	39200000	39300000	0.0	NA
chrX	39300000	39400000	0.0	NA
chrX	39400000	39500000	0.0	NA
chrX	39500000	39600000	0.0	NA
chrX	39600000	39700000	0.0	NA
chrX	39700000	39800000	0.0	NA
chrX	39800000	39900000	0.0	NA
chrX	39900000	40000000	0.0	NA
chrX	40000000	40100000	0.0	NA
chrX	40100000	40200000	0.0	NA
chrX	40200000	40300000	0.0	NA
chrX	40300000	40400000	0.0	NA
chrX	40400000	40500000	0.0	NA
chrX	40500000	40600000	0.0	NA
chrX	40600000	40700000	0.0	NA
chrX	40700000	40800000	0.0	NA
chrX	40800000	40900000	0.0	NA
chrX	40900000	41000000	0.0	NA
chrX	41000000	41100000	0.0	NA
chrX	41100000	41200000	0.0	NA
chrX	41200000	41300000	0.0008526704568946612	12017
chrX	41300000	41400000	0.00048593009034922114	25399
chrX	41400000	41500000	0.0	NA
chrX	41500000	41600000	0.0	NA
chrX	41600000	41700000	0.0	NA
chrX	41700000	41800000	3.193539145830745e-05	14731
chrX	41800000	41900000	0.00029722121838270576	80598
chrX	41900000	42000000	0.00041909804402467216	88976
chrX	42000000	42100000	0.0002481912446387455	79880
chrX	42100000	42200000	0.0002686000832215151	79572
chrX	42200000	42300000	0.00014381670700842975	80006
chrX	42300000	42400000	0.00017796975549014962	83348
chrX	42400000	42500000	0.00018125535866516981	81275
chrX	42500000	42600000	0.0006109663114815603	79932
chrX	42600000	42700000	0.0006991455343601979	81058
chrX	42700000	42800000	0.0006221410933163416	79569
chrX	42800000	42900000	0.0007208234464952473	84428
chrX	42900000	43000000	0.0005383318039796181	89394
chrX	43000000	43100000	0.00020309919570096988	44692
chrX	43100000	43200000	0.00020276983338912027	76557
chrX	43200000	43300000	0.0002216312347926878	86165
chrX	43300000	43400000	0.00030577231137688136	85402
chrX	43400000	43500000	0.0004975775849367373	77829
chrX	43500000	43600000	0.0005314491163547769	9768
chrX	43600000	43700000	0.0005749995256381624	17236
chrX	43700000	43800000	5.6676997410597064e-05	48087
chrX	43800000	43900000	0.0003616215043235125	61576
chrX	43900000	44000000	0.000311217891285294	82612
chrX	44000000	44100000	0.0002597362261932492	6075
chrX	44100000	44200000	0.0	NA
chrX	44200000	44300000	0.0006011640171797145	68152
chrX	44300000	44400000	0.00047165516010657624	50725
chrX	44400000	44500000	0.0005902430346180042	45746
chrX	44500000	44600000	0.00019910029752159036	61365
chrX	44600000	44700000	0.0003415902446219636	47804
chrX	44700000	44800000	0.00025017456509577414	18821
chrX	44800000	44900000	0.0	NA
chrX	44900000	45000000	0.00019924058345451446	21963
chrX	45000000	45100000	0.0005511404626628232	38914
chrX	45100000	45200000	0.00022515414519865557	85322
chrX	45200000	45300000	4.343154574078023e-05	85326
chrX	45300000	45400000	0.00015243347860667965	61223
chrX	45400000	45500000	0.00012646008741309944	84098
chrX	45500000	45600000	0.0004674794026779245	76303
chrX	45600000	45700000	0.00040695360822889194	84474
chrX	45700000	45800000	0.00027537824228752235	74446
chrX	45800000	45900000	0.0005393950980900168	78444
chrX	45900000	46000000	0.0001886934629448843	21486
chrX	46000000	46100000	0.0	NA
chrX	46100000	46200000	0.0	NA
chrX	46200000	46300000	0.0	NA
chrX	46300000	46400000	0.0	NA
chrX	46400000	46500000	0.0	NA
chrX	46500000	46600000	0.0	NA
chrX	46600000	46700000	0.0	NA
chrX	46700000	46800000	0.0	NA
chrX	46800000	46900000	0.0	NA
chrX	46900000	47000000	0.0	NA
chrX	47000000	47100000	0.0	NA
chrX	47100000	47200000	0.0	NA
chrX	47200000	47300000	0.0	NA
chrX	47300000	47400000	0.0	NA
chrX	47400000	47500000	0.0	NA
chrX	47500000	47600000	0.0	NA
chrX	47600000	47700000	0.0	NA
chrX	47700000	47800000	0.0	NA
chrX	47800000	47900000	0.0	NA
chrX	47900000	48000000	0.0	NA
chrX	48000000	48100000	0.0	NA
chrX	48100000	48200000	0.0	NA
chrX	48200000	48300000	0.0	NA
chrX	48300000	48400000	0.0	NA
chrX	48400000	48500000	0.0	NA
chrX	48500000	48600000	0.0	NA
chrX	48600000	48700000	0.0	NA
chrX	48700000	48800000	0.0	NA
chrX	48800000	48900000	0.0	NA
chrX	48900000	49000000	0.0	NA
chrX	49000000	49100000	0.0	NA
chrX	49100000	49200000	0.0	NA
chrX	49200000	49300000	0.0	NA
chrX	49300000	49400000	0.0	NA
chrX	49400000	49500000	0.0	NA
chrX	49500000	49600000	0.0	NA
chrX	49600000	49700000	0.0	NA
chrX	49700000	49800000	0.0	NA
chrX	49800000	49900000	0.0	NA
chrX	49900000	50000000	0.0	NA
chrX	50000000	50100000	0.0	NA
chrX	50100000	50200000	0.0	NA
chrX	50200000	50300000	0.0	NA
chrX	50300000	50400000	0.0	NA
chrX	50400000	50500000	0.0	NA
chrX	50500000	50600000	0.0	NA
chrX	50600000	50700000	0.0	NA
chrX	50700000	50800000	0.0	NA
chrX	50800000	50900000	0.0	NA
chrX	50900000	51000000	0.0	NA
chrX	51000000	51100000	0.0	NA
chrX	51100000	51200000	0.0	NA
chrX	51200000	51300000	0.0	NA
chrX	51300000	51400000	0.0	NA
chrX	51400000	51500000	0.0	NA
chrX	51500000	51600000	0.0	NA
chrX	51600000	51700000	0.0	NA
chrX	51700000	51800000	0.0	NA
chrX	51800000	51900000	0.0	NA
chrX	51900000	52000000	0.0	NA
chrX	52000000	52100000	0.0	NA
chrX	52100000	52200000	0.0	NA
chrX	52200000	52300000	0.0	NA
chrX	52300000	52400000	0.0	NA
chrX	52400000	52500000	0.0	NA
chrX	52500000	52600000	0.0	NA
chrX	52600000	52700000	0.0	NA
chrX	52700000	52800000	0.0	NA
chrX	52800000	52900000	0.0	NA
chrX	52900000	53000000	0.0	NA
chrX	53000000	53100000	0.0	NA
chrX	53100000	53200000	0.0	NA
chrX	53200000	53300000	0.0	NA
chrX	53300000	53400000	0.0	NA
chrX	53400000	53500000	0.0	NA
chrX	53500000	53600000	0.0	NA
chrX	53600000	53700000	0.0	NA
chrX	53700000	53800000	0.0	NA
chrX	53800000	53900000	0.0	NA
chrX	53900000	54000000	0.0	NA
chrX	54000000	54100000	0.0	NA
chrX	54100000	54200000	0.0	NA
chrX	54200000	54300000	0.0	NA
chrX	54300000	54400000	0.0	NA
chrX	54400000	54500000	0.0	NA
chrX	54500000	54600000	0.0	NA
chrX	54600000	54700000	0.0	NA
chrX	54700000	54800000	0.0	NA
chrX	54800000	54900000	0.0	NA
chrX	54900000	55000000	0.0	NA
chrX	55000000	55100000	0.0	NA
chrX	55100000	55200000	0.0	NA
chrX	55200000	55300000	0.0	NA
chrX	55300000	55400000	0.0	NA
chrX	55400000	55500000	0.0	NA
chrX	55500000	55600000	0.0	NA
chrX	55600000	55700000	0.0	NA
chrX	55700000	55800000	0.0	NA
chrX	55800000	55900000	0.0	NA
chrX	55900000	56000000	0.0	NA
chrX	56000000	56100000	0.0	NA
chrX	56100000	56200000	0.0	NA
chrX	56200000	56300000	0.0	NA
chrX	56300000	56400000	0.0	NA
chrX	56400000	56500000	0.0	NA
chrX	56500000	56600000	0.0	NA
chrX	56600000	56700000	0.0	NA
chrX	56700000	56800000	0.0	NA
chrX	56800000	56900000	0.0	NA
chrX	56900000	57000000	0.0	NA
chrX	57000000	57100000	0.0	NA
chrX	57100000	57200000	0.0	NA
chrX	57200000	57300000	0.0	NA
chrX	57300000	57400000	0.0	NA
chrX	57400000	57500000	0.0	NA
chrX	57500000	57600000	0.0	NA
chrX	57600000	57700000	0.0	NA
chrX	57700000	57800000	0.0	NA
chrX	57800000	57900000	0.0	NA
chrX	57900000	58000000	0.0	NA
chrX	58000000	58100000	0.0	NA
chrX	58100000	58200000	0.0	NA
chrX	58200000	58300000	0.0	NA
chrX	58300000	58400000	0.0	NA
chrX	58400000	58500000	0.0	NA
chrX	58500000	58600000	0.0	NA
chrX	58600000	58700000	0.0	NA
chrX	58700000	58800000	0.0	NA
chrX	58800000	58900000	0.0	NA
chrX	58900000	59000000	0.0	NA
chrX	59000000	59100000	0.0	NA
chrX	59100000	59200000	0.0	NA
chrX	59200000	59300000	0.0	NA
chrX	59300000	59400000	0.0	NA
chrX	59400000	59500000	0.0	NA
chrX	59500000	59600000	0.0	NA
chrX	59600000	59700000	0.0	NA
chrX	59700000	59800000	0.0	NA
chrX	59800000	59900000	0.0	NA
chrX	59900000	60000000	0.0	NA
chrX	60000000	60100000	0.0	NA
chrX	60100000	60200000	0.0	NA
chrX	60200000	60300000	0.0	NA
chrX	60300000	60400000	0.0	NA
chrX	60400000	60500000	0.0	NA
chrX	60500000	60600000	0.0	NA
chrX	60600000	60700000	0.0	NA
chrX	60700000	60800000	0.0	NA
chrX	60800000	60900000	0.0	NA
chrX	60900000	61000000	0.0	NA
chrX	61000000	61100000	0.0	NA
chrX	61100000	61200000	0.0	NA
chrX	61200000	61300000	0.0	NA
chrX	61300000	61400000	0.0	NA
chrX	61400000	61500000	0.0	NA
chrX	61500000	61600000	0.0	NA
chrX	61600000	61700000	0.0	NA
chrX	61700000	61800000	0.0	NA
chrX	61800000	61900000	0.0	NA
chrX	61900000	62000000	0.0	NA
chrX	62000000	62100000	0.0	NA
chrX	62100000	62200000	0.0	NA
chrX	62200000	62300000	0.0	NA
chrX	62300000	62400000	0.0	NA
chrX	62400000	62500000	0.0	NA
chrX	62500000	62600000	0.0	NA
chrX	62600000	62700000	0.0	NA
chrX	62700000	62800000	0.0	NA
chrX	62800000	62900000	0.0	NA
chrX	62900000	63000000	0.0	NA
chrX	63000000	63100000	0.0	NA
chrX	63100000	63200000	0.0	NA
chrX	63200000	63300000	0.0	NA
chrX	63300000	63400000	0.0	NA
chrX	63400000	63500000	0.0	NA
chrX	63500000	63600000	0.0	NA
chrX	63600000	63700000	0.0	NA
chrX	63700000	63800000	0.0	NA
chrX	63800000	63900000	0.0	NA
chrX	63900000	64000000	0.0	NA
chrX	64000000	64100000	0.0	NA
chrX	64100000	64200000	0.0	NA
chrX	64200000	64300000	0.0	NA
chrX	64300000	64400000	0.0	NA
chrX	64400000	64500000	0.0	NA
chrX	64500000	64600000	0.0	NA
chrX	64600000	64700000	0.0	NA
chrX	64700000	64800000	0.0	NA
chrX	64800000	64900000	0.0	NA
chrX	64900000	65000000	0.0	NA
chrX	65000000	65100000	0.0	NA
chrX	65100000	65200000	0.0	NA
chrX	65200000	65300000	0.0	NA
chrX	65300000	65400000	0.0	NA
chrX	65400000	65500000	0.0	NA
chrX	65500000	65600000	0.0	NA
chrX	65600000	65700000	0.0	NA
chrX	65700000	65800000	0.0	NA
chrX	65800000	65900000	0.0	NA
chrX	65900000	66000000	0.0	NA
chrX	66000000	66100000	0.0	NA
chrX	66100000	66200000	0.0	NA
chrX	66200000	66300000	0.0	NA
chrX	66300000	66400000	0.0	NA
chrX	66400000	66500000	0.0	NA
chrX	66500000	66600000	0.0	NA
chrX	66600000	66700000	0.0	NA
chrX	66700000	66800000	0.0	NA
chrX	66800000	66900000	0.0	NA
chrX	66900000	67000000	0.0	NA
chrX	67000000	67100000	0.0	NA
chrX	67100000	67200000	0.0	NA
chrX	67200000	67300000	0.0	NA
chrX	67300000	67400000	0.0	NA
chrX	67400000	67500000	0.0	NA
chrX	67500000	67600000	0.0	NA
chrX	67600000	67700000	0.0	NA
chrX	67700000	67800000	0.0	NA
chrX	67800000	67900000	0.0	NA
chrX	67900000	68000000	0.0	NA
chrX	68000000	68100000	0.0	NA
chrX	68100000	68200000	0.0	NA
chrX	68200000	68300000	0.0	NA
chrX	68300000	68400000	0.0	NA
chrX	68400000	68500000	0.0	NA
chrX	68500000	68600000	0.0	NA
chrX	68600000	68700000	0.0	NA
chrX	68700000	68800000	0.0	NA
chrX	68800000	68900000	0.0	NA
chrX	68900000	69000000	0.0	NA
chrX	69000000	69100000	0.0	NA
chrX	69100000	69200000	0.0	NA
chrX	69200000	69300000	0.0	NA
chrX	69300000	69400000	0.0	NA
chrX	69400000	69500000	0.0	NA
chrX	69500000	69600000	0.0	NA
chrX	69600000	69700000	0.0	NA
chrX	69700000	69800000	0.0	NA
chrX	69800000	69900000	0.0	NA
chrX	69900000	70000000	0.0	NA
chrX	70000000	70100000	0.0	NA
chrX	70100000	70200000	0.0	NA
chrX	70200000	70300000	0.0	NA
chrX	70300000	70400000	0.0	NA
chrX	70400000	70500000	0.0	NA
chrX	70500000	70600000	0.0	NA
chrX	70600000	70700000	0.0	NA
chrX	70700000	70800000	0.0	NA
chrX	70800000	70900000	0.0	NA
chrX	70900000	71000000	0.0	NA
chrX	71000000	71100000	0.0	NA
chrX	71100000	71200000	0.0	NA
chrX	71200000	71300000	0.0	NA
chrX	71300000	71400000	0.0	NA
chrX	71400000	71500000	0.0	NA
chrX	71500000	71600000	0.0	NA
chrX	71600000	71700000	0.0	NA
chrX	71700000	71800000	0.0	NA
chrX	71800000	71900000	0.0	NA
chrX	71900000	72000000	0.0	NA
chrX	72000000	72100000	0.0	NA
chrX	72100000	72200000	0.0	NA
chrX	72200000	72300000	0.0	NA
chrX	72300000	72400000	0.0	NA
chrX	72400000	72500000	0.0	NA
chrX	72500000	72600000	0.0	NA
chrX	72600000	72700000	0.0	NA
chrX	72700000	72800000	0.0	NA
chrX	72800000	72900000	0.0	NA
chrX	72900000	73000000	0.0	NA
chrX	73000000	73100000	0.0	NA
chrX	73100000	73200000	0.0	NA
chrX	73200000	73300000	0.0	NA
chrX	73300000	73400000	0.0	NA
chrX	73400000	73500000	0.0	NA
chrX	73500000	73600000	0.0	NA
chrX	73600000	73700000	0.0	NA
chrX	73700000	73800000	0.0	NA
chrX	73800000	73900000	0.0	NA
chrX	73900000	74000000	0.0	NA
chrX	74000000	74100000	0.0	NA
chrX	74100000	74200000	0.0	NA
chrX	74200000	74300000	0.0	NA
chrX	74300000	74400000	0.0	NA
chrX	74400000	74500000	0.0	NA
chrX	74500000	74600000	0.0	NA
chrX	74600000	74700000	0.0	NA
chrX	74700000	74800000	0.0	NA
chrX	74800000	74900000	0.0	NA
chrX	74900000	75000000	0.0	NA
chrX	75000000	75100000	0.0	NA
chrX	75100000	75200000	0.0	NA
chrX	75200000	75300000	0.0	NA
chrX	75300000	75400000	0.0	NA
chrX	75400000	75500000	0.0	NA
chrX	75500000	75600000	0.0	NA
chrX	75600000	75700000	0.0	NA
chrX	75700000	75800000	0.0	NA
chrX	75800000	75900000	0.0	NA
chrX	75900000	76000000	0.0	NA
chrX	76000000	76100000	0.0	NA
chrX	76100000	76200000	0.0	NA
chrX	76200000	76300000	0.0	NA
chrX	76300000	76400000	0.0	NA
chrX	76400000	76500000	0.0	NA
chrX	76500000	76600000	0.0	NA
chrX	76600000	76700000	0.0	NA
chrX	76700000	76800000	0.0	NA
chrX	76800000	76900000	0.0	NA
chrX	76900000	77000000	0.0	NA
chrX	77000000	77100000	0.0	NA
chrX	77100000	77200000	0.0	NA
chrX	77200000	77300000	0.0	NA
chrX	77300000	77400000	0.0	NA
chrX	77400000	77500000	0.0	NA
chrX	77500000	77600000	0.0	NA
chrX	77600000	77700000	0.0	NA
chrX	77700000	77800000	0.0	NA
chrX	77800000	77900000	0.0	NA
chrX	77900000	78000000	0.00043755081070848416	37998
chrX	78000000	78100000	0.0004426556571062975	69973
chrX	78100000	78200000	0.00018990940195704159	76470
chrX	78200000	78300000	0.00035066897753071886	56319
chrX	78300000	78400000	0.00047359414076431473	79018
chrX	78400000	78500000	0.0006638248174472984	76906
chrX	78500000	78600000	0.0005089528449671402	80798
chrX	78600000	78700000	0.0004917956575712263	72185
chrX	78700000	78800000	0.00042965929028040983	72233
chrX	78800000	78900000	0.0005439191058330635	85322
chrX	78900000	79000000	0.0008502690171133063	71153
chrX	79000000	79100000	0.0005725193552809124	74574
chrX	79100000	79200000	0.0011513681520153652	68742
chrX	79200000	79300000	0.0015696786821601286	57453
chrX	79300000	79400000	0.0006781337555098358	71543
chrX	79400000	79500000	0.0005635805822177893	56673
chrX	79500000	79600000	0.0	185
chrX	79600000	79700000	0.0	NA
chrX	79700000	79800000	0.0002363887414669777	70979
chrX	79800000	79900000	0.00013727671801416598	69882
chrX	79900000	80000000	0.0002463190058018531	17079
chrX	80000000	80100000	0.0003021664675652045	22051
chrX	80100000	80200000	0.0003526711998274832	64438
chrX	80200000	80300000	0.00045510684475752325	60867
chrX	80300000	80400000	0.00038411684550906363	49662
chrX	80400000	80500000	0.0	NA
chrX	80500000	80600000	0.0004232818845233253	32793
chrX	80600000	80700000	0.0004954728510091081	87081
chrX	80700000	80800000	0.0009069873975882326	78084
chrX	80800000	80900000	0.0005542133173944145	82390
chrX	80900000	81000000	0.00037198224004717103	71089
chrX	81000000	81100000	0.0005345475797939619	65405
chrX	81100000	81200000	0.00047537718449838497	81176
chrX	81200000	81300000	0.0002408820659456355	71634
chrX	81300000	81400000	0.0005357521581634328	84901
chrX	81400000	81500000	0.0001361529827117386	80220
chrX	81500000	81600000	9.499867698520094e-05	87904
chrX	81600000	81700000	0.00034295082932575587	80926
chrX	81700000	81800000	0.00028347672359221746	75521
chrX	81800000	81900000	0.00029848980310914216	78503
chrX	81900000	82000000	0.00036153025308543666	79390
chrX	82000000	82100000	0.0007535115261417714	70360
chrX	82100000	82200000	0.0005059039712794873	82185
chrX	82200000	82300000	0.000808121659928599	80752
chrX	82300000	82400000	0.0003721445029879881	75059
chrX	82400000	82500000	0.0004316786168470314	81344
chrX	82500000	82600000	0.00023731557943987156	77677
chrX	82600000	82700000	0.000410057034978067	70306
chrX	82700000	82800000	0.0002172408291164379	86482
chrX	82800000	82900000	0.00030541031179958804	73797
chrX	82900000	83000000	0.0004292076815320929	65746
chrX	83000000	83100000	0.0003463716826306532	71216
chrX	83100000	83200000	0.00023978918854981787	61184
chrX	83200000	83300000	0.0005070342279260665	77716
chrX	83300000	83400000	0.0006133821938923071	10199
chrX	83400000	83500000	0.0006232377801948213	50376
chrX	83500000	83600000	0.0006271083116898522	55116
chrX	83600000	83700000	0.0	NA
chrX	83700000	83800000	0.000991408805688134	35573
chrX	83800000	83900000	0.0006509551693156112	72500
chrX	83900000	84000000	0.0002996544367066228	82759
chrX	84000000	84100000	0.0009478040098336259	76378
chrX	84100000	84200000	0.0007240177016361976	62829
chrX	84200000	84300000	0.0007476100639741462	33244
chrX	84300000	84400000	0.0008024484639873164	26706
chrX	84400000	84500000	0.00043596888370906075	70104
chrX	84500000	84600000	0.00045281909357128644	3887
chrX	84600000	84700000	0.0008735106379598363	46655
chrX	84700000	84800000	0.00045297304582376315	83194
chrX	84800000	84900000	0.0008243468289181533	74517
chrX	84900000	85000000	0.0009109119691091379	65222
chrX	85000000	85100000	0.0007727524778003822	68020
chrX	85100000	85200000	0.00046590577698408993	12413
chrX	85200000	85300000	0.0	NA
chrX	85300000	85400000	0.00034083357111651955	70772
chrX	85400000	85500000	0.00033675091434044074	2548
chrX	85500000	85600000	0.0	NA
chrX	85600000	85700000	0.0	NA
chrX	85700000	85800000	0.0	NA
chrX	85800000	85900000	0.0	NA
chrX	85900000	86000000	0.0	NA
chrX	86000000	86100000	0.0005377393296477477	11229
chrX	86100000	86200000	0.0005839975522074238	76098
chrX	86200000	86300000	0.0005971840317547153	73869
chrX	86300000	86400000	0.0005335757550633008	73342
chrX	86400000	86500000	0.0010172696107080396	79538
chrX	86500000	86600000	0.0008210038265533266	80524
chrX	86600000	86700000	0.0010542369343054432	80310
chrX	86700000	86800000	0.0007688401256425026	54161
chrX	86800000	86900000	0.0	NA
chrX	86900000	87000000	0.0007716295913358334	57181
chrX	87000000	87100000	0.0008686939854436004	71326
chrX	87100000	87200000	0.0007517746196473185	85549
chrX	87200000	87300000	0.000524489243905966	77545
chrX	87300000	87400000	0.0004081130507517811	87214
chrX	87400000	87500000	0.0005915785860666068	82770
chrX	87500000	87600000	0.0007404329579283296	71770
chrX	87600000	87700000	0.0008108822912156223	84236
chrX	87700000	87800000	0.0017968693892076032	73486
chrX	87800000	87900000	0.0004289517050595	82864
chrX	87900000	88000000	0.00020413858434057417	83275
chrX	88000000	88100000	0.0005273746978459242	63045
chrX	88100000	88200000	0.00039018252406042937	81860
chrX	88200000	88300000	0.0006446566590325623	83872
chrX	88300000	88400000	0.0006538965931686244	82143
chrX	88400000	88500000	0.0006675642811232365	47115
chrX	88500000	88600000	0.0	65
chrX	88600000	88700000	0.0006028461293220881	62
chrX	88700000	88800000	0.0	51
chrX	88800000	88900000	0.0005902219191800816	1265
chrX	88900000	89000000	0.0006822248001427359	9301
chrX	89000000	89100000	3.149903927930198e-05	599
chrX	89100000	89200000	0.0	33
chrX	89200000	89300000	0.0006653962643094291	34332
chrX	89300000	89400000	0.0005285850187315466	41558
chrX	89400000	89500000	2.733336914584012e-05	3412
chrX	89500000	89600000	0.0001388147514201308	1833
chrX	89600000	89700000	0.0010554431008142188	514
chrX	89700000	89800000	0.0009781758107990609	372
chrX	89800000	89900000	0.00027842777168922737	4368
chrX	89900000	90000000	0.00012327572538449347	1360
chrX	90000000	90100000	2.412778072672875e-05	782
chrX	90100000	90200000	0.0004683239956317952	7649
chrX	90200000	90300000	0.0007336755645762414	6996
chrX	90300000	90400000	0.0007903678041184062	77222
chrX	90400000	90500000	8.275405494869246e-05	228
chrX	90500000	90600000	0.0007814209699993626	66546
chrX	90600000	90700000	0.00040730582369058054	62942
chrX	90700000	90800000	0.0009910815669177562	30386
chrX	90800000	90900000	0.0003691419753704947	1345
chrX	90900000	91000000	0.001093582518291813	17357
chrX	91000000	91100000	0.0032696589710535565	276
chrX	91100000	91200000	0.0	NA
chrX	91200000	91300000	0.0	NA
chrX	91300000	91400000	0.0	NA
chrX	91400000	91500000	0.0	NA
chrX	91500000	91600000	0.0	NA
chrX	91600000	91700000	0.0	NA
chrX	91700000	91800000	0.0	NA
chrX	91800000	91900000	0.000563763823721895	648
chrX	91900000	92000000	0.0	250
chrX	92000000	92100000	0.0021944994394485127	226
chrX	92100000	92200000	0.0006491999565241658	4282
chrX	92200000	92300000	0.0	857
chrX	92300000	92400000	0.0005867374234085443	21631
chrX	92400000	92500000	0.000584980659862169	82097
chrX	92500000	92600000	0.0010440863916865745	80729
chrX	92600000	92700000	0.0005619364204173777	82484
chrX	92700000	92800000	0.0008200919807671501	84326
chrX	92800000	92900000	0.0006390623363380137	77046
chrX	92900000	93000000	0.00032627767171764394	49011
chrX	93000000	93100000	0.0002924861381129658	90770
chrX	93100000	93200000	0.0005349471585160278	79369
chrX	93200000	93300000	0.0003568605805689912	81587
chrX	93300000	93400000	0.0005690151508790191	82176
chrX	93400000	93500000	0.0005832001636736755	84111
chrX	93500000	93600000	0.0006409798435762859	82435
chrX	93600000	93700000	0.0006408254167361464	86640
chrX	93700000	93800000	0.0006199538537354655	79207
chrX	93800000	93900000	0.00013225340378914758	83504
chrX	93900000	94000000	0.00021675093262787053	79081
chrX	94000000	94100000	0.00041563214748807675	68599
chrX	94100000	94200000	0.0005673472044570091	81259
chrX	94200000	94300000	0.0007123815426302865	82929
chrX	94300000	94400000	0.0008133038050325268	79103
chrX	94400000	94500000	0.0008500396585463298	80136
chrX	94500000	94600000	0.00013349648006778428	80477
chrX	94600000	94700000	9.153616639057574e-05	83628
chrX	94700000	94800000	9.274412751921514e-05	85075
chrX	94800000	94900000	0.00016178140682334506	76229
chrX	94900000	95000000	0.00011637662830699135	86842
chrX	95000000	95100000	0.000369023532812174	78596
chrX	95100000	95200000	0.0007697356056929958	82344
chrX	95200000	95300000	0.0005868783631207222	79875
chrX	95300000	95400000	0.00046611356633923434	73828
chrX	95400000	95500000	0.00028090050083836926	76776
chrX	95500000	95600000	0.0005799112913386723	66411
chrX	95600000	95700000	0.00048132684221218684	80332
chrX	95700000	95800000	0.0006430302078290716	72601
chrX	95800000	95900000	0.000513794989617187	65373
chrX	95900000	96000000	0.00048330472023394843	29983
chrX	96000000	96100000	0.0	NA
chrX	96100000	96200000	0.0	NA
chrX	96200000	96300000	0.0	NA
chrX	96300000	96400000	0.0	NA
chrX	96400000	96500000	0.0	NA
chrX	96500000	96600000	0.0	NA
chrX	96600000	96700000	0.0	NA
chrX	96700000	96800000	0.0	NA
chrX	96800000	96900000	6.543194955575228e-05	39876
chrX	96900000	97000000	0.00028878382810562593	83338
chrX	97000000	97100000	0.0003925184885546847	82586
chrX	97100000	97200000	0.00020649875898305704	80776
chrX	97200000	97300000	8.903283218439549e-05	85277
chrX	97300000	97400000	8.468344750931223e-05	81899
chrX	97400000	97500000	7.007773585799006e-05	80460
chrX	97500000	97600000	9.859434370693478e-05	79157
chrX	97600000	97700000	0.00024327342969339088	75053
chrX	97700000	97800000	0.0002894893686858759	83246
chrX	97800000	97900000	0.0005479252794730846	79038
chrX	97900000	98000000	0.0004026961190602538	74310
chrX	98000000	98100000	0.0002740868282457522	85181
chrX	98100000	98200000	0.00036827037797182785	79778
chrX	98200000	98300000	0.00027571737351155337	89955
chrX	98300000	98400000	0.00016939379862633056	86195
chrX	98400000	98500000	0.00016834375372518483	78522
chrX	98500000	98600000	0.00010303439651922005	80628
chrX	98600000	98700000	0.00011336872873966687	86591
chrX	98700000	98800000	0.00014929545927539828	15641
chrX	98800000	98900000	0.0	NA
chrX	98900000	99000000	0.0	NA
chrX	99000000	99100000	0.0	NA
chrX	99100000	99200000	0.0001584450453756685	3687
chrX	99200000	99300000	0.00020626707977569839	88148
chrX	99300000	99400000	0.0001357319201961825	74942
chrX	99400000	99500000	7.207810616735035e-05	42883
chrX	99500000	99600000	0.0	NA
chrX	99600000	99700000	0.0	NA
chrX	99700000	99800000	0.0	NA
chrX	99800000	99900000	0.0	NA
chrX	99900000	100000000	0.0	NA
chrX	100000000	100100000	0.0	NA
chrX	100100000	100200000	0.0	NA
chrX	100200000	100300000	0.0	NA
chrX	100300000	100400000	0.0	NA
chrX	100400000	100500000	0.0	NA
chrX	100500000	100600000	0.0	NA
chrX	100600000	100700000	0.0	NA
chrX	100700000	100800000	0.0	NA
chrX	100800000	100900000	0.0	NA
chrX	100900000	101000000	0.0	NA
chrX	101000000	101100000	0.0	NA
chrX	101100000	101200000	0.0	NA
chrX	101200000	101300000	0.0	NA
chrX	101300000	101400000	0.0	NA
chrX	101400000	101500000	0.0	NA
chrX	101500000	101600000	0.0	NA
chrX	101600000	101700000	0.0	NA
chrX	101700000	101800000	0.0	NA
chrX	101800000	101900000	0.0	NA
chrX	101900000	102000000	0.0	NA
chrX	102000000	102100000	0.0	NA
chrX	102100000	102200000	0.0	NA
chrX	102200000	102300000	0.0	NA
chrX	102300000	102400000	0.0	NA
chrX	102400000	102500000	0.0	NA
chrX	102500000	102600000	0.0	NA
chrX	102600000	102700000	0.0	NA
chrX	102700000	102800000	0.0	NA
chrX	102800000	102900000	0.0	NA
chrX	102900000	103000000	0.0	NA
chrX	103000000	103100000	0.0	NA
chrX	103100000	103200000	0.0	NA
chrX	103200000	103300000	0.0	NA
chrX	103300000	103400000	0.0	NA
chrX	103400000	103500000	0.0	NA
chrX	103500000	103600000	0.0	NA
chrX	103600000	103700000	0.0	NA
chrX	103700000	103800000	0.0	NA
chrX	103800000	103900000	0.0	NA
chrX	103900000	104000000	0.0	NA
chrX	104000000	104100000	0.0	NA
chrX	104100000	104200000	0.0	NA
chrX	104200000	104300000	0.0	NA
chrX	104300000	104400000	0.0	NA
chrX	104400000	104500000	0.0	NA
chrX	104500000	104600000	0.0	NA
chrX	104600000	104700000	0.0	NA
chrX	104700000	104800000	0.0	NA
chrX	104800000	104900000	0.0	NA
chrX	104900000	105000000	0.0	NA
chrX	105000000	105100000	0.0	NA
chrX	105100000	105200000	0.0	NA
chrX	105200000	105300000	0.0	NA
chrX	105300000	105400000	0.0	NA
chrX	105400000	105500000	0.0	NA
chrX	105500000	105600000	0.0	NA
chrX	105600000	105700000	0.0	NA
chrX	105700000	105800000	0.0	NA
chrX	105800000	105900000	0.0	NA
chrX	105900000	106000000	0.0	NA
chrX	106000000	106100000	0.0	NA
chrX	106100000	106200000	0.0	NA
chrX	106200000	106300000	0.0	NA
chrX	106300000	106400000	0.0	NA
chrX	106400000	106500000	0.0	NA
chrX	106500000	106600000	0.0	NA
chrX	106600000	106700000	0.0	NA
chrX	106700000	106800000	0.0	NA
chrX	106800000	106900000	0.0	NA
chrX	106900000	107000000	0.0	NA
chrX	107000000	107100000	0.0	NA
chrX	107100000	107200000	0.0	NA
chrX	107200000	107300000	0.0	NA
chrX	107300000	107400000	0.0	NA
chrX	107400000	107500000	0.0	NA
chrX	107500000	107600000	0.0	NA
chrX	107600000	107700000	0.0	NA
chrX	107700000	107800000	0.0	NA
chrX	107800000	107900000	0.0	NA
chrX	107900000	108000000	0.0	NA
chrX	108000000	108100000	0.0	NA
chrX	108100000	108200000	0.0	NA
chrX	108200000	108300000	0.0	NA
chrX	108300000	108400000	0.0	NA
chrX	108400000	108500000	0.0	NA
chrX	108500000	108600000	0.0	NA
chrX	108600000	108700000	0.0	NA
chrX	108700000	108800000	0.0	NA
chrX	108800000	108900000	0.0	NA
chrX	108900000	109000000	0.0	NA
chrX	109000000	109100000	0.0	NA
chrX	109100000	109200000	0.0	NA
chrX	109200000	109300000	0.0	NA
chrX	109300000	109400000	0.0	NA
chrX	109400000	109500000	0.0	NA
chrX	109500000	109600000	0.0	NA
chrX	109600000	109700000	0.0	NA
chrX	109700000	109800000	0.0	NA
chrX	109800000	109900000	0.0	NA
chrX	109900000	110000000	0.0	NA
chrX	110000000	110100000	0.0	NA
chrX	110100000	110200000	0.0	NA
chrX	110200000	110300000	0.0	NA
chrX	110300000	110400000	0.0	NA
chrX	110400000	110500000	0.0	NA
chrX	110500000	110600000	0.0	NA
chrX	110600000	110700000	0.0	NA
chrX	110700000	110800000	0.0	NA
chrX	110800000	110900000	0.0	NA
chrX	110900000	111000000	0.0	NA
chrX	111000000	111100000	0.0	NA
chrX	111100000	111200000	0.0	NA
chrX	111200000	111300000	0.0	NA
chrX	111300000	111400000	0.0	NA
chrX	111400000	111500000	0.0	NA
chrX	111500000	111600000	0.0	NA
chrX	111600000	111700000	0.0	NA
chrX	111700000	111800000	0.00043626346990006867	67021
chrX	111800000	111900000	0.0004293981954821501	50947
chrX	111900000	112000000	6.18471985016618e-05	57531
chrX	112000000	112100000	0.0003560227196752096	28931
chrX	112100000	112200000	0.0005107212252931232	71251
chrX	112200000	112300000	0.0005745744924873169	68433
chrX	112300000	112400000	0.0	NA
chrX	112400000	112500000	0.0	NA
chrX	112500000	112600000	0.0	NA
chrX	112600000	112700000	0.0	NA
chrX	112700000	112800000	0.0005410913179438527	29177
chrX	112800000	112900000	0.0002563571885046324	48656
chrX	112900000	113000000	0.0	NA
chrX	113000000	113100000	0.0	NA
chrX	113100000	113200000	0.0002231697158684468	16190
chrX	113200000	113300000	0.0004122640576287607	73176
chrX	113300000	113400000	0.00018241716354923864	76626
chrX	113400000	113500000	0.00038047068513775035	84368
chrX	113500000	113600000	0.000315654166620291	40927
chrX	113600000	113700000	0.0005164913786263654	83221
chrX	113700000	113800000	0.000197357551245799	71662
chrX	113800000	113900000	0.00027683788226349744	16058
chrX	113900000	114000000	0.0	NA
chrX	114000000	114100000	0.0	NA
chrX	114100000	114200000	4.295057041331709e-05	41507
chrX	114200000	114300000	0.0001032648381353358	72922
chrX	114300000	114400000	0.0001403310132738746	31462
chrX	114400000	114500000	0.00015831310787806045	23784
chrX	114500000	114600000	0.00022634652068120423	67241
chrX	114600000	114700000	0.00017424023460921886	82924
chrX	114700000	114800000	0.00020312969120174365	38538
chrX	114800000	114900000	0.00011131137090954984	8330
chrX	114900000	115000000	0.00026719646386130384	26510
chrX	115000000	115100000	0.0005413814418302186	12512
chrX	115100000	115200000	0.00026505503470128025	65562
chrX	115200000	115300000	0.0004163477531424671	69242
chrX	115300000	115400000	0.0008648008923641573	71602
chrX	115400000	115500000	0.0006850853142691112	80908
chrX	115500000	115600000	0.0006427370350504875	64329
chrX	115600000	115700000	0.0011762205036265044	61160
chrX	115700000	115800000	0.0007316738620725042	52435
chrX	115800000	115900000	0.0006282572458222131	74698
chrX	115900000	116000000	0.0007062125597250678	73119
chrX	116000000	116100000	0.0007917822184306719	76196
chrX	116100000	116200000	0.0006245198671920568	81446
chrX	116200000	116300000	0.0007720169201675561	78640
chrX	116300000	116400000	0.0007399089962593475	71475
chrX	116400000	116500000	0.0008377069866025344	70502
chrX	116500000	116600000	0.0014406620110031796	70238
chrX	116600000	116700000	0.0008830032633191421	74390
chrX	116700000	116800000	0.0002531253050266884	74679
chrX	116800000	116900000	0.0008572519555598954	73773
chrX	116900000	117000000	0.0005820054119681279	74148
chrX	117000000	117100000	0.00046369586533628984	22332
chrX	117100000	117200000	0.0	NA
chrX	117200000	117300000	3.495284872731748e-05	40347
chrX	117300000	117400000	0.0006733627483315872	77294
chrX	117400000	117500000	0.0007786365372826776	49773
chrX	117500000	117600000	0.000748831398249352	10631
chrX	117600000	117700000	0.0005081290467556392	14298
chrX	117700000	117800000	0.0	NA
chrX	117800000	117900000	0.0004361462132663469	26803
chrX	117900000	118000000	0.000573624201594167	29815
chrX	118000000	118100000	0.00042002068182203374	53000
chrX	118100000	118200000	0.0003668116047612721	39921
chrX	118200000	118300000	0.0004142420809905893	21133
chrX	118300000	118400000	0.0003010215883893879	72783
chrX	118400000	118500000	0.00010882197870224336	44581
chrX	118500000	118600000	0.0005806690146904392	26471
chrX	118600000	118700000	0.0005721603200958838	40897
chrX	118700000	118800000	0.0003137217188108813	13229
chrX	118800000	118900000	0.0009675086600839743	36878
chrX	118900000	119000000	0.0005131945468032864	35385
chrX	119000000	119100000	0.0005772965151098048	25144
chrX	119100000	119200000	0.0005088977051796114	48826
chrX	119200000	119300000	0.00019810505704869488	1874
chrX	119300000	119400000	0.0002030004742317737	36215
chrX	119400000	119500000	0.0004911278408595643	38344
chrX	119500000	119600000	0.0007163611663112959	28773
chrX	119600000	119700000	0.00037796935718505646	36035
chrX	119700000	119800000	0.00036035059321807916	44851
chrX	119800000	119900000	0.0008087125873390969	78262
chrX	119900000	120000000	0.0003428416572958301	65493
chrX	120000000	120100000	0.000133215175928156	4678
chrX	120100000	120200000	0.00024345493992084102	61988
chrX	120200000	120300000	0.0003617470611806817	78949
chrX	120300000	120400000	0.000740213834547666	78196
chrX	120400000	120500000	0.000928489732976866	77432
chrX	120500000	120600000	0.000774264031960134	77204
chrX	120600000	120700000	0.0002551674842866832	79432
chrX	120700000	120800000	0.00016091411374834485	88678
chrX	120800000	120900000	0.0003259514227255604	80903
chrX	120900000	121000000	0.00037926524756650684	79332
chrX	121000000	121100000	0.0006046368351029355	83464
chrX	121100000	121200000	0.0003493611565568623	79903
chrX	121200000	121300000	0.0002856301639049095	75811
chrX	121300000	121400000	0.00039346999177029303	74375
chrX	121400000	121500000	0.000340372355128343	77267
chrX	121500000	121600000	0.0006208751188138127	81218
chrX	121600000	121700000	0.0005804120670056173	71563
chrX	121700000	121800000	0.00028300239011436315	84243
chrX	121800000	121900000	0.0006402790271099399	77265
chrX	121900000	122000000	0.0006900601742908711	85213
chrX	122000000	122100000	0.00046623566967589494	82171
chrX	122100000	122200000	0.0007711731053502211	76885
chrX	122200000	122300000	0.000937464506371754	82119
chrX	122300000	122400000	0.0005861663241847638	17186
chrX	122400000	122500000	0.0	NA
chrX	122500000	122600000	0.0	NA
chrX	122600000	122700000	0.0004675872151282182	57093
chrX	122700000	122800000	0.00012719180775345762	21285
chrX	122800000	122900000	0.00013324895651805577	16884
chrX	122900000	123000000	0.0004376456251533666	37929
chrX	123000000	123100000	0.000501534948385139	21411
chrX	123100000	123200000	0.0	NA
chrX	123200000	123300000	0.0006489939794157474	38450
chrX	123300000	123400000	0.0006870389617260585	74654
chrX	123400000	123500000	0.00035182013205075307	65027
chrX	123500000	123600000	0.00017881617543455148	2455
chrX	123600000	123700000	0.0	NA
chrX	123700000	123800000	0.0	NA
chrX	123800000	123900000	0.0	NA
chrX	123900000	124000000	0.0	NA
chrX	124000000	124100000	0.00014738468560171046	1941
chrX	124100000	124200000	0.00016325297935849034	80385
chrX	124200000	124300000	0.0003448762985063727	87713
chrX	124300000	124400000	0.00016867032840780423	86602
chrX	124400000	124500000	0.0006074224957481719	75313
chrX	124500000	124600000	0.0007477026831934508	77644
chrX	124600000	124700000	0.0005120575751908042	78830
chrX	124700000	124800000	0.0004770322617437319	79090
chrX	124800000	124900000	0.00020506290666511996	84335
chrX	124900000	125000000	0.00014691076150682295	77285
chrX	125000000	125100000	0.00030675990351286493	77400
chrX	125100000	125200000	0.000494482371401818	82061
chrX	125200000	125300000	0.0008921743170231149	68702
chrX	125300000	125400000	0.0005203647577117902	72324
chrX	125400000	125500000	0.0004939999319545716	76372
chrX	125500000	125600000	0.00046970644481092655	73295
chrX	125600000	125700000	0.0006339981924714125	78103
chrX	125700000	125800000	0.0005015535822690514	84456
chrX	125800000	125900000	0.0005533899346541544	84984
chrX	125900000	126000000	0.0004490922403920164	76090
chrX	126000000	126100000	0.0005417469224590833	69628
chrX	126100000	126200000	0.00017555460806750574	82209
chrX	126200000	126300000	0.0002992945948418043	75685
chrX	126300000	126400000	0.0005474583126891159	66387
chrX	126400000	126500000	0.00018502947144435469	78716
chrX	126500000	126600000	0.00011832355557621901	80933
chrX	126600000	126700000	0.00019114956483436604	77666
chrX	126700000	126800000	0.00023716575767438703	77423
chrX	126800000	126900000	0.00020017491988810537	88719
chrX	126900000	127000000	0.00035172879234334804	71594
chrX	127000000	127100000	0.00016379878439993028	86740
chrX	127100000	127200000	0.0002286367633193752	82489
chrX	127200000	127300000	0.00014490319761840083	81487
chrX	127300000	127400000	0.00018067386870088104	78164
chrX	127400000	127500000	0.00012313822746225618	86911
chrX	127500000	127600000	0.0001399651823400094	76013
chrX	127600000	127700000	0.00011223165237142046	83845
chrX	127700000	127800000	0.00027514429402701303	82895
chrX	127800000	127900000	0.00045023689051765394	72823
chrX	127900000	128000000	0.0003816744657544621	71949
chrX	128000000	128100000	0.0003465667775520133	82544
chrX	128100000	128200000	0.0001992297001943474	76311
chrX	128200000	128300000	0.00026566952010326455	28145
chrX	128300000	128400000	0.0	NA
chrX	128400000	128500000	0.0	NA
chrX	128500000	128600000	0.0	NA
chrX	128600000	128700000	0.0	NA
chrX	128700000	128800000	0.0	NA
chrX	128800000	128900000	0.0	NA
chrX	128900000	129000000	0.0	NA
chrX	129000000	129100000	0.0	NA
chrX	129100000	129200000	0.0	NA
chrX	129200000	129300000	0.0	NA
chrX	129300000	129400000	0.0	NA
chrX	129400000	129500000	0.0	NA
chrX	129500000	129600000	0.0	NA
chrX	129600000	129700000	0.0	NA
chrX	129700000	129800000	0.0	NA
chrX	129800000	129900000	0.0	NA
chrX	129900000	130000000	0.0	NA
chrX	130000000	130100000	0.0	NA
chrX	130100000	130200000	0.0	NA
chrX	130200000	130300000	0.0	NA
chrX	130300000	130400000	0.0	NA
chrX	130400000	130500000	0.0	NA
chrX	130500000	130600000	0.0	NA
chrX	130600000	130700000	0.0	NA
chrX	130700000	130800000	0.0	NA
chrX	130800000	130900000	0.0	NA
chrX	130900000	131000000	0.0	NA
chrX	131000000	131100000	0.0	NA
chrX	131100000	131200000	0.0	NA
chrX	131200000	131300000	0.0	NA
chrX	131300000	131400000	0.0	NA
chrX	131400000	131500000	0.0	NA
chrX	131500000	131600000	0.0	NA
chrX	131600000	131700000	0.0	NA
chrX	131700000	131800000	0.0	NA
chrX	131800000	131900000	0.0	NA
chrX	131900000	132000000	0.0	NA
chrX	132000000	132100000	0.0	NA
chrX	132100000	132200000	0.0	NA
chrX	132200000	132300000	0.0	NA
chrX	132300000	132400000	0.0	NA
chrX	132400000	132500000	0.0	NA
chrX	132500000	132600000	0.0	NA
chrX	132600000	132700000	0.0	NA
chrX	132700000	132800000	0.0	NA
chrX	132800000	132900000	0.0	NA
chrX	132900000	133000000	0.0	NA
chrX	133000000	133100000	0.0	NA
chrX	133100000	133200000	0.0	NA
chrX	133200000	133300000	0.0	NA
chrX	133300000	133400000	0.0	NA
chrX	133400000	133500000	0.0	NA
chrX	133500000	133600000	0.0	NA
chrX	133600000	133700000	0.0	NA
chrX	133700000	133800000	0.0	NA
chrX	133800000	133900000	0.0	NA
chrX	133900000	134000000	0.0	NA
chrX	134000000	134100000	0.0	NA
chrX	134100000	134200000	0.0	NA
chrX	134200000	134300000	0.0	NA
chrX	134300000	134400000	0.0	NA
chrX	134400000	134500000	0.0	NA
chrX	134500000	134600000	0.0	NA
chrX	134600000	134700000	0.0	NA
chrX	134700000	134800000	0.0	NA
chrX	134800000	134900000	0.0	NA
chrX	134900000	135000000	0.0	NA
chrX	135000000	135100000	0.0	NA
chrX	135100000	135200000	0.0	NA
chrX	135200000	135300000	0.0	NA
chrX	135300000	135400000	0.0	NA
chrX	135400000	135500000	0.0	NA
chrX	135500000	135600000	0.0	NA
chrX	135600000	135700000	0.0	NA
chrX	135700000	135800000	0.0	NA
chrX	135800000	135900000	0.0	NA
chrX	135900000	136000000	0.0	NA
chrX	136000000	136100000	0.0	NA
chrX	136100000	136200000	0.0	NA
chrX	136200000	136300000	0.0	NA
chrX	136300000	136400000	0.0	NA
chrX	136400000	136500000	0.0	NA
chrX	136500000	136600000	0.0	NA
chrX	136600000	136700000	0.0	NA
chrX	136700000	136800000	0.00029478838017998177	2815
chrX	136800000	136900000	0.000437366880606431	70269
chrX	136900000	137000000	0.00043045515559637015	83240
chrX	137000000	137100000	0.0006096754771206653	76557
chrX	137100000	137200000	0.00027511016748604366	69559
chrX	137200000	137300000	0.0004601279318704532	79877
chrX	137300000	137400000	0.0007103706336773187	70831
chrX	137400000	137500000	0.000682363899450134	81591
chrX	137500000	137600000	0.00040103687714162123	80843
chrX	137600000	137700000	0.00013595507106944736	84750
chrX	137700000	137800000	0.00012820518769323	11618
chrX	137800000	137900000	0.0	NA
chrX	137900000	138000000	0.0	NA
chrX	138000000	138100000	0.0	NA
chrX	138100000	138200000	0.0	NA
chrX	138200000	138300000	0.0005850646031206312	10876
chrX	138300000	138400000	0.0005803903552488446	82163
chrX	138400000	138500000	0.0009039590340223128	78737
chrX	138500000	138600000	0.0007029036230049609	73499
chrX	138600000	138700000	0.00021418848716190302	20843
chrX	138700000	138800000	0.00031449344052213445	8013
chrX	138800000	138900000	0.00015494055307107066	7085
chrX	138900000	139000000	0.00023770349890188334	63780
chrX	139000000	139100000	0.0004955363470072721	42201
chrX	139100000	139200000	0.000339682686299574	70268
chrX	139200000	139300000	0.00035405938936066734	78120
chrX	139300000	139400000	0.00015330942885157515	63957
chrX	139400000	139500000	5.329662776801644e-05	76316
chrX	139500000	139600000	0.00011126944743096152	81907
chrX	139600000	139700000	0.0003501191999977975	85526
chrX	139700000	139800000	0.00033041003331337566	65512
chrX	139800000	139900000	0.001097177293637788	34757
chrX	139900000	140000000	0.0005573785605951814	83458
chrX	140000000	140100000	0.0005082843511560332	63624
chrX	140100000	140200000	0.0	NA
chrX	140200000	140300000	0.00043372864681711797	65869
chrX	140300000	140400000	0.000696932887713104	53147
chrX	140400000	140500000	0.0005015752780383585	74746
chrX	140500000	140600000	0.0010710320009511365	45584
chrX	140600000	140700000	0.0	NA
chrX	140700000	140800000	0.0008411043368793103	29666
chrX	140800000	140900000	0.0005765315035141569	73662
chrX	140900000	141000000	0.00016564288162919619	28070
chrX	141000000	141100000	0.0008217013448004047	81059
chrX	141100000	141200000	0.0009856964983361494	81718
chrX	141200000	141300000	0.0005846479044635844	70325
chrX	141300000	141400000	0.00033120059535153866	79200
chrX	141400000	141500000	0.0007686206710631642	70039
chrX	141500000	141600000	0.0006557320947825858	72042
chrX	141600000	141700000	0.0005221317278375792	84230
chrX	141700000	141800000	0.00043067650325861296	81333
chrX	141800000	141900000	0.00027848197807352654	72238
chrX	141900000	142000000	0.0005083768037566249	74115
chrX	142000000	142100000	0.0007451002424089342	79354
chrX	142100000	142200000	0.00046767634774684595	82860
chrX	142200000	142300000	0.0006465978319017402	85677
chrX	142300000	142400000	0.00032456711302043936	83784
chrX	142400000	142500000	0.0005785893423182119	82097
chrX	142500000	142600000	0.0005220498102962879	79563
chrX	142600000	142700000	0.001004375598319753	74762
chrX	142700000	142800000	0.0006308153486256744	70084
chrX	142800000	142900000	0.0004358081101124817	72483
chrX	142900000	143000000	0.0003645225494113936	83030
chrX	143000000	143100000	0.00029753131606397466	79689
chrX	143100000	143200000	5.470702985333621e-05	50308
chrX	143200000	143300000	0.0003910265421860919	3317
chrX	143300000	143400000	0.0007278289926346291	83346
chrX	143400000	143500000	0.000602957802862399	80611
chrX	143500000	143600000	0.0007097300374759474	40018
chrX	143600000	143700000	0.0004915392130084073	85863
chrX	143700000	143800000	0.0008187045120930905	81404
chrX	143800000	143900000	0.0007406358460382407	84151
chrX	143900000	144000000	0.0006028791858600933	84696
chrX	144000000	144100000	0.0005650184423131035	86463
chrX	144100000	144200000	0.0006767583783978202	83878
chrX	144200000	144300000	0.0007653108945427417	85733
chrX	144300000	144400000	0.00030989991378831344	76908
chrX	144400000	144500000	0.00025207578759492904	76452
chrX	144500000	144600000	0.0006061871375355958	79929
chrX	144600000	144700000	0.0008805910027891475	87538
chrX	144700000	144800000	0.0005290048561130579	87024
chrX	144800000	144900000	0.0005177065048069164	82454
chrX	144900000	145000000	0.0006000014949627238	75125
chrX	145000000	145100000	0.0006297100896204295	80131
chrX	145100000	145200000	0.0006808065404506102	78751
chrX	145200000	145300000	0.0003923309846774115	83307
chrX	145300000	145400000	0.0008168169955944431	76426
chrX	145400000	145500000	0.00031492075663931663	81886
chrX	145500000	145600000	0.0006583316716607376	83363
chrX	145600000	145700000	0.0008485712566734216	88228
chrX	145700000	145800000	0.00037850222966281103	80064
chrX	145800000	145900000	0.0006232641503663418	62280
chrX	145900000	146000000	0.0005782817056227979	72931
chrX	146000000	146100000	0.0006038457801308639	83332
chrX	146100000	146200000	0.0002760712779232347	84928
chrX	146200000	146300000	0.00022067155673834415	65998
chrX	146300000	146400000	0.00035030608769538236	70707
chrX	146400000	146500000	0.00020477529979182348	79162
chrX	146500000	146600000	0.0002812440269775825	82920
chrX	146600000	146700000	0.0007329656117392981	88267
chrX	146700000	146800000	7.951703450042527e-05	83557
chrX	146800000	146900000	0.00012303412092829527	90871
chrX	146900000	147000000	0.0002594414274288823	68753
chrX	147000000	147100000	0.0003324756516073215	20925
chrX	147100000	147200000	0.0002418170195918319	77770
chrX	147200000	147300000	0.00035854633973994457	69302
chrX	147300000	147400000	0.00022910727322311957	76285
chrX	147400000	147500000	0.00034883837770331445	72248
chrX	147500000	147600000	0.00015347512142832026	71667
chrX	147600000	147700000	0.0	NA
chrX	147700000	147800000	0.0	NA
chrX	147800000	147900000	0.0	NA
chrX	147900000	148000000	0.0	NA
chrX	148000000	148100000	0.00014195660867256905	16561
chrX	148100000	148200000	0.00023232393967305502	86056
chrX	148200000	148300000	0.0001599697310629446	74065
chrX	148300000	148400000	0.00026146828884454436	84756
chrX	148400000	148500000	0.00019880746342020155	79877
chrX	148500000	148600000	0.00028462303308115486	55149
chrX	148600000	148700000	0.000175363697376276	12987
chrX	148700000	148800000	0.0002665787947298388	24016
chrX	148800000	148900000	0.00030183669875434024	32428
chrX	148900000	149000000	9.066472852230615e-05	2418
chrX	149000000	149100000	3.320665314453436e-05	7879
chrX	149100000	149200000	6.218819927237788e-05	11561
chrX	149200000	149300000	9.186403191258366e-05	80591
chrX	149300000	149400000	0.00020318939475683597	80536
chrX	149400000	149500000	0.00020528782473085242	89618
chrX	149500000	149600000	0.00018769275322415052	27724
chrX	149600000	149700000	0.0007718526294849361	13685
chrX	149700000	149800000	0.0003575445740578239	31273
chrX	149800000	149900000	0.0002646553311299338	17578
chrX	149900000	150000000	0.00047094197290348987	1010
chrX	150000000	150100000	0.0003320789351415916	25319
chrX	150100000	150200000	0.0006412512099959109	60222
chrX	150200000	150300000	0.0007871632001162287	75496
chrX	150300000	150400000	0.000706063342415009	69505
chrX	150400000	150500000	0.0004384878514883313	78099
chrX	150500000	150600000	0.0002017880871718204	71549
chrX	150600000	150700000	9.555500822248444e-05	78061
chrX	150700000	150800000	7.178255945737927e-05	16602
chrX	150800000	150900000	0.0005731804050269349	38240
chrX	150900000	151000000	0.00048304764729730924	81420
chrX	151000000	151100000	0.0005265820204920799	77446
chrX	151100000	151200000	0.0003629204240744563	62385
chrX	151200000	151300000	0.000496516173821144	64938
chrX	151300000	151400000	0.00030615488126540185	26120
chrX	151400000	151500000	0.0	NA
chrX	151500000	151600000	0.0	NA
chrX	151600000	151700000	0.0	NA
chrX	151700000	151800000	0.0	NA
chrX	151800000	151900000	0.0	NA
chrX	151900000	152000000	0.0	NA
chrX	152000000	152100000	0.0	NA
chrX	152100000	152200000	0.0	NA
chrX	152200000	152300000	0.0	NA
chrX	152300000	152400000	0.0	NA
chrX	152400000	152500000	0.0	NA
chrX	152500000	152600000	0.0	NA
chrX	152600000	152700000	0.0	NA
chrX	152700000	152800000	0.0	NA
chrX	152800000	152900000	0.0	NA
chrX	152900000	153000000	0.0	NA
chrX	153000000	153100000	0.0	NA
chrX	153100000	153200000	0.0	NA
chrX	153200000	153300000	0.0	NA
chrX	153300000	153400000	0.0	NA
chrX	153400000	153500000	0.0	NA
chrX	153500000	153600000	0.0	NA
chrX	153600000	153700000	0.0	NA
chrX	153700000	153800000	0.0	NA
chrX	153800000	153900000	0.0	NA
chrX	153900000	154000000	0.0	NA
chrX	154000000	154100000	0.0	NA
chrX	154100000	154200000	0.0	NA
chrX	154200000	154300000	0.0	NA
chrX	154300000	154400000	0.0	NA
chrX	154400000	154500000	0.0	NA
chrX	154500000	154600000	0.0	NA
chrX	154600000	154700000	0.0	NA
chrX	154700000	154800000	0.0	NA
chrX	154800000	154900000	0.0	NA
chrX	154900000	155000000	0.0	NA
chrX	155000000	155100000	0.0	NA
chrX	155100000	155200000	0.00030391055424855803	19719
chrX	155200000	155270560	0.0005886251741476279	12695
