chrX	0	100000	0.001381759863122705	1456
chrX	100000	200000	0.0020191036341949456	4965
chrX	200000	300000	0.0035462107773054047	2964
chrX	300000	400000	0.001488642432017314	15533
chrX	400000	500000	0.0018286266604631755	29352
chrX	500000	600000	0.002233995721444116	30548
chrX	600000	700000	0.0017196515954231533	32131
chrX	700000	800000	0.0018368962222348843	42139
chrX	800000	900000	0.00132585351120144	28095
chrX	900000	1000000	0.0013967331901080064	33413
chrX	1000000	1100000	0.0014876651063799185	10800
chrX	1100000	1200000	0.0	NA
chrX	1200000	1300000	0.0016363934146646846	14837
chrX	1300000	1400000	0.0010622828495739512	11710
chrX	1400000	1500000	0.0018233186783699839	3621
chrX	1500000	1600000	0.0012798341601810183	5994
chrX	1600000	1700000	0.001295181761568904	13016
chrX	1700000	1800000	0.0016994864239445928	15723
chrX	1800000	1900000	0.0013734712832889242	33177
chrX	1900000	2000000	0.00118789949023638	42559
chrX	2000000	2100000	0.0015782062336514512	27331
chrX	2100000	2200000	0.0022203524998872046	5654
chrX	2200000	2300000	0.0	NA
chrX	2300000	2400000	0.0	NA
chrX	2400000	2500000	0.0010010571361263186	45281
chrX	2500000	2600000	0.0009149900460987976	31936
chrX	2600000	2700000	0.0011799865850181434	9973
chrX	2700000	2800000	0.0009644391290488561	6527
chrX	2800000	2900000	0.0005644475333504603	22760
chrX	2900000	3000000	0.0002168650940168229	18211
chrX	3000000	3100000	0.0012322720621465136	41962
chrX	3100000	3200000	0.001187583814656057	67756
chrX	3200000	3300000	0.0014505535922620448	40676
chrX	3300000	3400000	0.0007755601262299012	66600
chrX	3400000	3500000	0.0007357463877568782	62692
chrX	3500000	3600000	0.0006283802690228533	14266
chrX	3600000	3700000	0.0011914898703300884	32614
chrX	3700000	3800000	0.0010428362801638896	21192
chrX	3800000	3900000	0.0008584760422251636	25561
chrX	3900000	4000000	0.000990387362744327	78839
chrX	4000000	4100000	0.0005849714480467284	79245
chrX	4100000	4200000	0.0010680022345707068	79718
chrX	4200000	4300000	0.0006245272588235656	84113
chrX	4300000	4400000	0.0004251916920941845	79369
chrX	4400000	4500000	0.00041939126392528665	77637
chrX	4500000	4600000	0.0007267734460356174	75731
chrX	4600000	4700000	0.0006878411841164944	73578
chrX	4700000	4800000	0.0007972605171126338	76081
chrX	4800000	4900000	0.0005197455450059372	77400
chrX	4900000	5000000	0.0008480077565272302	79951
chrX	5000000	5100000	0.0008451328731952473	74083
chrX	5100000	5200000	0.0006678395991756928	78953
chrX	5200000	5300000	0.0004620013160688174	81913
chrX	5300000	5400000	0.000670995609715034	80640
chrX	5400000	5500000	0.0010280623145067442	79923
chrX	5500000	5600000	0.0007865475941221256	82766
chrX	5600000	5700000	0.0012556384650905562	76600
chrX	5700000	5800000	0.0009102001077944759	79391
chrX	5800000	5900000	0.0004584390200977217	6848
chrX	5900000	6000000	0.0	NA
chrX	6000000	6100000	0.0	NA
chrX	6100000	6200000	0.0005638112243771047	40080
chrX	6200000	6300000	0.0005205731207916683	79340
chrX	6300000	6400000	0.000400611351734533	81858
chrX	6400000	6500000	0.0003349196421935717	76866
chrX	6500000	6600000	0.000527378729065607	79199
chrX	6600000	6700000	0.0005928718049043373	80898
chrX	6700000	6800000	0.0006837962066678251	84914
chrX	6800000	6900000	0.0008419149951931858	73474
chrX	6900000	7000000	0.0005154077349433496	30759
chrX	7000000	7100000	0.0	NA
chrX	7100000	7200000	0.0	NA
chrX	7200000	7300000	0.00020989371967612867	22227
chrX	7300000	7400000	0.00042019278185634215	85565
chrX	7400000	7500000	0.00032340883173269006	79549
chrX	7500000	7600000	0.0003737506534333592	81085
chrX	7600000	7700000	0.0003342224879079715	39189
chrX	7700000	7800000	0.0001743570666389999	88353
chrX	7800000	7900000	0.0008469081090412382	55024
chrX	7900000	8000000	0.0005007635234626264	79564
chrX	8000000	8100000	0.0004998465661436587	84815
chrX	8100000	8200000	0.0004462361663418381	69704
chrX	8200000	8300000	0.0007584435029794478	83886
chrX	8300000	8400000	0.0007302931654289614	84731
chrX	8400000	8500000	0.0008020569387077786	60611
chrX	8500000	8600000	0.0	NA
chrX	8600000	8700000	0.0	NA
chrX	8700000	8800000	0.00044220746832181846	64184
chrX	8800000	8900000	0.000679811772508139	92359
chrX	8900000	9000000	0.0005316634589812583	64487
chrX	9000000	9100000	0.0005895081739028528	81408
chrX	9100000	9200000	0.0003008237879485371	86934
chrX	9200000	9300000	0.0006543851693613048	81300
chrX	9300000	9400000	0.0006411318531651211	65299
chrX	9400000	9500000	0.000805845574002562	22404
chrX	9500000	9600000	0.0	NA
chrX	9600000	9700000	0.0011943576828969938	5219
chrX	9700000	9800000	0.0004368903149202	11848
chrX	9800000	9900000	0.0	NA
chrX	9900000	10000000	0.0006066336423205918	44001
chrX	10000000	10100000	0.0	NA
chrX	10100000	10200000	0.0009144486812024716	8765
chrX	10200000	10300000	0.0007925456725451616	29283
chrX	10300000	10400000	0.0	NA
chrX	10400000	10500000	0.0	NA
chrX	10500000	10600000	0.0	NA
chrX	10600000	10700000	0.0	NA
chrX	10700000	10800000	0.0	NA
chrX	10800000	10900000	0.0	NA
chrX	10900000	11000000	0.0	NA
chrX	11000000	11100000	0.0	NA
chrX	11100000	11200000	0.0	NA
chrX	11200000	11300000	0.0	NA
chrX	11300000	11400000	0.0	NA
chrX	11400000	11500000	0.0	NA
chrX	11500000	11600000	0.0	NA
chrX	11600000	11700000	0.0	NA
chrX	11700000	11800000	0.0	NA
chrX	11800000	11900000	0.0	NA
chrX	11900000	12000000	0.0	NA
chrX	12000000	12100000	0.0	NA
chrX	12100000	12200000	0.0	NA
chrX	12200000	12300000	0.0	NA
chrX	12300000	12400000	0.0	NA
chrX	12400000	12500000	0.0	NA
chrX	12500000	12600000	0.0	NA
chrX	12600000	12700000	0.0	NA
chrX	12700000	12800000	0.0005956207090834101	43811
chrX	12800000	12900000	0.0009443634099727666	25947
chrX	12900000	13000000	0.0007541951948997223	35930
chrX	13000000	13100000	0.000593381437863887	74039
chrX	13100000	13200000	0.0003172808867575028	80230
chrX	13200000	13300000	0.0003878342793897921	83862
chrX	13300000	13400000	0.0003009481262866205	73450
chrX	13400000	13500000	0.0007791069670198982	78761
chrX	13500000	13600000	0.0007483798353507752	74737
chrX	13600000	13700000	0.0005824451312429845	22874
chrX	13700000	13800000	0.00048591236370085683	9371
chrX	13800000	13900000	0.0	NA
chrX	13900000	14000000	0.0003739207786977405	29364
chrX	14000000	14100000	0.000409035927827497	65754
chrX	14100000	14200000	0.00048713426920532786	79481
chrX	14200000	14300000	0.00028404686165581846	74794
chrX	14300000	14400000	0.0005016588760767451	79874
chrX	14400000	14500000	0.00015235152054014683	80841
chrX	14500000	14600000	0.0002352320994280457	42635
chrX	14600000	14700000	0.0	NA
chrX	14700000	14800000	0.00029590873307265005	38657
chrX	14800000	14900000	0.0003265271313710261	48752
chrX	14900000	15000000	0.0005844718828999524	42771
chrX	15000000	15100000	0.00042957313717674033	80872
chrX	15100000	15200000	0.00037608092357435744	82204
chrX	15200000	15300000	0.0006577677549974679	58956
chrX	15300000	15400000	0.0005455570616412735	11373
chrX	15400000	15500000	0.0	NA
chrX	15500000	15600000	0.0002769468827922475	10123
chrX	15600000	15700000	0.0005407484277322481	13653
chrX	15700000	15800000	0.0002786374666690778	23510
chrX	15800000	15900000	0.0002876336121084373	26088
chrX	15900000	16000000	0.00042503666112898007	81552
chrX	16000000	16100000	0.0002590899080501647	82768
chrX	16100000	16200000	0.0005720114333628134	53837
chrX	16200000	16300000	0.0006229777922659773	72067
chrX	16300000	16400000	0.000517642482432857	72354
chrX	16400000	16500000	0.00042907555461426733	84033
chrX	16500000	16600000	0.000631030286747188	70365
chrX	16600000	16700000	0.00014530767289976497	3618
chrX	16700000	16800000	0.0004630460601348234	12512
chrX	16800000	16900000	0.00043380474718614584	11521
chrX	16900000	17000000	0.0005387644708047006	32283
chrX	17000000	17100000	0.0	NA
chrX	17100000	17200000	0.0	NA
chrX	17200000	17300000	0.0	NA
chrX	17300000	17400000	0.0	NA
chrX	17400000	17500000	0.0	NA
chrX	17500000	17600000	0.0	NA
chrX	17600000	17700000	0.0	NA
chrX	17700000	17800000	0.0	NA
chrX	17800000	17900000	0.0	NA
chrX	17900000	18000000	0.0	NA
chrX	18000000	18100000	0.0	NA
chrX	18100000	18200000	0.0	NA
chrX	18200000	18300000	0.0	NA
chrX	18300000	18400000	0.0	NA
chrX	18400000	18500000	0.0	NA
chrX	18500000	18600000	0.0	NA
chrX	18600000	18700000	0.0	NA
chrX	18700000	18800000	0.0	NA
chrX	18800000	18900000	0.0003357265913517818	32737
chrX	18900000	19000000	0.00021090798515897572	7954
chrX	19000000	19100000	1.4291430858057539e-05	4116
chrX	19100000	19200000	0.00029808551869069295	39110
chrX	19200000	19300000	0.00032959176339719085	73116
chrX	19300000	19400000	0.00034916837667321455	2790
chrX	19400000	19500000	0.0	NA
chrX	19500000	19600000	0.0	NA
chrX	19600000	19700000	0.0	NA
chrX	19700000	19800000	0.0	NA
chrX	19800000	19900000	0.0	NA
chrX	19900000	20000000	0.0	NA
chrX	20000000	20100000	0.0	NA
chrX	20100000	20200000	0.0	NA
chrX	20200000	20300000	0.0	NA
chrX	20300000	20400000	0.0	NA
chrX	20400000	20500000	0.0	NA
chrX	20500000	20600000	0.0	NA
chrX	20600000	20700000	0.0	NA
chrX	20700000	20800000	0.0	NA
chrX	20800000	20900000	0.0	NA
chrX	20900000	21000000	0.0	NA
chrX	21000000	21100000	0.0	NA
chrX	21100000	21200000	0.0	NA
chrX	21200000	21300000	0.0	NA
chrX	21300000	21400000	0.0	NA
chrX	21400000	21500000	0.0	NA
chrX	21500000	21600000	0.0	NA
chrX	21600000	21700000	0.0	NA
chrX	21700000	21800000	0.0	NA
chrX	21800000	21900000	0.0	NA
chrX	21900000	22000000	0.0	NA
chrX	22000000	22100000	0.0	NA
chrX	22100000	22200000	0.0	NA
chrX	22200000	22300000	0.0	NA
chrX	22300000	22400000	0.0	NA
chrX	22400000	22500000	0.0	NA
chrX	22500000	22600000	0.0	NA
chrX	22600000	22700000	0.0	NA
chrX	22700000	22800000	0.0	NA
chrX	22800000	22900000	0.0	NA
chrX	22900000	23000000	0.0	NA
chrX	23000000	23100000	0.0	NA
chrX	23100000	23200000	0.0	NA
chrX	23200000	23300000	0.0	NA
chrX	23300000	23400000	0.0004968908017628728	38178
chrX	23400000	23500000	0.0004976400736557999	60203
chrX	23500000	23600000	0.000394622278548241	72295
chrX	23600000	23700000	0.0009008993346478906	61975
chrX	23700000	23800000	0.0010449493703654045	25799
chrX	23800000	23900000	0.0004246544724121891	25641
chrX	23900000	24000000	0.00039087140899767453	23844
chrX	24000000	24100000	0.00031924927288342004	10384
chrX	24100000	24200000	0.0005164070627704254	32863
chrX	24200000	24300000	0.0006151187616233538	44739
chrX	24300000	24400000	0.0003071207988224858	68865
chrX	24400000	24500000	0.0004262657905441966	63323
chrX	24500000	24600000	0.00041925528100402034	6730
chrX	24600000	24700000	0.00016850660611335424	7120
chrX	24700000	24800000	9.185501279253878e-05	8397
chrX	24800000	24900000	0.0	NA
chrX	24900000	25000000	0.0	NA
chrX	25000000	25100000	0.0003884237354122836	56512
chrX	25100000	25200000	0.0002893415766040165	78985
chrX	25200000	25300000	0.00046045199911701456	85156
chrX	25300000	25400000	0.0002957634992636605	65743
chrX	25400000	25500000	0.00034145041606437916	80410
chrX	25500000	25600000	0.0006230821845968363	86307
chrX	25600000	25700000	0.000641693503574753	91717
chrX	25700000	25800000	0.0008279439416257236	79346
chrX	25800000	25900000	0.0005974810357914765	84625
chrX	25900000	26000000	0.0007345902690932904	75396
chrX	26000000	26100000	0.000471505375420417	81360
chrX	26100000	26200000	0.0005757964959057498	73080
chrX	26200000	26300000	0.0006271073582109403	74608
chrX	26300000	26400000	0.00025822249264052864	71017
chrX	26400000	26500000	0.0003502752577571411	84539
chrX	26500000	26600000	0.0005123744927167593	75100
chrX	26600000	26700000	0.0004794259904769452	85836
chrX	26700000	26800000	0.0005303018497923906	81441
chrX	26800000	26900000	0.0006203503175345832	85563
chrX	26900000	27000000	0.0007538892781450666	86586
chrX	27000000	27100000	0.0005653142630765916	78634
chrX	27100000	27200000	0.0006306773165164875	75843
chrX	27200000	27300000	0.0006035495618675933	81114
chrX	27300000	27400000	0.0007359002512009175	74297
chrX	27400000	27500000	0.00082864339771247	78903
chrX	27500000	27600000	0.0004939924251947208	75188
chrX	27600000	27700000	0.000396030442765147	82222
chrX	27700000	27800000	0.0004889475249688886	81185
chrX	27800000	27900000	0.00022796878858422808	75740
chrX	27900000	28000000	0.00013943539388063607	83629
chrX	28000000	28100000	0.00037212910506748153	87563
chrX	28100000	28200000	0.0003060310099823983	80671
chrX	28200000	28300000	0.0004557168787022592	83213
chrX	28300000	28400000	0.00021319945441036452	81454
chrX	28400000	28500000	0.0004968329622763642	74206
chrX	28500000	28600000	0.00041143823026773216	79862
chrX	28600000	28700000	0.00032689564732918364	5532
chrX	28700000	28800000	0.0	NA
chrX	28800000	28900000	0.0	NA
chrX	28900000	29000000	0.0	NA
chrX	29000000	29100000	0.0	NA
chrX	29100000	29200000	0.0	NA
chrX	29200000	29300000	0.0	NA
chrX	29300000	29400000	0.0	NA
chrX	29400000	29500000	0.0	NA
chrX	29500000	29600000	0.0	NA
chrX	29600000	29700000	0.0	NA
chrX	29700000	29800000	0.0	NA
chrX	29800000	29900000	0.0	NA
chrX	29900000	30000000	8.536777272257291e-05	17886
chrX	30000000	30100000	0.0002082951198027463	75211
chrX	30100000	30200000	0.0004930572398205331	82088
chrX	30200000	30300000	0.0006207084983629455	68485
chrX	30300000	30400000	0.0005334117807801882	77006
chrX	30400000	30500000	0.000580971308150878	81302
chrX	30500000	30600000	0.0004850724245016611	61425
chrX	30600000	30700000	0.000483282692775578	46509
chrX	30700000	30800000	0.0005434475611805139	29646
chrX	30800000	30900000	0.0002656977008679458	20458
chrX	30900000	31000000	0.0005972423235676863	81314
chrX	31000000	31100000	0.000539504646656483	79204
chrX	31100000	31200000	0.00021419084456051967	32605
chrX	31200000	31300000	0.0	NA
chrX	31300000	31400000	0.0	NA
chrX	31400000	31500000	0.0	NA
chrX	31500000	31600000	0.0	NA
chrX	31600000	31700000	0.0	NA
chrX	31700000	31800000	0.0	NA
chrX	31800000	31900000	0.0	NA
chrX	31900000	32000000	0.0	NA
chrX	32000000	32100000	0.0	NA
chrX	32100000	32200000	0.0	NA
chrX	32200000	32300000	0.0	NA
chrX	32300000	32400000	0.0	NA
chrX	32400000	32500000	0.0	NA
chrX	32500000	32600000	0.0	NA
chrX	32600000	32700000	0.0	NA
chrX	32700000	32800000	0.0	NA
chrX	32800000	32900000	0.0	NA
chrX	32900000	33000000	0.0	NA
chrX	33000000	33100000	0.0	NA
chrX	33100000	33200000	0.0	NA
chrX	33200000	33300000	0.0	NA
chrX	33300000	33400000	0.0004502298401541267	32560
chrX	33400000	33500000	0.00028266475227195384	84705
chrX	33500000	33600000	0.0005501871367018206	81055
chrX	33600000	33700000	0.0006534537345382349	84563
chrX	33700000	33800000	0.000515300491262438	84785
chrX	33800000	33900000	0.0006997146388115252	85057
chrX	33900000	34000000	0.0006979189333240252	84549
chrX	34000000	34100000	0.000614772687313466	91089
chrX	34100000	34200000	0.0007344686725155159	76290
chrX	34200000	34300000	0.0007454101820678632	83539
chrX	34300000	34400000	0.0007233713510823564	84866
chrX	34400000	34500000	0.0006962741630578971	74386
chrX	34500000	34600000	0.0004611711984697441	83698
chrX	34600000	34700000	0.00033412862268053354	62606
chrX	34700000	34800000	0.00047234008787444814	85644
chrX	34800000	34900000	0.0005101230070485377	79295
chrX	34900000	35000000	0.0005546779687947871	85031
chrX	35000000	35100000	0.00047926495831566025	84520
chrX	35100000	35200000	0.00024256904393182586	83989
chrX	35200000	35300000	0.0003303151697229389	82838
chrX	35300000	35400000	0.0005378986173261793	83294
chrX	35400000	35500000	0.0004059868405863613	83693
chrX	35500000	35600000	0.00037188610261861736	79453
chrX	35600000	35700000	0.0005482606877346276	72509
chrX	35700000	35800000	0.0002692879604686057	87814
chrX	35800000	35900000	0.0009470291507177944	79834
chrX	35900000	36000000	0.0004447894430584825	28989
chrX	36000000	36100000	0.0	NA
chrX	36100000	36200000	0.0	NA
chrX	36200000	36300000	0.0	NA
chrX	36300000	36400000	0.0	NA
chrX	36400000	36500000	0.00038346902569645267	31231
chrX	36500000	36600000	0.00022735187610783272	87048
chrX	36600000	36700000	0.0005836221458298789	84166
chrX	36700000	36800000	0.0004197991624731212	83505
chrX	36800000	36900000	0.00039559726147617635	90691
chrX	36900000	37000000	0.0002548404499709654	78143
chrX	37000000	37100000	0.0002557616357696055	51870
chrX	37100000	37200000	0.0002414907491711193	38644
chrX	37200000	37300000	0.0003451856890260003	8119
chrX	37300000	37400000	0.0002579337848151552	41133
chrX	37400000	37500000	0.00012859078509427655	13968
chrX	37500000	37600000	0.00020529362185722254	15052
chrX	37600000	37700000	0.0003324550934994886	49342
chrX	37700000	37800000	0.00017238446746232718	78306
chrX	37800000	37900000	0.0007402692749403026	53127
chrX	37900000	38000000	0.0005432800764568051	11123
chrX	38000000	38100000	0.00047379247183696496	25187
chrX	38100000	38200000	0.0005873069705746884	33111
chrX	38200000	38300000	0.0010021806628462964	25710
chrX	38300000	38400000	0.00031072470817898964	39860
chrX	38400000	38500000	0.0	NA
chrX	38500000	38600000	0.0	NA
chrX	38600000	38700000	0.0	NA
chrX	38700000	38800000	0.0	NA
chrX	38800000	38900000	0.0	NA
chrX	38900000	39000000	0.0	NA
chrX	39000000	39100000	0.0	NA
chrX	39100000	39200000	0.0	NA
chrX	39200000	39300000	0.0	NA
chrX	39300000	39400000	0.0	NA
chrX	39400000	39500000	0.0	NA
chrX	39500000	39600000	0.0	NA
chrX	39600000	39700000	0.0	NA
chrX	39700000	39800000	0.0	NA
chrX	39800000	39900000	0.0	NA
chrX	39900000	40000000	0.0	NA
chrX	40000000	40100000	0.0	NA
chrX	40100000	40200000	0.0	NA
chrX	40200000	40300000	0.0	NA
chrX	40300000	40400000	0.0	NA
chrX	40400000	40500000	0.0	NA
chrX	40500000	40600000	0.0	NA
chrX	40600000	40700000	0.0	NA
chrX	40700000	40800000	0.0	NA
chrX	40800000	40900000	0.0	NA
chrX	40900000	41000000	0.0	NA
chrX	41000000	41100000	0.0	NA
chrX	41100000	41200000	0.0	NA
chrX	41200000	41300000	0.0011173583815214728	12017
chrX	41300000	41400000	0.0007758068243071216	25399
chrX	41400000	41500000	0.0	NA
chrX	41500000	41600000	0.0	NA
chrX	41600000	41700000	0.0	NA
chrX	41700000	41800000	7.950776509365569e-05	14731
chrX	41800000	41900000	0.00030922513693734725	80598
chrX	41900000	42000000	0.0004498103506786998	88976
chrX	42000000	42100000	0.00037776038937069887	79880
chrX	42100000	42200000	0.0003803863580268977	79572
chrX	42200000	42300000	0.00016489255443290788	80006
chrX	42300000	42400000	0.000164199406087988	83348
chrX	42400000	42500000	0.0001858460766010738	81275
chrX	42500000	42600000	0.0006200256628540007	79932
chrX	42600000	42700000	0.0005179681980023971	81058
chrX	42700000	42800000	0.0006003734656474194	79569
chrX	42800000	42900000	0.00043800869403281005	84428
chrX	42900000	43000000	0.000264083214344736	89394
chrX	43000000	43100000	0.00020223841264726224	44692
chrX	43100000	43200000	0.00017849593858406862	76557
chrX	43200000	43300000	0.0001754116721266236	86165
chrX	43300000	43400000	0.00021887645366324438	85402
chrX	43400000	43500000	0.00028323721379940124	77829
chrX	43500000	43600000	0.0003490015138238785	9768
chrX	43600000	43700000	0.0003390640485150722	17236
chrX	43700000	43800000	0.00010677598900139487	48087
chrX	43800000	43900000	0.000388819556626466	61576
chrX	43900000	44000000	0.0003903961590772593	82612
chrX	44000000	44100000	0.00031544476161486884	6075
chrX	44100000	44200000	0.0	NA
chrX	44200000	44300000	0.0007211089973058972	68152
chrX	44300000	44400000	0.0004805605078526002	50725
chrX	44400000	44500000	0.0006842539922504568	45746
chrX	44500000	44600000	0.00042802848159778227	61365
chrX	44600000	44700000	0.00047802047969739103	47804
chrX	44700000	44800000	0.0001558584022186728	18821
chrX	44800000	44900000	0.0	NA
chrX	44900000	45000000	0.00019655902291258398	21963
chrX	45000000	45100000	0.0007000338754553627	38914
chrX	45100000	45200000	0.00043780157519555707	85322
chrX	45200000	45300000	0.00031709098763051173	85326
chrX	45300000	45400000	0.0003073189386519939	61223
chrX	45400000	45500000	0.00018094419883867816	84098
chrX	45500000	45600000	0.0005608508576295928	76303
chrX	45600000	45700000	0.0005260572406343536	84474
chrX	45700000	45800000	0.0003478460682692048	74446
chrX	45800000	45900000	0.00035012927275144325	78444
chrX	45900000	46000000	0.0001799151612189653	21486
chrX	46000000	46100000	0.0	NA
chrX	46100000	46200000	0.0	NA
chrX	46200000	46300000	0.0	NA
chrX	46300000	46400000	0.0	NA
chrX	46400000	46500000	0.0	NA
chrX	46500000	46600000	0.0	NA
chrX	46600000	46700000	0.0	NA
chrX	46700000	46800000	0.0	NA
chrX	46800000	46900000	0.0	NA
chrX	46900000	47000000	0.0	NA
chrX	47000000	47100000	0.0	NA
chrX	47100000	47200000	0.0	NA
chrX	47200000	47300000	0.0	NA
chrX	47300000	47400000	0.0	NA
chrX	47400000	47500000	0.0	NA
chrX	47500000	47600000	0.0	NA
chrX	47600000	47700000	0.0	NA
chrX	47700000	47800000	0.0	NA
chrX	47800000	47900000	0.0	NA
chrX	47900000	48000000	0.0	NA
chrX	48000000	48100000	0.0	NA
chrX	48100000	48200000	0.0	NA
chrX	48200000	48300000	0.0	NA
chrX	48300000	48400000	0.0	NA
chrX	48400000	48500000	0.0	NA
chrX	48500000	48600000	0.0	NA
chrX	48600000	48700000	0.0	NA
chrX	48700000	48800000	0.0	NA
chrX	48800000	48900000	0.0	NA
chrX	48900000	49000000	0.0	NA
chrX	49000000	49100000	0.0	NA
chrX	49100000	49200000	0.0	NA
chrX	49200000	49300000	0.0	NA
chrX	49300000	49400000	0.0	NA
chrX	49400000	49500000	0.0	NA
chrX	49500000	49600000	0.0	NA
chrX	49600000	49700000	0.0	NA
chrX	49700000	49800000	0.0	NA
chrX	49800000	49900000	0.0	NA
chrX	49900000	50000000	0.0	NA
chrX	50000000	50100000	0.0	NA
chrX	50100000	50200000	0.0	NA
chrX	50200000	50300000	0.0	NA
chrX	50300000	50400000	0.0	NA
chrX	50400000	50500000	0.0	NA
chrX	50500000	50600000	0.0	NA
chrX	50600000	50700000	0.0	NA
chrX	50700000	50800000	0.0	NA
chrX	50800000	50900000	0.0	NA
chrX	50900000	51000000	0.0	NA
chrX	51000000	51100000	0.0	NA
chrX	51100000	51200000	0.0	NA
chrX	51200000	51300000	0.0	NA
chrX	51300000	51400000	0.0	NA
chrX	51400000	51500000	0.0	NA
chrX	51500000	51600000	0.0	NA
chrX	51600000	51700000	0.0	NA
chrX	51700000	51800000	0.0	NA
chrX	51800000	51900000	0.0	NA
chrX	51900000	52000000	0.0	NA
chrX	52000000	52100000	0.0	NA
chrX	52100000	52200000	0.0	NA
chrX	52200000	52300000	0.0	NA
chrX	52300000	52400000	0.0	NA
chrX	52400000	52500000	0.0	NA
chrX	52500000	52600000	0.0	NA
chrX	52600000	52700000	0.0	NA
chrX	52700000	52800000	0.0	NA
chrX	52800000	52900000	0.0	NA
chrX	52900000	53000000	0.0	NA
chrX	53000000	53100000	0.0	NA
chrX	53100000	53200000	0.0	NA
chrX	53200000	53300000	0.0	NA
chrX	53300000	53400000	0.0	NA
chrX	53400000	53500000	0.0	NA
chrX	53500000	53600000	0.0	NA
chrX	53600000	53700000	0.0	NA
chrX	53700000	53800000	0.0	NA
chrX	53800000	53900000	0.0	NA
chrX	53900000	54000000	0.0	NA
chrX	54000000	54100000	0.0	NA
chrX	54100000	54200000	0.0	NA
chrX	54200000	54300000	0.0	NA
chrX	54300000	54400000	0.0	NA
chrX	54400000	54500000	0.0	NA
chrX	54500000	54600000	0.0	NA
chrX	54600000	54700000	0.0	NA
chrX	54700000	54800000	0.0	NA
chrX	54800000	54900000	0.0	NA
chrX	54900000	55000000	0.0	NA
chrX	55000000	55100000	0.0	NA
chrX	55100000	55200000	0.0	NA
chrX	55200000	55300000	0.0	NA
chrX	55300000	55400000	0.0	NA
chrX	55400000	55500000	0.0	NA
chrX	55500000	55600000	0.0	NA
chrX	55600000	55700000	0.0	NA
chrX	55700000	55800000	0.0	NA
chrX	55800000	55900000	0.0	NA
chrX	55900000	56000000	0.0	NA
chrX	56000000	56100000	0.0	NA
chrX	56100000	56200000	0.0	NA
chrX	56200000	56300000	0.0	NA
chrX	56300000	56400000	0.0	NA
chrX	56400000	56500000	0.0	NA
chrX	56500000	56600000	0.0	NA
chrX	56600000	56700000	0.0	NA
chrX	56700000	56800000	0.0	NA
chrX	56800000	56900000	0.0	NA
chrX	56900000	57000000	0.0	NA
chrX	57000000	57100000	0.0	NA
chrX	57100000	57200000	0.0	NA
chrX	57200000	57300000	0.0	NA
chrX	57300000	57400000	0.0	NA
chrX	57400000	57500000	0.0	NA
chrX	57500000	57600000	0.0	NA
chrX	57600000	57700000	0.0	NA
chrX	57700000	57800000	0.0	NA
chrX	57800000	57900000	0.0	NA
chrX	57900000	58000000	0.0	NA
chrX	58000000	58100000	0.0	NA
chrX	58100000	58200000	0.0	NA
chrX	58200000	58300000	0.0	NA
chrX	58300000	58400000	0.0	NA
chrX	58400000	58500000	0.0	NA
chrX	58500000	58600000	0.0	NA
chrX	58600000	58700000	0.0	NA
chrX	58700000	58800000	0.0	NA
chrX	58800000	58900000	0.0	NA
chrX	58900000	59000000	0.0	NA
chrX	59000000	59100000	0.0	NA
chrX	59100000	59200000	0.0	NA
chrX	59200000	59300000	0.0	NA
chrX	59300000	59400000	0.0	NA
chrX	59400000	59500000	0.0	NA
chrX	59500000	59600000	0.0	NA
chrX	59600000	59700000	0.0	NA
chrX	59700000	59800000	0.0	NA
chrX	59800000	59900000	0.0	NA
chrX	59900000	60000000	0.0	NA
chrX	60000000	60100000	0.0	NA
chrX	60100000	60200000	0.0	NA
chrX	60200000	60300000	0.0	NA
chrX	60300000	60400000	0.0	NA
chrX	60400000	60500000	0.0	NA
chrX	60500000	60600000	0.0	NA
chrX	60600000	60700000	0.0	NA
chrX	60700000	60800000	0.0	NA
chrX	60800000	60900000	0.0	NA
chrX	60900000	61000000	0.0	NA
chrX	61000000	61100000	0.0	NA
chrX	61100000	61200000	0.0	NA
chrX	61200000	61300000	0.0	NA
chrX	61300000	61400000	0.0	NA
chrX	61400000	61500000	0.0	NA
chrX	61500000	61600000	0.0	NA
chrX	61600000	61700000	0.0	NA
chrX	61700000	61800000	0.0	NA
chrX	61800000	61900000	0.0	NA
chrX	61900000	62000000	0.0	NA
chrX	62000000	62100000	0.0	NA
chrX	62100000	62200000	0.0	NA
chrX	62200000	62300000	0.0	NA
chrX	62300000	62400000	0.0	NA
chrX	62400000	62500000	0.0	NA
chrX	62500000	62600000	0.0	NA
chrX	62600000	62700000	0.0	NA
chrX	62700000	62800000	0.0	NA
chrX	62800000	62900000	0.0	NA
chrX	62900000	63000000	0.0	NA
chrX	63000000	63100000	0.0	NA
chrX	63100000	63200000	0.0	NA
chrX	63200000	63300000	0.0	NA
chrX	63300000	63400000	0.0	NA
chrX	63400000	63500000	0.0	NA
chrX	63500000	63600000	0.0	NA
chrX	63600000	63700000	0.0	NA
chrX	63700000	63800000	0.0	NA
chrX	63800000	63900000	0.0	NA
chrX	63900000	64000000	0.0	NA
chrX	64000000	64100000	0.0	NA
chrX	64100000	64200000	0.0	NA
chrX	64200000	64300000	0.0	NA
chrX	64300000	64400000	0.0	NA
chrX	64400000	64500000	0.0	NA
chrX	64500000	64600000	0.0	NA
chrX	64600000	64700000	0.0	NA
chrX	64700000	64800000	0.0	NA
chrX	64800000	64900000	0.0	NA
chrX	64900000	65000000	0.0	NA
chrX	65000000	65100000	0.0	NA
chrX	65100000	65200000	0.0	NA
chrX	65200000	65300000	0.0	NA
chrX	65300000	65400000	0.0	NA
chrX	65400000	65500000	0.0	NA
chrX	65500000	65600000	0.0	NA
chrX	65600000	65700000	0.0	NA
chrX	65700000	65800000	0.0	NA
chrX	65800000	65900000	0.0	NA
chrX	65900000	66000000	0.0	NA
chrX	66000000	66100000	0.0	NA
chrX	66100000	66200000	0.0	NA
chrX	66200000	66300000	0.0	NA
chrX	66300000	66400000	0.0	NA
chrX	66400000	66500000	0.0	NA
chrX	66500000	66600000	0.0	NA
chrX	66600000	66700000	0.0	NA
chrX	66700000	66800000	0.0	NA
chrX	66800000	66900000	0.0	NA
chrX	66900000	67000000	0.0	NA
chrX	67000000	67100000	0.0	NA
chrX	67100000	67200000	0.0	NA
chrX	67200000	67300000	0.0	NA
chrX	67300000	67400000	0.0	NA
chrX	67400000	67500000	0.0	NA
chrX	67500000	67600000	0.0	NA
chrX	67600000	67700000	0.0	NA
chrX	67700000	67800000	0.0	NA
chrX	67800000	67900000	0.0	NA
chrX	67900000	68000000	0.0	NA
chrX	68000000	68100000	0.0	NA
chrX	68100000	68200000	0.0	NA
chrX	68200000	68300000	0.0	NA
chrX	68300000	68400000	0.0	NA
chrX	68400000	68500000	0.0	NA
chrX	68500000	68600000	0.0	NA
chrX	68600000	68700000	0.0	NA
chrX	68700000	68800000	0.0	NA
chrX	68800000	68900000	0.0	NA
chrX	68900000	69000000	0.0	NA
chrX	69000000	69100000	0.0	NA
chrX	69100000	69200000	0.0	NA
chrX	69200000	69300000	0.0	NA
chrX	69300000	69400000	0.0	NA
chrX	69400000	69500000	0.0	NA
chrX	69500000	69600000	0.0	NA
chrX	69600000	69700000	0.0	NA
chrX	69700000	69800000	0.0	NA
chrX	69800000	69900000	0.0	NA
chrX	69900000	70000000	0.0	NA
chrX	70000000	70100000	0.0	NA
chrX	70100000	70200000	0.0	NA
chrX	70200000	70300000	0.0	NA
chrX	70300000	70400000	0.0	NA
chrX	70400000	70500000	0.0	NA
chrX	70500000	70600000	0.0	NA
chrX	70600000	70700000	0.0	NA
chrX	70700000	70800000	0.0	NA
chrX	70800000	70900000	0.0	NA
chrX	70900000	71000000	0.0	NA
chrX	71000000	71100000	0.0	NA
chrX	71100000	71200000	0.0	NA
chrX	71200000	71300000	0.0	NA
chrX	71300000	71400000	0.0	NA
chrX	71400000	71500000	0.0	NA
chrX	71500000	71600000	0.0	NA
chrX	71600000	71700000	0.0	NA
chrX	71700000	71800000	0.0	NA
chrX	71800000	71900000	0.0	NA
chrX	71900000	72000000	0.0	NA
chrX	72000000	72100000	0.0	NA
chrX	72100000	72200000	0.0	NA
chrX	72200000	72300000	0.0	NA
chrX	72300000	72400000	0.0	NA
chrX	72400000	72500000	0.0	NA
chrX	72500000	72600000	0.0	NA
chrX	72600000	72700000	0.0	NA
chrX	72700000	72800000	0.0	NA
chrX	72800000	72900000	0.0	NA
chrX	72900000	73000000	0.0	NA
chrX	73000000	73100000	0.0	NA
chrX	73100000	73200000	0.0	NA
chrX	73200000	73300000	0.0	NA
chrX	73300000	73400000	0.0	NA
chrX	73400000	73500000	0.0	NA
chrX	73500000	73600000	0.0	NA
chrX	73600000	73700000	0.0	NA
chrX	73700000	73800000	0.0	NA
chrX	73800000	73900000	0.0	NA
chrX	73900000	74000000	0.0	NA
chrX	74000000	74100000	0.0	NA
chrX	74100000	74200000	0.0	NA
chrX	74200000	74300000	0.0	NA
chrX	74300000	74400000	0.0	NA
chrX	74400000	74500000	0.0	NA
chrX	74500000	74600000	0.0	NA
chrX	74600000	74700000	0.0	NA
chrX	74700000	74800000	0.0	NA
chrX	74800000	74900000	0.0	NA
chrX	74900000	75000000	0.0	NA
chrX	75000000	75100000	0.0	NA
chrX	75100000	75200000	0.0	NA
chrX	75200000	75300000	0.0	NA
chrX	75300000	75400000	0.0	NA
chrX	75400000	75500000	0.0	NA
chrX	75500000	75600000	0.0	NA
chrX	75600000	75700000	0.0	NA
chrX	75700000	75800000	0.0	NA
chrX	75800000	75900000	0.0	NA
chrX	75900000	76000000	0.0	NA
chrX	76000000	76100000	0.0	NA
chrX	76100000	76200000	0.0	NA
chrX	76200000	76300000	0.0	NA
chrX	76300000	76400000	0.0	NA
chrX	76400000	76500000	0.0	NA
chrX	76500000	76600000	0.0	NA
chrX	76600000	76700000	0.0	NA
chrX	76700000	76800000	0.0	NA
chrX	76800000	76900000	0.0	NA
chrX	76900000	77000000	0.0	NA
chrX	77000000	77100000	0.0	NA
chrX	77100000	77200000	0.0	NA
chrX	77200000	77300000	0.0	NA
chrX	77300000	77400000	0.0	NA
chrX	77400000	77500000	0.0	NA
chrX	77500000	77600000	0.0	NA
chrX	77600000	77700000	0.0	NA
chrX	77700000	77800000	0.0	NA
chrX	77800000	77900000	0.0	NA
chrX	77900000	78000000	0.0005069594186919826	37998
chrX	78000000	78100000	0.00048198417204064407	69973
chrX	78100000	78200000	0.00032510785751918786	76470
chrX	78200000	78300000	0.00047263837560320587	56319
chrX	78300000	78400000	0.0004107348394613178	79018
chrX	78400000	78500000	0.0007542734475405344	76906
chrX	78500000	78600000	0.0007927307364907714	80798
chrX	78600000	78700000	0.0008273735661353119	72185
chrX	78700000	78800000	0.00042761326234377477	72233
chrX	78800000	78900000	0.0005341328935144379	85322
chrX	78900000	79000000	0.0010989358700866996	71153
chrX	79000000	79100000	0.0009133740774890665	74574
chrX	79100000	79200000	0.001506419093254255	68742
chrX	79200000	79300000	0.0015365086868520644	57453
chrX	79300000	79400000	0.0005290786439293354	71543
chrX	79400000	79500000	0.0005932530963864354	56673
chrX	79500000	79600000	0.0	185
chrX	79600000	79700000	0.0	NA
chrX	79700000	79800000	0.00023673493816245712	70979
chrX	79800000	79900000	0.00020191843375368787	69882
chrX	79900000	80000000	0.0002000801236423877	17079
chrX	80000000	80100000	0.00034818069380664204	22051
chrX	80100000	80200000	0.0006279793725561792	64438
chrX	80200000	80300000	0.000555054592185436	60867
chrX	80300000	80400000	0.00044110651604145124	49662
chrX	80400000	80500000	0.0	NA
chrX	80500000	80600000	0.0005000570014542607	32793
chrX	80600000	80700000	0.0005619097593575046	87081
chrX	80700000	80800000	0.001153256286946373	78084
chrX	80800000	80900000	0.0006840957401324061	82390
chrX	80900000	81000000	0.00047026944076999406	71089
chrX	81000000	81100000	0.0006977743961726698	65405
chrX	81100000	81200000	0.000672981851312978	81176
chrX	81200000	81300000	0.00036453072050010306	71634
chrX	81300000	81400000	0.0006570833281626957	84901
chrX	81400000	81500000	0.00017049309312998248	80220
chrX	81500000	81600000	0.00013143077246973922	87904
chrX	81600000	81700000	0.0004449017479407948	80926
chrX	81700000	81800000	0.000552332161254061	75521
chrX	81800000	81900000	0.0006313021761589114	78503
chrX	81900000	82000000	0.0004867487334079029	79390
chrX	82000000	82100000	0.0008377858486112836	70360
chrX	82100000	82200000	0.0005272420996863883	82185
chrX	82200000	82300000	0.0008288443528263035	80752
chrX	82300000	82400000	0.00042674253310944193	75059
chrX	82400000	82500000	0.0005772727935773184	81344
chrX	82500000	82600000	0.0002668862859505366	77677
chrX	82600000	82700000	0.00041139461778594446	70306
chrX	82700000	82800000	0.00026537886553855053	86482
chrX	82800000	82900000	0.0003862669047409923	73797
chrX	82900000	83000000	0.0003857760234948301	65746
chrX	83000000	83100000	0.0002551401941309543	71216
chrX	83100000	83200000	0.00023367831943405375	61184
chrX	83200000	83300000	0.00042474538982934586	77716
chrX	83300000	83400000	0.0005098310653521994	10199
chrX	83400000	83500000	0.0004256710176244202	50376
chrX	83500000	83600000	0.0006116007791914038	55116
chrX	83600000	83700000	0.0	NA
chrX	83700000	83800000	0.0010433946075259243	35573
chrX	83800000	83900000	0.0006148816098648437	72500
chrX	83900000	84000000	0.00041173693381330473	82759
chrX	84000000	84100000	0.0009777870732839966	76378
chrX	84100000	84200000	0.0008126514554361519	62829
chrX	84200000	84300000	0.0006886598191481638	33244
chrX	84300000	84400000	0.0007659494325078427	26706
chrX	84400000	84500000	0.0004730526217331649	70104
chrX	84500000	84600000	0.00043871879129376965	3887
chrX	84600000	84700000	0.000519099739158103	46655
chrX	84700000	84800000	0.00033839456682814166	83194
chrX	84800000	84900000	0.000894655648251916	74517
chrX	84900000	85000000	0.0009376901592631741	65222
chrX	85000000	85100000	0.0006982759100828128	68020
chrX	85100000	85200000	0.0004889945494139501	12413
chrX	85200000	85300000	0.0	NA
chrX	85300000	85400000	0.0008946703248659289	70772
chrX	85400000	85500000	0.00044137990306556747	2548
chrX	85500000	85600000	0.0	NA
chrX	85600000	85700000	0.0	NA
chrX	85700000	85800000	0.0	NA
chrX	85800000	85900000	0.0	NA
chrX	85900000	86000000	0.0	NA
chrX	86000000	86100000	0.0007249927425519028	11229
chrX	86100000	86200000	0.0007407729624799058	76098
chrX	86200000	86300000	0.0007832589007232657	73869
chrX	86300000	86400000	0.0005777550904253018	73342
chrX	86400000	86500000	0.0008911320183319025	79538
chrX	86500000	86600000	0.0008817174704289164	80524
chrX	86600000	86700000	0.0010534552323588067	80310
chrX	86700000	86800000	0.0008056682645077668	54161
chrX	86800000	86900000	0.0	NA
chrX	86900000	87000000	0.000609110502800727	57181
chrX	87000000	87100000	0.0009093870290651378	71326
chrX	87100000	87200000	0.0005739421235006259	85549
chrX	87200000	87300000	0.0003748851860604498	77545
chrX	87300000	87400000	0.0004517414074761955	87214
chrX	87400000	87500000	0.000767386718843731	82770
chrX	87500000	87600000	0.0007435365572636593	71770
chrX	87600000	87700000	0.0009458477628222811	84236
chrX	87700000	87800000	0.0017933862079564582	73486
chrX	87800000	87900000	0.00047226023557571243	82864
chrX	87900000	88000000	0.00026154597093912046	83275
chrX	88000000	88100000	0.0006087857389677337	63045
chrX	88100000	88200000	0.0006274544903219159	81860
chrX	88200000	88300000	0.0008353481256737157	83872
chrX	88300000	88400000	0.0008136631329741657	82143
chrX	88400000	88500000	0.0008942590715295482	47115
chrX	88500000	88600000	0.001448561145707331	65
chrX	88600000	88700000	0.0	62
chrX	88700000	88800000	0.0	51
chrX	88800000	88900000	0.000718537326878468	1265
chrX	88900000	89000000	0.0021748735964434215	9301
chrX	89000000	89100000	6.546859144325524e-05	599
chrX	89100000	89200000	0.0	33
chrX	89200000	89300000	0.0006673609899592256	34332
chrX	89300000	89400000	0.0008783583181909876	41558
chrX	89400000	89500000	5.70121145622597e-05	3412
chrX	89500000	89600000	0.0003012142939527418	1833
chrX	89600000	89700000	0.00011217647285442675	514
chrX	89700000	89800000	0.0007081827727364768	372
chrX	89800000	89900000	0.00039445201792318875	4368
chrX	89900000	90000000	0.0001788630420135439	1360
chrX	90000000	90100000	4.965142219051154e-05	782
chrX	90100000	90200000	0.0007939078564443621	7649
chrX	90200000	90300000	0.0007343686643914114	6996
chrX	90300000	90400000	0.0008951040368949242	77222
chrX	90400000	90500000	0.0006403117091894947	228
chrX	90500000	90600000	0.0007532518264766161	66546
chrX	90600000	90700000	0.00045381103276764746	62942
chrX	90700000	90800000	0.0009994359381114092	30386
chrX	90800000	90900000	0.0003902948790396206	1345
chrX	90900000	91000000	0.0010850960887852747	17357
chrX	91000000	91100000	0.0028114704053525553	276
chrX	91100000	91200000	0.0	NA
chrX	91200000	91300000	0.0	NA
chrX	91300000	91400000	0.0	NA
chrX	91400000	91500000	0.0	NA
chrX	91500000	91600000	0.0	NA
chrX	91600000	91700000	0.0	NA
chrX	91700000	91800000	0.0	NA
chrX	91800000	91900000	0.0006821760607433293	648
chrX	91900000	92000000	7.843137254901977e-05	250
chrX	92000000	92100000	0.0012988284773297737	226
chrX	92100000	92200000	0.0005053366836257766	4282
chrX	92200000	92300000	0.00017805336028146033	857
chrX	92300000	92400000	0.0006077288352543289	21631
chrX	92400000	92500000	0.0006897674611071533	82097
chrX	92500000	92600000	0.001152625221404181	80729
chrX	92600000	92700000	0.0005867182336064687	82484
chrX	92700000	92800000	0.0008268494626200262	84326
chrX	92800000	92900000	0.0006300471547496042	77046
chrX	92900000	93000000	0.0005315586882403086	49011
chrX	93000000	93100000	0.0003396147377084684	90770
chrX	93100000	93200000	0.0005499918170087844	79369
chrX	93200000	93300000	0.0004995994844906376	81587
chrX	93300000	93400000	0.0007185027360625059	82176
chrX	93400000	93500000	0.0007596436784599405	84111
chrX	93500000	93600000	0.0006559823811579932	82435
chrX	93600000	93700000	0.0006307460222965451	86640
chrX	93700000	93800000	0.0006724901478393313	79207
chrX	93800000	93900000	0.00046622048621011274	83504
chrX	93900000	94000000	0.00043597801203173586	79081
chrX	94000000	94100000	0.0005718410293484932	68599
chrX	94100000	94200000	0.0005342561890413098	81259
chrX	94200000	94300000	0.0007737343571205535	82929
chrX	94300000	94400000	0.0008071991381191174	79103
chrX	94400000	94500000	0.00085835927108734	80136
chrX	94500000	94600000	0.00023045709738252123	80477
chrX	94600000	94700000	0.00020682603065705227	83628
chrX	94700000	94800000	0.00018381579216848919	85075
chrX	94800000	94900000	0.00022977898398840747	76229
chrX	94900000	95000000	0.00017856889684459895	86842
chrX	95000000	95100000	0.0004771840342764106	78596
chrX	95100000	95200000	0.0008014425064499746	82344
chrX	95200000	95300000	0.0007837401249100362	79875
chrX	95300000	95400000	0.000512259092205766	73828
chrX	95400000	95500000	0.0002771287830656813	76776
chrX	95500000	95600000	0.0006363980705843859	66411
chrX	95600000	95700000	0.0004994343364379713	80332
chrX	95700000	95800000	0.0006072956809583307	72601
chrX	95800000	95900000	0.0006527825504131347	65373
chrX	95900000	96000000	0.0007788662588603476	29983
chrX	96000000	96100000	0.0	NA
chrX	96100000	96200000	0.0	NA
chrX	96200000	96300000	0.0	NA
chrX	96300000	96400000	0.0	NA
chrX	96400000	96500000	0.0	NA
chrX	96500000	96600000	0.0	NA
chrX	96600000	96700000	0.0	NA
chrX	96700000	96800000	0.0	NA
chrX	96800000	96900000	0.00020765495501241525	39876
chrX	96900000	97000000	0.0004188699620357674	83338
chrX	97000000	97100000	0.0006500580255566542	82586
chrX	97100000	97200000	0.0003763700799584348	80776
chrX	97200000	97300000	0.00022277601645544258	85277
chrX	97300000	97400000	0.00028768666580387205	81899
chrX	97400000	97500000	0.0002594309086565102	80460
chrX	97500000	97600000	0.00022014520231752798	79157
chrX	97600000	97700000	0.00046016274946976383	75053
chrX	97700000	97800000	0.00037598634586285775	83246
chrX	97800000	97900000	0.0006273654636039349	79038
chrX	97900000	98000000	0.00045155219646973607	74310
chrX	98000000	98100000	0.00033112994002737153	85181
chrX	98100000	98200000	0.0003900870537952097	79778
chrX	98200000	98300000	0.00042057094899182896	89955
chrX	98300000	98400000	0.0003609920028797012	86195
chrX	98400000	98500000	0.0003524739045221365	78522
chrX	98500000	98600000	9.85132175439688e-05	80628
chrX	98600000	98700000	9.357217552430484e-05	86591
chrX	98700000	98800000	8.180790023025743e-05	15641
chrX	98800000	98900000	0.0	NA
chrX	98900000	99000000	0.0	NA
chrX	99000000	99100000	0.0	NA
chrX	99100000	99200000	0.0002950230408098006	3687
chrX	99200000	99300000	0.0003086551978592471	88148
chrX	99300000	99400000	0.00020274787432715498	74942
chrX	99400000	99500000	0.0001980349226056896	42883
chrX	99500000	99600000	0.0	NA
chrX	99600000	99700000	0.0	NA
chrX	99700000	99800000	0.0	NA
chrX	99800000	99900000	0.0	NA
chrX	99900000	100000000	0.0	NA
chrX	100000000	100100000	0.0	NA
chrX	100100000	100200000	0.0	NA
chrX	100200000	100300000	0.0	NA
chrX	100300000	100400000	0.0	NA
chrX	100400000	100500000	0.0	NA
chrX	100500000	100600000	0.0	NA
chrX	100600000	100700000	0.0	NA
chrX	100700000	100800000	0.0	NA
chrX	100800000	100900000	0.0	NA
chrX	100900000	101000000	0.0	NA
chrX	101000000	101100000	0.0	NA
chrX	101100000	101200000	0.0	NA
chrX	101200000	101300000	0.0	NA
chrX	101300000	101400000	0.0	NA
chrX	101400000	101500000	0.0	NA
chrX	101500000	101600000	0.0	NA
chrX	101600000	101700000	0.0	NA
chrX	101700000	101800000	0.0	NA
chrX	101800000	101900000	0.0	NA
chrX	101900000	102000000	0.0	NA
chrX	102000000	102100000	0.0	NA
chrX	102100000	102200000	0.0	NA
chrX	102200000	102300000	0.0	NA
chrX	102300000	102400000	0.0	NA
chrX	102400000	102500000	0.0	NA
chrX	102500000	102600000	0.0	NA
chrX	102600000	102700000	0.0	NA
chrX	102700000	102800000	0.0	NA
chrX	102800000	102900000	0.0	NA
chrX	102900000	103000000	0.0	NA
chrX	103000000	103100000	0.0	NA
chrX	103100000	103200000	0.0	NA
chrX	103200000	103300000	0.0	NA
chrX	103300000	103400000	0.0	NA
chrX	103400000	103500000	0.0	NA
chrX	103500000	103600000	0.0	NA
chrX	103600000	103700000	0.0	NA
chrX	103700000	103800000	0.0	NA
chrX	103800000	103900000	0.0	NA
chrX	103900000	104000000	0.0	NA
chrX	104000000	104100000	0.0	NA
chrX	104100000	104200000	0.0	NA
chrX	104200000	104300000	0.0	NA
chrX	104300000	104400000	0.0	NA
chrX	104400000	104500000	0.0	NA
chrX	104500000	104600000	0.0	NA
chrX	104600000	104700000	0.0	NA
chrX	104700000	104800000	0.0	NA
chrX	104800000	104900000	0.0	NA
chrX	104900000	105000000	0.0	NA
chrX	105000000	105100000	0.0	NA
chrX	105100000	105200000	0.0	NA
chrX	105200000	105300000	0.0	NA
chrX	105300000	105400000	0.0	NA
chrX	105400000	105500000	0.0	NA
chrX	105500000	105600000	0.0	NA
chrX	105600000	105700000	0.0	NA
chrX	105700000	105800000	0.0	NA
chrX	105800000	105900000	0.0	NA
chrX	105900000	106000000	0.0	NA
chrX	106000000	106100000	0.0	NA
chrX	106100000	106200000	0.0	NA
chrX	106200000	106300000	0.0	NA
chrX	106300000	106400000	0.0	NA
chrX	106400000	106500000	0.0	NA
chrX	106500000	106600000	0.0	NA
chrX	106600000	106700000	0.0	NA
chrX	106700000	106800000	0.0	NA
chrX	106800000	106900000	0.0	NA
chrX	106900000	107000000	0.0	NA
chrX	107000000	107100000	0.0	NA
chrX	107100000	107200000	0.0	NA
chrX	107200000	107300000	0.0	NA
chrX	107300000	107400000	0.0	NA
chrX	107400000	107500000	0.0	NA
chrX	107500000	107600000	0.0	NA
chrX	107600000	107700000	0.0	NA
chrX	107700000	107800000	0.0	NA
chrX	107800000	107900000	0.0	NA
chrX	107900000	108000000	0.0	NA
chrX	108000000	108100000	0.0	NA
chrX	108100000	108200000	0.0	NA
chrX	108200000	108300000	0.0	NA
chrX	108300000	108400000	0.0	NA
chrX	108400000	108500000	0.0	NA
chrX	108500000	108600000	0.0	NA
chrX	108600000	108700000	0.0	NA
chrX	108700000	108800000	0.0	NA
chrX	108800000	108900000	0.0	NA
chrX	108900000	109000000	0.0	NA
chrX	109000000	109100000	0.0	NA
chrX	109100000	109200000	0.0	NA
chrX	109200000	109300000	0.0	NA
chrX	109300000	109400000	0.0	NA
chrX	109400000	109500000	0.0	NA
chrX	109500000	109600000	0.0	NA
chrX	109600000	109700000	0.0	NA
chrX	109700000	109800000	0.0	NA
chrX	109800000	109900000	0.0	NA
chrX	109900000	110000000	0.0	NA
chrX	110000000	110100000	0.0	NA
chrX	110100000	110200000	0.0	NA
chrX	110200000	110300000	0.0	NA
chrX	110300000	110400000	0.0	NA
chrX	110400000	110500000	0.0	NA
chrX	110500000	110600000	0.0	NA
chrX	110600000	110700000	0.0	NA
chrX	110700000	110800000	0.0	NA
chrX	110800000	110900000	0.0	NA
chrX	110900000	111000000	0.0	NA
chrX	111000000	111100000	0.0	NA
chrX	111100000	111200000	0.0	NA
chrX	111200000	111300000	0.0	NA
chrX	111300000	111400000	0.0	NA
chrX	111400000	111500000	0.0	NA
chrX	111500000	111600000	0.0	NA
chrX	111600000	111700000	0.0	NA
chrX	111700000	111800000	0.0007733677102009487	67021
chrX	111800000	111900000	0.0005218421874400843	50947
chrX	111900000	112000000	0.00017362023801802278	57531
chrX	112000000	112100000	0.00042179230681619435	28931
chrX	112100000	112200000	0.0005586682124064839	71251
chrX	112200000	112300000	0.0005522238097756042	68433
chrX	112300000	112400000	0.0	NA
chrX	112400000	112500000	0.0	NA
chrX	112500000	112600000	0.0	NA
chrX	112600000	112700000	0.0	NA
chrX	112700000	112800000	0.0005997376005773129	29177
chrX	112800000	112900000	0.0005677214904901312	48656
chrX	112900000	113000000	0.0	NA
chrX	113000000	113100000	0.0	NA
chrX	113100000	113200000	0.00031645899756926974	16190
chrX	113200000	113300000	0.0005753117128702059	73176
chrX	113300000	113400000	0.00045016914925520026	76626
chrX	113400000	113500000	0.0005558659858578542	84368
chrX	113500000	113600000	0.0006263928772005605	40927
chrX	113600000	113700000	0.0006712717934223814	83221
chrX	113700000	113800000	0.00035439454683294775	71662
chrX	113800000	113900000	0.0004394499951266253	16058
chrX	113900000	114000000	0.0	NA
chrX	114000000	114100000	0.0	NA
chrX	114100000	114200000	0.00032922899046525407	41507
chrX	114200000	114300000	0.00026781234421307534	72922
chrX	114300000	114400000	0.0002412675314953782	31462
chrX	114400000	114500000	0.00024606692876802367	23784
chrX	114500000	114600000	0.000381079261913998	67241
chrX	114600000	114700000	0.0005580515744940796	82924
chrX	114700000	114800000	0.0007178255351521727	38538
chrX	114800000	114900000	0.0003055619452207207	8330
chrX	114900000	115000000	0.0003193704774431555	26510
chrX	115000000	115100000	0.0007302638079363827	12512
chrX	115100000	115200000	0.00040228614940478083	65562
chrX	115200000	115300000	0.0006500291525218341	69242
chrX	115300000	115400000	0.0008504701003358573	71602
chrX	115400000	115500000	0.000791118216842734	80908
chrX	115500000	115600000	0.00045762193541337676	64329
chrX	115600000	115700000	0.0009579121263798014	61160
chrX	115700000	115800000	0.0007405828114152728	52435
chrX	115800000	115900000	0.0006122368390637976	74698
chrX	115900000	116000000	0.0006674269604876755	73119
chrX	116000000	116100000	0.0007078985899905492	76196
chrX	116100000	116200000	0.0006136382422206725	81446
chrX	116200000	116300000	0.0006990390709228322	78640
chrX	116300000	116400000	0.0007662513057058448	71475
chrX	116400000	116500000	0.0012139335171629743	70502
chrX	116500000	116600000	0.0018779951034165597	70238
chrX	116600000	116700000	0.0009772774562037479	74390
chrX	116700000	116800000	0.0006692333084001129	74679
chrX	116800000	116900000	0.0009017782655296134	73773
chrX	116900000	117000000	0.0005370476024973673	74148
chrX	117000000	117100000	0.0005537409321423339	22332
chrX	117100000	117200000	0.0	NA
chrX	117200000	117300000	0.00016665752687072358	40347
chrX	117300000	117400000	0.0007347791623997797	77294
chrX	117400000	117500000	0.0007730222369331572	49773
chrX	117500000	117600000	0.0008035203471654939	10631
chrX	117600000	117700000	0.0005683308821119332	14298
chrX	117700000	117800000	0.0	NA
chrX	117800000	117900000	0.0004550990486878406	26803
chrX	117900000	118000000	0.00059163782039981	29815
chrX	118000000	118100000	0.0005590781053688054	53000
chrX	118100000	118200000	0.0003305985738062532	39921
chrX	118200000	118300000	0.0002965015744687414	21133
chrX	118300000	118400000	0.00024168507671910787	72783
chrX	118400000	118500000	0.00015266276482950612	44581
chrX	118500000	118600000	0.0005821031562831351	26471
chrX	118600000	118700000	0.0005601905895509652	40897
chrX	118700000	118800000	0.00037398514811128595	13229
chrX	118800000	118900000	0.000873121928718586	36878
chrX	118900000	119000000	0.0006821817757667843	35385
chrX	119000000	119100000	0.0005386948269792819	25144
chrX	119100000	119200000	0.0005706339739633671	48826
chrX	119200000	119300000	0.00017310727243230952	1874
chrX	119300000	119400000	0.00028026176097886864	36215
chrX	119400000	119500000	0.0005420385314878119	38344
chrX	119500000	119600000	0.0008124838071521117	28773
chrX	119600000	119700000	0.0003303050699457753	36035
chrX	119700000	119800000	0.0003721937848429566	44851
chrX	119800000	119900000	0.0007956818588325366	78262
chrX	119900000	120000000	0.0004225437161353761	65493
chrX	120000000	120100000	0.00015529304860672426	4678
chrX	120100000	120200000	0.000258916227133571	61988
chrX	120200000	120300000	0.0005518062365920323	78949
chrX	120300000	120400000	0.0009926720782136506	78196
chrX	120400000	120500000	0.0010478860612621738	77432
chrX	120500000	120600000	0.0011166753475635278	77204
chrX	120600000	120700000	0.0005304601126550247	79432
chrX	120700000	120800000	0.0006354170055877502	88678
chrX	120800000	120900000	0.0006290382696164615	80903
chrX	120900000	121000000	0.0005907926605521484	79332
chrX	121000000	121100000	0.0007252972127124606	83464
chrX	121100000	121200000	0.0004360485107995423	79903
chrX	121200000	121300000	0.0005294179183162696	75811
chrX	121300000	121400000	0.0006801414100876241	74375
chrX	121400000	121500000	0.0005496249410025425	77267
chrX	121500000	121600000	0.0006134566666111648	81218
chrX	121600000	121700000	0.0004275312433152036	71563
chrX	121700000	121800000	0.0003527273798147775	84243
chrX	121800000	121900000	0.0007094087553490274	77265
chrX	121900000	122000000	0.0007506590414286344	85213
chrX	122000000	122100000	0.00048252052830314646	82171
chrX	122100000	122200000	0.0007191136920926854	76885
chrX	122200000	122300000	0.0008027116748048162	82119
chrX	122300000	122400000	0.0005373505087586133	17186
chrX	122400000	122500000	0.0	NA
chrX	122500000	122600000	0.0	NA
chrX	122600000	122700000	0.0005134585730748186	57093
chrX	122700000	122800000	0.0002327546936180166	21285
chrX	122800000	122900000	0.0002477190735085884	16884
chrX	122900000	123000000	0.0005058291816312382	37929
chrX	123000000	123100000	0.00039349680832633356	21411
chrX	123100000	123200000	0.0	NA
chrX	123200000	123300000	0.0005167327717243534	38450
chrX	123300000	123400000	0.0007002099953754453	74654
chrX	123400000	123500000	0.0004881325866052973	65027
chrX	123500000	123600000	0.00031726186875306677	2455
chrX	123600000	123700000	0.0	NA
chrX	123700000	123800000	0.0	NA
chrX	123800000	123900000	0.0	NA
chrX	123900000	124000000	0.0	NA
chrX	124000000	124100000	0.00047439056115812517	1941
chrX	124100000	124200000	0.0004699887131946682	80385
chrX	124200000	124300000	0.000559941543348533	87713
chrX	124300000	124400000	0.00022186708364730208	86602
chrX	124400000	124500000	0.0005842568415501778	75313
chrX	124500000	124600000	0.0008437851152072105	77644
chrX	124600000	124700000	0.0007745460430037609	78830
chrX	124700000	124800000	0.0008049606400548459	79090
chrX	124800000	124900000	0.0005605884593913855	84335
chrX	124900000	125000000	0.0005348320910357506	77285
chrX	125000000	125100000	0.0004978361493240082	77400
chrX	125100000	125200000	0.0006332254537289926	82061
chrX	125200000	125300000	0.0009060991686196693	68702
chrX	125300000	125400000	0.0006042386745847609	72324
chrX	125400000	125500000	0.0005933442925752986	76372
chrX	125500000	125600000	0.000567051323977276	73295
chrX	125600000	125700000	0.0007080411238485469	78103
chrX	125700000	125800000	0.00048286237947967785	84456
chrX	125800000	125900000	0.0007150271898794805	84984
chrX	125900000	126000000	0.0006940049102975303	76090
chrX	126000000	126100000	0.0008387168252948386	69628
chrX	126100000	126200000	0.0003456371276226821	82209
chrX	126200000	126300000	0.00040591664916329363	75685
chrX	126300000	126400000	0.0006331715887109746	66387
chrX	126400000	126500000	0.0008540417715200666	78716
chrX	126500000	126600000	0.0003558479815446277	80933
chrX	126600000	126700000	0.0007436754739441674	77666
chrX	126700000	126800000	0.0007955925965012076	77423
chrX	126800000	126900000	0.0006094024610815223	88719
chrX	126900000	127000000	0.0009825649929494401	71594
chrX	127000000	127100000	0.0005752468667366153	86740
chrX	127100000	127200000	0.0006618014703425929	82489
chrX	127200000	127300000	0.00048648740945268776	81487
chrX	127300000	127400000	0.00040405564351050926	78164
chrX	127400000	127500000	0.0002540572855352793	86911
chrX	127500000	127600000	0.00022964018893630318	76013
chrX	127600000	127700000	0.00015800943766137852	83845
chrX	127700000	127800000	0.00030142240672834824	82895
chrX	127800000	127900000	0.00037706411451942685	72823
chrX	127900000	128000000	0.00048787227003713245	71949
chrX	128000000	128100000	0.0004213303871463281	82544
chrX	128100000	128200000	0.0003309292631646673	76311
chrX	128200000	128300000	0.00018644607399094848	28145
chrX	128300000	128400000	0.0	NA
chrX	128400000	128500000	0.0	NA
chrX	128500000	128600000	0.0	NA
chrX	128600000	128700000	0.0	NA
chrX	128700000	128800000	0.0	NA
chrX	128800000	128900000	0.0	NA
chrX	128900000	129000000	0.0	NA
chrX	129000000	129100000	0.0	NA
chrX	129100000	129200000	0.0	NA
chrX	129200000	129300000	0.0	NA
chrX	129300000	129400000	0.0	NA
chrX	129400000	129500000	0.0	NA
chrX	129500000	129600000	0.0	NA
chrX	129600000	129700000	0.0	NA
chrX	129700000	129800000	0.0	NA
chrX	129800000	129900000	0.0	NA
chrX	129900000	130000000	0.0	NA
chrX	130000000	130100000	0.0	NA
chrX	130100000	130200000	0.0	NA
chrX	130200000	130300000	0.0	NA
chrX	130300000	130400000	0.0	NA
chrX	130400000	130500000	0.0	NA
chrX	130500000	130600000	0.0	NA
chrX	130600000	130700000	0.0	NA
chrX	130700000	130800000	0.0	NA
chrX	130800000	130900000	0.0	NA
chrX	130900000	131000000	0.0	NA
chrX	131000000	131100000	0.0	NA
chrX	131100000	131200000	0.0	NA
chrX	131200000	131300000	0.0	NA
chrX	131300000	131400000	0.0	NA
chrX	131400000	131500000	0.0	NA
chrX	131500000	131600000	0.0	NA
chrX	131600000	131700000	0.0	NA
chrX	131700000	131800000	0.0	NA
chrX	131800000	131900000	0.0	NA
chrX	131900000	132000000	0.0	NA
chrX	132000000	132100000	0.0	NA
chrX	132100000	132200000	0.0	NA
chrX	132200000	132300000	0.0	NA
chrX	132300000	132400000	0.0	NA
chrX	132400000	132500000	0.0	NA
chrX	132500000	132600000	0.0	NA
chrX	132600000	132700000	0.0	NA
chrX	132700000	132800000	0.0	NA
chrX	132800000	132900000	0.0	NA
chrX	132900000	133000000	0.0	NA
chrX	133000000	133100000	0.0	NA
chrX	133100000	133200000	0.0	NA
chrX	133200000	133300000	0.0	NA
chrX	133300000	133400000	0.0	NA
chrX	133400000	133500000	0.0	NA
chrX	133500000	133600000	0.0	NA
chrX	133600000	133700000	0.0	NA
chrX	133700000	133800000	0.0	NA
chrX	133800000	133900000	0.0	NA
chrX	133900000	134000000	0.0	NA
chrX	134000000	134100000	0.0	NA
chrX	134100000	134200000	0.0	NA
chrX	134200000	134300000	0.0	NA
chrX	134300000	134400000	0.0	NA
chrX	134400000	134500000	0.0	NA
chrX	134500000	134600000	0.0	NA
chrX	134600000	134700000	0.0	NA
chrX	134700000	134800000	0.0	NA
chrX	134800000	134900000	0.0	NA
chrX	134900000	135000000	0.0	NA
chrX	135000000	135100000	0.0	NA
chrX	135100000	135200000	0.0	NA
chrX	135200000	135300000	0.0	NA
chrX	135300000	135400000	0.0	NA
chrX	135400000	135500000	0.0	NA
chrX	135500000	135600000	0.0	NA
chrX	135600000	135700000	0.0	NA
chrX	135700000	135800000	0.0	NA
chrX	135800000	135900000	0.0	NA
chrX	135900000	136000000	0.0	NA
chrX	136000000	136100000	0.0	NA
chrX	136100000	136200000	0.0	NA
chrX	136200000	136300000	0.0	NA
chrX	136300000	136400000	0.0	NA
chrX	136400000	136500000	0.0	NA
chrX	136500000	136600000	0.0	NA
chrX	136600000	136700000	0.0	NA
chrX	136700000	136800000	0.00031903305261045384	2815
chrX	136800000	136900000	0.00046948312006542795	70269
chrX	136900000	137000000	0.0004301847772475475	83240
chrX	137000000	137100000	0.0006993975457136862	76557
chrX	137100000	137200000	0.0004091756935487812	69559
chrX	137200000	137300000	0.0004989422353156082	79877
chrX	137300000	137400000	0.0006880352721804433	70831
chrX	137400000	137500000	0.0005208370924364182	81591
chrX	137500000	137600000	0.00045092206434779053	80843
chrX	137600000	137700000	0.00016772067628418208	84750
chrX	137700000	137800000	0.00014641323174574406	11618
chrX	137800000	137900000	0.0	NA
chrX	137900000	138000000	0.0	NA
chrX	138000000	138100000	0.0	NA
chrX	138100000	138200000	0.0	NA
chrX	138200000	138300000	0.00037035267899504824	10876
chrX	138300000	138400000	0.0005069400838940628	82163
chrX	138400000	138500000	0.0008275919128965902	78737
chrX	138500000	138600000	0.0006386139657197218	73499
chrX	138600000	138700000	0.0004941865390300483	20843
chrX	138700000	138800000	0.00048399801109452246	8013
chrX	138800000	138900000	0.00024282888249803022	7085
chrX	138900000	139000000	0.0002311502432039081	63780
chrX	139000000	139100000	0.0005399550572313305	42201
chrX	139100000	139200000	0.0004436573901598046	70268
chrX	139200000	139300000	0.0004233614379780798	78120
chrX	139300000	139400000	0.00022231800221214282	63957
chrX	139400000	139500000	9.021537715507112e-05	76316
chrX	139500000	139600000	0.0001624639004367063	81907
chrX	139600000	139700000	0.0006159199600522442	85526
chrX	139700000	139800000	0.0003568533855533338	65512
chrX	139800000	139900000	0.0012311954892281587	34757
chrX	139900000	140000000	0.000615142647007767	83458
chrX	140000000	140100000	0.0006208249462248418	63624
chrX	140100000	140200000	0.0	NA
chrX	140200000	140300000	0.0005082742798598627	65869
chrX	140300000	140400000	0.0008017491308278122	53147
chrX	140400000	140500000	0.0006306662387786741	74746
chrX	140500000	140600000	0.0010216854640267587	45584
chrX	140600000	140700000	0.0	NA
chrX	140700000	140800000	0.0006650041791231834	29666
chrX	140800000	140900000	0.0007582367079642403	73662
chrX	140900000	141000000	0.000537497103077716	28070
chrX	141000000	141100000	0.0009913278891849526	81059
chrX	141100000	141200000	0.0011837922908015921	81718
chrX	141200000	141300000	0.0010888376849227993	70325
chrX	141300000	141400000	0.0007901476422152062	79200
chrX	141400000	141500000	0.0007323567617452676	70039
chrX	141500000	141600000	0.0007188450021423755	72042
chrX	141600000	141700000	0.000776917018195804	84230
chrX	141700000	141800000	0.0007746721075455881	81333
chrX	141800000	141900000	0.0004137727847338939	72238
chrX	141900000	142000000	0.0005819886587883215	74115
chrX	142000000	142100000	0.0006644660178226503	79354
chrX	142100000	142200000	0.000562557001110514	82860
chrX	142200000	142300000	0.0007259049746433939	85677
chrX	142300000	142400000	0.00045009703423709953	83784
chrX	142400000	142500000	0.0007063914977610769	82097
chrX	142500000	142600000	0.0005950813265806379	79563
chrX	142600000	142700000	0.0008907344988547415	74762
chrX	142700000	142800000	0.0006812470125568383	70084
chrX	142800000	142900000	0.0007634375700404914	72483
chrX	142900000	143000000	0.0005941136511508775	83030
chrX	143000000	143100000	0.0003802420231304988	79689
chrX	143100000	143200000	0.00017478818538374372	50308
chrX	143200000	143300000	0.0003377060116410832	3317
chrX	143300000	143400000	0.0010640386155771403	83346
chrX	143400000	143500000	0.0005914327479572727	80611
chrX	143500000	143600000	0.0007046964761799724	40018
chrX	143600000	143700000	0.0005468484094933856	85863
chrX	143700000	143800000	0.0009719397396502887	81404
chrX	143800000	143900000	0.000758493595609825	84151
chrX	143900000	144000000	0.0006255267735031149	84696
chrX	144000000	144100000	0.0008219845286573584	86463
chrX	144100000	144200000	0.0007360676302958099	83878
chrX	144200000	144300000	0.0008718330190395357	85733
chrX	144300000	144400000	0.0004466454924291566	76908
chrX	144400000	144500000	0.0003087526907885684	76452
chrX	144500000	144600000	0.0005852359568029465	79929
chrX	144600000	144700000	0.0008697822903825504	87538
chrX	144700000	144800000	0.0005134022211150102	87024
chrX	144800000	144900000	0.0005944308501726061	82454
chrX	144900000	145000000	0.0005713721538054668	75125
chrX	145000000	145100000	0.0006206154641731478	80131
chrX	145100000	145200000	0.0006582580280306752	78751
chrX	145200000	145300000	0.0005008874592373523	83307
chrX	145300000	145400000	0.0009014979706649284	76426
chrX	145400000	145500000	0.0004754255070379186	81886
chrX	145500000	145600000	0.0009680630573791818	83363
chrX	145600000	145700000	0.0008519538165210012	88228
chrX	145700000	145800000	0.00042035144937825706	80064
chrX	145800000	145900000	0.0007456758369931975	62280
chrX	145900000	146000000	0.0008207229358979498	72931
chrX	146000000	146100000	0.0006785082352814473	83332
chrX	146100000	146200000	0.0005521389858964646	84928
chrX	146200000	146300000	0.0003736928098201783	65998
chrX	146300000	146400000	0.0005551495692106418	70707
chrX	146400000	146500000	0.0006211370649977487	79162
chrX	146500000	146600000	0.0005243409758529282	82920
chrX	146600000	146700000	0.0008337576088198044	88267
chrX	146700000	146800000	0.00030333726967558713	83557
chrX	146800000	146900000	0.0003074475935954922	90871
chrX	146900000	147000000	0.0003963442234841302	68753
chrX	147000000	147100000	0.0004446457717667191	20925
chrX	147100000	147200000	0.0005020953047963089	77770
chrX	147200000	147300000	0.0005355787188467831	69302
chrX	147300000	147400000	0.000388645675713082	76285
chrX	147400000	147500000	0.0005824676112377319	72248
chrX	147500000	147600000	0.0004042104426884909	71667
chrX	147600000	147700000	0.0	NA
chrX	147700000	147800000	0.0	NA
chrX	147800000	147900000	0.0	NA
chrX	147900000	148000000	0.0	NA
chrX	148000000	148100000	0.0003287353176154876	16561
chrX	148100000	148200000	0.00040830008936946273	86056
chrX	148200000	148300000	0.00027938803982812234	74065
chrX	148300000	148400000	0.0004017997638892414	84756
chrX	148400000	148500000	0.00019242602391100595	79877
chrX	148500000	148600000	0.0004630508073222531	55149
chrX	148600000	148700000	0.0005022420087456001	12987
chrX	148700000	148800000	0.0004683184742818835	24016
chrX	148800000	148900000	0.00044445940323938987	32428
chrX	148900000	149000000	0.00027739600700691893	2418
chrX	149000000	149100000	4.71359559897518e-05	7879
chrX	149100000	149200000	0.00010234974356561424	11561
chrX	149200000	149300000	0.00010101313259612791	80591
chrX	149300000	149400000	0.00023909164065717938	80536
chrX	149400000	149500000	0.00035001124014112314	89618
chrX	149500000	149600000	0.0002651073071525879	27724
chrX	149600000	149700000	0.0010589797185998548	13685
chrX	149700000	149800000	0.00050418648038895	31273
chrX	149800000	149900000	0.00047523709891419085	17578
chrX	149900000	150000000	0.0004761163361531262	1010
chrX	150000000	150100000	0.0002841705284177085	25319
chrX	150100000	150200000	0.0007197504432234634	60222
chrX	150200000	150300000	0.0008702172662584767	75496
chrX	150300000	150400000	0.0007860923958059319	69505
chrX	150400000	150500000	0.000657558847232586	78099
chrX	150500000	150600000	0.0005259492038260031	71549
chrX	150600000	150700000	0.0004429190808175102	78061
chrX	150700000	150800000	0.0001715099548391031	16602
chrX	150800000	150900000	0.0007832394733443315	38240
chrX	150900000	151000000	0.0005257294553418253	81420
chrX	151000000	151100000	0.00048287852554378824	77446
chrX	151100000	151200000	0.0004489565401386894	62385
chrX	151200000	151300000	0.0006881584506641623	64938
chrX	151300000	151400000	0.0006978231378673405	26120
chrX	151400000	151500000	0.0	NA
chrX	151500000	151600000	0.0	NA
chrX	151600000	151700000	0.0	NA
chrX	151700000	151800000	0.0	NA
chrX	151800000	151900000	0.0	NA
chrX	151900000	152000000	0.0	NA
chrX	152000000	152100000	0.0	NA
chrX	152100000	152200000	0.0	NA
chrX	152200000	152300000	0.0	NA
chrX	152300000	152400000	0.0	NA
chrX	152400000	152500000	0.0	NA
chrX	152500000	152600000	0.0	NA
chrX	152600000	152700000	0.0	NA
chrX	152700000	152800000	0.0	NA
chrX	152800000	152900000	0.0	NA
chrX	152900000	153000000	0.0	NA
chrX	153000000	153100000	0.0	NA
chrX	153100000	153200000	0.0	NA
chrX	153200000	153300000	0.0	NA
chrX	153300000	153400000	0.0	NA
chrX	153400000	153500000	0.0	NA
chrX	153500000	153600000	0.0	NA
chrX	153600000	153700000	0.0	NA
chrX	153700000	153800000	0.0	NA
chrX	153800000	153900000	0.0	NA
chrX	153900000	154000000	0.0	NA
chrX	154000000	154100000	0.0	NA
chrX	154100000	154200000	0.0	NA
chrX	154200000	154300000	0.0	NA
chrX	154300000	154400000	0.0	NA
chrX	154400000	154500000	0.0	NA
chrX	154500000	154600000	0.0	NA
chrX	154600000	154700000	0.0	NA
chrX	154700000	154800000	0.0	NA
chrX	154800000	154900000	0.0	NA
chrX	154900000	155000000	0.0	NA
chrX	155000000	155100000	0.0	NA
chrX	155100000	155200000	0.0004084665811691735	19719
chrX	155200000	155270560	0.0007165255598376831	12695
