chrX	0	100000	0.003913817906890051	1456
chrX	100000	200000	0.002375539430576868	4965
chrX	200000	300000	0.003896736954297242	2964
chrX	300000	400000	0.002154391699511625	15533
chrX	400000	500000	0.002408725394789597	29352
chrX	500000	600000	0.002386788337338004	30548
chrX	600000	700000	0.002254343307883637	32131
chrX	700000	800000	0.0023609552745528185	42139
chrX	800000	900000	0.0015370432394968686	28095
chrX	900000	1000000	0.0018194665728364528	33413
chrX	1000000	1100000	0.0016002194263063836	10800
chrX	1100000	1200000	0.0	NA
chrX	1200000	1300000	0.001941627768365272	14837
chrX	1300000	1400000	0.0014435291808774162	11710
chrX	1400000	1500000	0.0024538567781011798	3621
chrX	1500000	1600000	0.0014677043662550899	5994
chrX	1600000	1700000	0.0020538872954628785	13016
chrX	1700000	1800000	0.0021318825355559116	15723
chrX	1800000	1900000	0.0016969745776108476	33177
chrX	1900000	2000000	0.001568532143017263	42559
chrX	2000000	2100000	0.0018919465518565427	27331
chrX	2100000	2200000	0.0021126733188989995	5654
chrX	2200000	2300000	0.0	NA
chrX	2300000	2400000	0.0	NA
chrX	2400000	2500000	0.0015495108724536961	45281
chrX	2500000	2600000	0.0012444262629415532	31936
chrX	2600000	2700000	0.0013890107207280972	9973
chrX	2700000	2800000	0.0011666413269120417	6527
chrX	2800000	2900000	0.0013848782072974006	22760
chrX	2900000	3000000	0.0009154251525680171	18211
chrX	3000000	3100000	0.0012635029627629552	41962
chrX	3100000	3200000	0.0013106174774514118	67756
chrX	3200000	3300000	0.0016674777718572375	40676
chrX	3300000	3400000	0.0009702574413308466	66600
chrX	3400000	3500000	0.0008572423279660035	62692
chrX	3500000	3600000	0.0007090051830053902	14266
chrX	3600000	3700000	0.0012758950185128867	32614
chrX	3700000	3800000	0.0011711682707300415	21192
chrX	3800000	3900000	0.0007544789524129648	25561
chrX	3900000	4000000	0.001328558657832352	78839
chrX	4000000	4100000	0.0007939798274226728	79245
chrX	4100000	4200000	0.0013821594987596447	79718
chrX	4200000	4300000	0.0013549757218083275	84113
chrX	4300000	4400000	0.0008487453629489696	79369
chrX	4400000	4500000	0.0006241175033397026	77637
chrX	4500000	4600000	0.000991035594130185	75731
chrX	4600000	4700000	0.0010098425861289778	73578
chrX	4700000	4800000	0.0008852090166455908	76081
chrX	4800000	4900000	0.0007308105892534621	77400
chrX	4900000	5000000	0.0010878169089747587	79951
chrX	5000000	5100000	0.0012501119033216687	74083
chrX	5100000	5200000	0.0007735918946716342	78953
chrX	5200000	5300000	0.0009514092342692567	81913
chrX	5300000	5400000	0.0013984635102647495	80640
chrX	5400000	5500000	0.0012763638196624312	79923
chrX	5500000	5600000	0.0012298664346514954	82766
chrX	5600000	5700000	0.0011351714467845672	76600
chrX	5700000	5800000	0.0008826568747663736	79391
chrX	5800000	5900000	0.0007113023607842785	6848
chrX	5900000	6000000	0.0	NA
chrX	6000000	6100000	0.0	NA
chrX	6100000	6200000	0.0006733606365863582	40080
chrX	6200000	6300000	0.0006832436641952094	79340
chrX	6300000	6400000	0.0009664954508463993	81858
chrX	6400000	6500000	0.0008508393973670082	76866
chrX	6500000	6600000	0.0007277687482806441	79199
chrX	6600000	6700000	0.000721378753780264	80898
chrX	6700000	6800000	0.0007591925642515951	84914
chrX	6800000	6900000	0.0007814095826891822	73474
chrX	6900000	7000000	0.000511078318634114	30759
chrX	7000000	7100000	0.0	NA
chrX	7100000	7200000	0.0	NA
chrX	7200000	7300000	0.00027145740350010113	22227
chrX	7300000	7400000	0.0006331596091732674	85565
chrX	7400000	7500000	0.000495743183835629	79549
chrX	7500000	7600000	0.0007261377811873682	81085
chrX	7600000	7700000	0.0011894042295208555	39189
chrX	7700000	7800000	0.0005065112863917961	88353
chrX	7800000	7900000	0.0009061632420451337	55024
chrX	7900000	8000000	0.0005828048098640207	79564
chrX	8000000	8100000	0.0005676875383822663	84815
chrX	8100000	8200000	0.0005620209385572474	69704
chrX	8200000	8300000	0.0008599651297971675	83886
chrX	8300000	8400000	0.0008092612790959934	84731
chrX	8400000	8500000	0.0008688004302231299	60611
chrX	8500000	8600000	0.0	NA
chrX	8600000	8700000	0.0	NA
chrX	8700000	8800000	0.0006886822082893098	64184
chrX	8800000	8900000	0.0007527937738424017	92359
chrX	8900000	9000000	0.000770160077967987	64487
chrX	9000000	9100000	0.0006573801804908243	81408
chrX	9100000	9200000	0.0004927952163786237	86934
chrX	9200000	9300000	0.0007921601797052486	81300
chrX	9300000	9400000	0.0007480895316583594	65299
chrX	9400000	9500000	0.0006796850402029603	22404
chrX	9500000	9600000	0.0	NA
chrX	9600000	9700000	0.0010867528299653394	5219
chrX	9700000	9800000	0.0007073593112697122	11848
chrX	9800000	9900000	0.0	NA
chrX	9900000	10000000	0.0011825894197144654	44001
chrX	10000000	10100000	0.0	NA
chrX	10100000	10200000	0.0010567373547606192	8765
chrX	10200000	10300000	0.0010026706284662738	29283
chrX	10300000	10400000	0.0	NA
chrX	10400000	10500000	0.0	NA
chrX	10500000	10600000	0.0	NA
chrX	10600000	10700000	0.0	NA
chrX	10700000	10800000	0.0	NA
chrX	10800000	10900000	0.0	NA
chrX	10900000	11000000	0.0	NA
chrX	11000000	11100000	0.0	NA
chrX	11100000	11200000	0.0	NA
chrX	11200000	11300000	0.0	NA
chrX	11300000	11400000	0.0	NA
chrX	11400000	11500000	0.0	NA
chrX	11500000	11600000	0.0	NA
chrX	11600000	11700000	0.0	NA
chrX	11700000	11800000	0.0	NA
chrX	11800000	11900000	0.0	NA
chrX	11900000	12000000	0.0	NA
chrX	12000000	12100000	0.0	NA
chrX	12100000	12200000	0.0	NA
chrX	12200000	12300000	0.0	NA
chrX	12300000	12400000	0.0	NA
chrX	12400000	12500000	0.0	NA
chrX	12500000	12600000	0.0	NA
chrX	12600000	12700000	0.0	NA
chrX	12700000	12800000	0.0009141959659647791	43811
chrX	12800000	12900000	0.0012436686191380115	25947
chrX	12900000	13000000	0.0009234325011379423	35930
chrX	13000000	13100000	0.0007517351661447438	74039
chrX	13100000	13200000	0.0003517687651346854	80230
chrX	13200000	13300000	0.0005273862254740777	83862
chrX	13300000	13400000	0.0003475847560850667	73450
chrX	13400000	13500000	0.0010255800949509086	78761
chrX	13500000	13600000	0.0007565692649211616	74737
chrX	13600000	13700000	0.0010823748254892782	22874
chrX	13700000	13800000	0.00069360378918544	9371
chrX	13800000	13900000	0.0	NA
chrX	13900000	14000000	0.0005615952605167439	29364
chrX	14000000	14100000	0.0007077553436115185	65754
chrX	14100000	14200000	0.000796763003809478	79481
chrX	14200000	14300000	0.000540864456361049	74794
chrX	14300000	14400000	0.000660027838159482	79874
chrX	14400000	14500000	0.0004786371043161748	80841
chrX	14500000	14600000	0.0003190842432942976	42635
chrX	14600000	14700000	0.0	NA
chrX	14700000	14800000	0.0004214420822695832	38657
chrX	14800000	14900000	0.0005081149426621088	48752
chrX	14900000	15000000	0.0007309731579426705	42771
chrX	15000000	15100000	0.0006075647161184366	80872
chrX	15100000	15200000	0.0005585866892203403	82204
chrX	15200000	15300000	0.000761276057864616	58956
chrX	15300000	15400000	0.0005907697752226555	11373
chrX	15400000	15500000	0.0	NA
chrX	15500000	15600000	0.0004259363295394031	10123
chrX	15600000	15700000	0.0006794373818178984	13653
chrX	15700000	15800000	0.0004150778668560184	23510
chrX	15800000	15900000	0.0005036703293773012	26088
chrX	15900000	16000000	0.0005500405136060379	81552
chrX	16000000	16100000	0.0004519279912941819	82768
chrX	16100000	16200000	0.000730350423990889	53837
chrX	16200000	16300000	0.0007136080771132714	72067
chrX	16300000	16400000	0.0009391467953898301	72354
chrX	16400000	16500000	0.000562619263274938	84033
chrX	16500000	16600000	0.0007891891535872147	70365
chrX	16600000	16700000	0.00034440527626770326	3618
chrX	16700000	16800000	0.0005814007659192802	12512
chrX	16800000	16900000	0.0003781706419234111	11521
chrX	16900000	17000000	0.0006424682549820427	32283
chrX	17000000	17100000	0.0	NA
chrX	17100000	17200000	0.0	NA
chrX	17200000	17300000	0.0	NA
chrX	17300000	17400000	0.0	NA
chrX	17400000	17500000	0.0	NA
chrX	17500000	17600000	0.0	NA
chrX	17600000	17700000	0.0	NA
chrX	17700000	17800000	0.0	NA
chrX	17800000	17900000	0.0	NA
chrX	17900000	18000000	0.0	NA
chrX	18000000	18100000	0.0	NA
chrX	18100000	18200000	0.0	NA
chrX	18200000	18300000	0.0	NA
chrX	18300000	18400000	0.0	NA
chrX	18400000	18500000	0.0	NA
chrX	18500000	18600000	0.0	NA
chrX	18600000	18700000	0.0	NA
chrX	18700000	18800000	0.0	NA
chrX	18800000	18900000	0.0006243930383748241	32737
chrX	18900000	19000000	0.0004973953793798336	7954
chrX	19000000	19100000	5.270007805183363e-05	4116
chrX	19100000	19200000	0.0007698403671856472	39110
chrX	19200000	19300000	0.0009744021287916975	73116
chrX	19300000	19400000	0.001108148513478107	2790
chrX	19400000	19500000	0.0	NA
chrX	19500000	19600000	0.0	NA
chrX	19600000	19700000	0.0	NA
chrX	19700000	19800000	0.0	NA
chrX	19800000	19900000	0.0	NA
chrX	19900000	20000000	0.0	NA
chrX	20000000	20100000	0.0	NA
chrX	20100000	20200000	0.0	NA
chrX	20200000	20300000	0.0	NA
chrX	20300000	20400000	0.0	NA
chrX	20400000	20500000	0.0	NA
chrX	20500000	20600000	0.0	NA
chrX	20600000	20700000	0.0	NA
chrX	20700000	20800000	0.0	NA
chrX	20800000	20900000	0.0	NA
chrX	20900000	21000000	0.0	NA
chrX	21000000	21100000	0.0	NA
chrX	21100000	21200000	0.0	NA
chrX	21200000	21300000	0.0	NA
chrX	21300000	21400000	0.0	NA
chrX	21400000	21500000	0.0	NA
chrX	21500000	21600000	0.0	NA
chrX	21600000	21700000	0.0	NA
chrX	21700000	21800000	0.0	NA
chrX	21800000	21900000	0.0	NA
chrX	21900000	22000000	0.0	NA
chrX	22000000	22100000	0.0	NA
chrX	22100000	22200000	0.0	NA
chrX	22200000	22300000	0.0	NA
chrX	22300000	22400000	0.0	NA
chrX	22400000	22500000	0.0	NA
chrX	22500000	22600000	0.0	NA
chrX	22600000	22700000	0.0	NA
chrX	22700000	22800000	0.0	NA
chrX	22800000	22900000	0.0	NA
chrX	22900000	23000000	0.0	NA
chrX	23000000	23100000	0.0	NA
chrX	23100000	23200000	0.0	NA
chrX	23200000	23300000	0.0	NA
chrX	23300000	23400000	0.0007728527499759265	38178
chrX	23400000	23500000	0.000728356717044265	60203
chrX	23500000	23600000	0.0004928874954163841	72295
chrX	23600000	23700000	0.0016870040880423757	61975
chrX	23700000	23800000	0.001163280235438408	25799
chrX	23800000	23900000	0.000689944789323671	25641
chrX	23900000	24000000	0.0006947231378863075	23844
chrX	24000000	24100000	0.0005011569123580914	10384
chrX	24100000	24200000	0.0006561866483623342	32863
chrX	24200000	24300000	0.0008091559175435082	44739
chrX	24300000	24400000	0.0005604420234177883	68865
chrX	24400000	24500000	0.0005808426253226506	63323
chrX	24500000	24600000	0.0002460263426734129	6730
chrX	24600000	24700000	0.0001809469231306066	7120
chrX	24700000	24800000	0.00015442459172362714	8397
chrX	24800000	24900000	0.0	NA
chrX	24900000	25000000	0.0	NA
chrX	25000000	25100000	0.000348606136834262	56512
chrX	25100000	25200000	0.00038587011733546927	78985
chrX	25200000	25300000	0.0006867135972389336	85156
chrX	25300000	25400000	0.00034778318001064745	65743
chrX	25400000	25500000	0.00022638397705310208	80410
chrX	25500000	25600000	0.0005767198971841038	86307
chrX	25600000	25700000	0.0006573483032970176	91717
chrX	25700000	25800000	0.000844083854213401	79346
chrX	25800000	25900000	0.0007741356325262299	84625
chrX	25900000	26000000	0.0010179594629352083	75396
chrX	26000000	26100000	0.0007811277794925361	81360
chrX	26100000	26200000	0.0009150546390854801	73080
chrX	26200000	26300000	0.000669096763524217	74608
chrX	26300000	26400000	0.0008976538870483409	71017
chrX	26400000	26500000	0.0006709699038477567	84539
chrX	26500000	26600000	0.0008006111297375113	75100
chrX	26600000	26700000	0.0005788797744438128	85836
chrX	26700000	26800000	0.0005521805792794177	81441
chrX	26800000	26900000	0.00067264485473494	85563
chrX	26900000	27000000	0.0010098717448233738	86586
chrX	27000000	27100000	0.0009613961303738143	78634
chrX	27100000	27200000	0.000749788652028348	75843
chrX	27200000	27300000	0.000699127525462121	81114
chrX	27300000	27400000	0.0008608757734329544	74297
chrX	27400000	27500000	0.0010415093607499893	78903
chrX	27500000	27600000	0.0007789329660187901	75188
chrX	27600000	27700000	0.0007769916791410035	82222
chrX	27700000	27800000	0.0007274944142163672	81185
chrX	27800000	27900000	0.000574333245312912	75740
chrX	27900000	28000000	0.0005991984585846602	83629
chrX	28000000	28100000	0.0006980845063140091	87563
chrX	28100000	28200000	0.0004542910433341393	80671
chrX	28200000	28300000	0.0006619128232381942	83213
chrX	28300000	28400000	0.0005407276969460372	81454
chrX	28400000	28500000	0.0008158130427043409	74206
chrX	28500000	28600000	0.0008288814449550404	79862
chrX	28600000	28700000	0.00035954645499114044	5532
chrX	28700000	28800000	0.0	NA
chrX	28800000	28900000	0.0	NA
chrX	28900000	29000000	0.0	NA
chrX	29000000	29100000	0.0	NA
chrX	29100000	29200000	0.0	NA
chrX	29200000	29300000	0.0	NA
chrX	29300000	29400000	0.0	NA
chrX	29400000	29500000	0.0	NA
chrX	29500000	29600000	0.0	NA
chrX	29600000	29700000	0.0	NA
chrX	29700000	29800000	0.0	NA
chrX	29800000	29900000	0.0	NA
chrX	29900000	30000000	0.00026599156231756895	17886
chrX	30000000	30100000	0.0005313987710179746	75211
chrX	30100000	30200000	0.0006452818621205532	82088
chrX	30200000	30300000	0.0006720182883798518	68485
chrX	30300000	30400000	0.0007518665065394898	77006
chrX	30400000	30500000	0.0010150172638822036	81302
chrX	30500000	30600000	0.0010018627123261612	61425
chrX	30600000	30700000	0.0006727630469458829	46509
chrX	30700000	30800000	0.0005768256540411447	29646
chrX	30800000	30900000	0.00043337480908410943	20458
chrX	30900000	31000000	0.0008603109831199319	81314
chrX	31000000	31100000	0.000854527995504626	79204
chrX	31100000	31200000	0.0004064270141092185	32605
chrX	31200000	31300000	0.0	NA
chrX	31300000	31400000	0.0	NA
chrX	31400000	31500000	0.0	NA
chrX	31500000	31600000	0.0	NA
chrX	31600000	31700000	0.0	NA
chrX	31700000	31800000	0.0	NA
chrX	31800000	31900000	0.0	NA
chrX	31900000	32000000	0.0	NA
chrX	32000000	32100000	0.0	NA
chrX	32100000	32200000	0.0	NA
chrX	32200000	32300000	0.0	NA
chrX	32300000	32400000	0.0	NA
chrX	32400000	32500000	0.0	NA
chrX	32500000	32600000	0.0	NA
chrX	32600000	32700000	0.0	NA
chrX	32700000	32800000	0.0	NA
chrX	32800000	32900000	0.0	NA
chrX	32900000	33000000	0.0	NA
chrX	33000000	33100000	0.0	NA
chrX	33100000	33200000	0.0	NA
chrX	33200000	33300000	0.0	NA
chrX	33300000	33400000	0.000520066009196444	32560
chrX	33400000	33500000	0.000691021392278696	84705
chrX	33500000	33600000	0.0008120935436794506	81055
chrX	33600000	33700000	0.0007306838673625166	84563
chrX	33700000	33800000	0.0006622157543541808	84785
chrX	33800000	33900000	0.0008176299481720753	85057
chrX	33900000	34000000	0.0007402589147057361	84549
chrX	34000000	34100000	0.0006265877420557955	91089
chrX	34100000	34200000	0.0007990857928453034	76290
chrX	34200000	34300000	0.0007800528515404199	83539
chrX	34300000	34400000	0.0008742063554304635	84866
chrX	34400000	34500000	0.0008296748964406152	74386
chrX	34500000	34600000	0.0008269441210023654	83698
chrX	34600000	34700000	0.0006093405103094034	62606
chrX	34700000	34800000	0.0008392057070134133	85644
chrX	34800000	34900000	0.0008501881743519323	79295
chrX	34900000	35000000	0.000723116730935874	85031
chrX	35000000	35100000	0.0007035316378101213	84520
chrX	35100000	35200000	0.0003182053900910968	83989
chrX	35200000	35300000	0.0003434047910065518	82838
chrX	35300000	35400000	0.0004106477196558307	83294
chrX	35400000	35500000	0.0002843989079397055	83693
chrX	35500000	35600000	0.0003373610540330376	79453
chrX	35600000	35700000	0.0007850418450122107	72509
chrX	35700000	35800000	0.0006566429754868551	87814
chrX	35800000	35900000	0.00121015212125019	79834
chrX	35900000	36000000	0.0007011160649647208	28989
chrX	36000000	36100000	0.0	NA
chrX	36100000	36200000	0.0	NA
chrX	36200000	36300000	0.0	NA
chrX	36300000	36400000	0.0	NA
chrX	36400000	36500000	0.0006488493499030682	31231
chrX	36500000	36600000	0.0007837249718790326	87048
chrX	36600000	36700000	0.0011462088111339195	84166
chrX	36700000	36800000	0.0008502313232829237	83505
chrX	36800000	36900000	0.0007187318823150568	90691
chrX	36900000	37000000	0.0005274572402564848	78143
chrX	37000000	37100000	0.0005653444132585123	51870
chrX	37100000	37200000	0.0009393944444326308	38644
chrX	37200000	37300000	0.0008036512773120941	8119
chrX	37300000	37400000	0.0008225621316348197	41133
chrX	37400000	37500000	0.0004154434762906302	13968
chrX	37500000	37600000	0.0003517349442778968	15052
chrX	37600000	37700000	0.0005800801035656956	49342
chrX	37700000	37800000	0.0009052777123189851	78306
chrX	37800000	37900000	0.000867320148599378	53127
chrX	37900000	38000000	0.0005110513594696388	11123
chrX	38000000	38100000	0.0006334177922005324	25187
chrX	38100000	38200000	0.000624259366592467	33111
chrX	38200000	38300000	0.0010346670561778874	25710
chrX	38300000	38400000	0.0007239414635409299	39860
chrX	38400000	38500000	0.0	NA
chrX	38500000	38600000	0.0	NA
chrX	38600000	38700000	0.0	NA
chrX	38700000	38800000	0.0	NA
chrX	38800000	38900000	0.0	NA
chrX	38900000	39000000	0.0	NA
chrX	39000000	39100000	0.0	NA
chrX	39100000	39200000	0.0	NA
chrX	39200000	39300000	0.0	NA
chrX	39300000	39400000	0.0	NA
chrX	39400000	39500000	0.0	NA
chrX	39500000	39600000	0.0	NA
chrX	39600000	39700000	0.0	NA
chrX	39700000	39800000	0.0	NA
chrX	39800000	39900000	0.0	NA
chrX	39900000	40000000	0.0	NA
chrX	40000000	40100000	0.0	NA
chrX	40100000	40200000	0.0	NA
chrX	40200000	40300000	0.0	NA
chrX	40300000	40400000	0.0	NA
chrX	40400000	40500000	0.0	NA
chrX	40500000	40600000	0.0	NA
chrX	40600000	40700000	0.0	NA
chrX	40700000	40800000	0.0	NA
chrX	40800000	40900000	0.0	NA
chrX	40900000	41000000	0.0	NA
chrX	41000000	41100000	0.0	NA
chrX	41100000	41200000	0.0	NA
chrX	41200000	41300000	0.0013070351323044068	12017
chrX	41300000	41400000	0.0007080685522322225	25399
chrX	41400000	41500000	0.0	NA
chrX	41500000	41600000	0.0	NA
chrX	41600000	41700000	0.0	NA
chrX	41700000	41800000	0.00010171256256855106	14731
chrX	41800000	41900000	0.0003530584513821767	80598
chrX	41900000	42000000	0.0006521296659135496	88976
chrX	42000000	42100000	0.0005073095787972451	79880
chrX	42100000	42200000	0.0005648590720027248	79572
chrX	42200000	42300000	0.00048467995187513873	80006
chrX	42300000	42400000	0.000490033199928432	83348
chrX	42400000	42500000	0.0003542198792088449	81275
chrX	42500000	42600000	0.0007582113692960072	79932
chrX	42600000	42700000	0.0007515248912444894	81058
chrX	42700000	42800000	0.0008248602028569859	79569
chrX	42800000	42900000	0.0009963368680649767	84428
chrX	42900000	43000000	0.0007106217699575291	89394
chrX	43000000	43100000	0.0005054663251441975	44692
chrX	43100000	43200000	0.0004091770874236445	76557
chrX	43200000	43300000	0.0003022817393123091	86165
chrX	43300000	43400000	0.0006412017751228821	85402
chrX	43400000	43500000	0.0006660779601122047	77829
chrX	43500000	43600000	0.0006571229397316355	9768
chrX	43600000	43700000	0.0006764389514851139	17236
chrX	43700000	43800000	0.00022292470355356374	48087
chrX	43800000	43900000	0.0005698348541551135	61576
chrX	43900000	44000000	0.00050948511510089	82612
chrX	44000000	44100000	0.00042603308303791403	6075
chrX	44100000	44200000	0.0	NA
chrX	44200000	44300000	0.0007600664364700751	68152
chrX	44300000	44400000	0.0006785885595322663	50725
chrX	44400000	44500000	0.0008409090942322641	45746
chrX	44500000	44600000	0.0005698087882734978	61365
chrX	44600000	44700000	0.0007589668883248097	47804
chrX	44700000	44800000	0.0006886615785556148	18821
chrX	44800000	44900000	0.0	NA
chrX	44900000	45000000	0.0005247826019519127	21963
chrX	45000000	45100000	0.0008494603644220068	38914
chrX	45100000	45200000	0.0007238059295075017	85322
chrX	45200000	45300000	0.0007405761029458984	85326
chrX	45300000	45400000	0.000591147606442369	61223
chrX	45400000	45500000	0.0005596245601436235	84098
chrX	45500000	45600000	0.0007336374540011753	76303
chrX	45600000	45700000	0.0005889168061580215	84474
chrX	45700000	45800000	0.0004484631494696551	74446
chrX	45800000	45900000	0.0006912365967177694	78444
chrX	45900000	46000000	0.00040416766677344834	21486
chrX	46000000	46100000	0.0	NA
chrX	46100000	46200000	0.0	NA
chrX	46200000	46300000	0.0	NA
chrX	46300000	46400000	0.0	NA
chrX	46400000	46500000	0.0	NA
chrX	46500000	46600000	0.0	NA
chrX	46600000	46700000	0.0	NA
chrX	46700000	46800000	0.0	NA
chrX	46800000	46900000	0.0	NA
chrX	46900000	47000000	0.0	NA
chrX	47000000	47100000	0.0	NA
chrX	47100000	47200000	0.0	NA
chrX	47200000	47300000	0.0	NA
chrX	47300000	47400000	0.0	NA
chrX	47400000	47500000	0.0	NA
chrX	47500000	47600000	0.0	NA
chrX	47600000	47700000	0.0	NA
chrX	47700000	47800000	0.0	NA
chrX	47800000	47900000	0.0	NA
chrX	47900000	48000000	0.0	NA
chrX	48000000	48100000	0.0	NA
chrX	48100000	48200000	0.0	NA
chrX	48200000	48300000	0.0	NA
chrX	48300000	48400000	0.0	NA
chrX	48400000	48500000	0.0	NA
chrX	48500000	48600000	0.0	NA
chrX	48600000	48700000	0.0	NA
chrX	48700000	48800000	0.0	NA
chrX	48800000	48900000	0.0	NA
chrX	48900000	49000000	0.0	NA
chrX	49000000	49100000	0.0	NA
chrX	49100000	49200000	0.0	NA
chrX	49200000	49300000	0.0	NA
chrX	49300000	49400000	0.0	NA
chrX	49400000	49500000	0.0	NA
chrX	49500000	49600000	0.0	NA
chrX	49600000	49700000	0.0	NA
chrX	49700000	49800000	0.0	NA
chrX	49800000	49900000	0.0	NA
chrX	49900000	50000000	0.0	NA
chrX	50000000	50100000	0.0	NA
chrX	50100000	50200000	0.0	NA
chrX	50200000	50300000	0.0	NA
chrX	50300000	50400000	0.0	NA
chrX	50400000	50500000	0.0	NA
chrX	50500000	50600000	0.0	NA
chrX	50600000	50700000	0.0	NA
chrX	50700000	50800000	0.0	NA
chrX	50800000	50900000	0.0	NA
chrX	50900000	51000000	0.0	NA
chrX	51000000	51100000	0.0	NA
chrX	51100000	51200000	0.0	NA
chrX	51200000	51300000	0.0	NA
chrX	51300000	51400000	0.0	NA
chrX	51400000	51500000	0.0	NA
chrX	51500000	51600000	0.0	NA
chrX	51600000	51700000	0.0	NA
chrX	51700000	51800000	0.0	NA
chrX	51800000	51900000	0.0	NA
chrX	51900000	52000000	0.0	NA
chrX	52000000	52100000	0.0	NA
chrX	52100000	52200000	0.0	NA
chrX	52200000	52300000	0.0	NA
chrX	52300000	52400000	0.0	NA
chrX	52400000	52500000	0.0	NA
chrX	52500000	52600000	0.0	NA
chrX	52600000	52700000	0.0	NA
chrX	52700000	52800000	0.0	NA
chrX	52800000	52900000	0.0	NA
chrX	52900000	53000000	0.0	NA
chrX	53000000	53100000	0.0	NA
chrX	53100000	53200000	0.0	NA
chrX	53200000	53300000	0.0	NA
chrX	53300000	53400000	0.0	NA
chrX	53400000	53500000	0.0	NA
chrX	53500000	53600000	0.0	NA
chrX	53600000	53700000	0.0	NA
chrX	53700000	53800000	0.0	NA
chrX	53800000	53900000	0.0	NA
chrX	53900000	54000000	0.0	NA
chrX	54000000	54100000	0.0	NA
chrX	54100000	54200000	0.0	NA
chrX	54200000	54300000	0.0	NA
chrX	54300000	54400000	0.0	NA
chrX	54400000	54500000	0.0	NA
chrX	54500000	54600000	0.0	NA
chrX	54600000	54700000	0.0	NA
chrX	54700000	54800000	0.0	NA
chrX	54800000	54900000	0.0	NA
chrX	54900000	55000000	0.0	NA
chrX	55000000	55100000	0.0	NA
chrX	55100000	55200000	0.0	NA
chrX	55200000	55300000	0.0	NA
chrX	55300000	55400000	0.0	NA
chrX	55400000	55500000	0.0	NA
chrX	55500000	55600000	0.0	NA
chrX	55600000	55700000	0.0	NA
chrX	55700000	55800000	0.0	NA
chrX	55800000	55900000	0.0	NA
chrX	55900000	56000000	0.0	NA
chrX	56000000	56100000	0.0	NA
chrX	56100000	56200000	0.0	NA
chrX	56200000	56300000	0.0	NA
chrX	56300000	56400000	0.0	NA
chrX	56400000	56500000	0.0	NA
chrX	56500000	56600000	0.0	NA
chrX	56600000	56700000	0.0	NA
chrX	56700000	56800000	0.0	NA
chrX	56800000	56900000	0.0	NA
chrX	56900000	57000000	0.0	NA
chrX	57000000	57100000	0.0	NA
chrX	57100000	57200000	0.0	NA
chrX	57200000	57300000	0.0	NA
chrX	57300000	57400000	0.0	NA
chrX	57400000	57500000	0.0	NA
chrX	57500000	57600000	0.0	NA
chrX	57600000	57700000	0.0	NA
chrX	57700000	57800000	0.0	NA
chrX	57800000	57900000	0.0	NA
chrX	57900000	58000000	0.0	NA
chrX	58000000	58100000	0.0	NA
chrX	58100000	58200000	0.0	NA
chrX	58200000	58300000	0.0	NA
chrX	58300000	58400000	0.0	NA
chrX	58400000	58500000	0.0	NA
chrX	58500000	58600000	0.0	NA
chrX	58600000	58700000	0.0	NA
chrX	58700000	58800000	0.0	NA
chrX	58800000	58900000	0.0	NA
chrX	58900000	59000000	0.0	NA
chrX	59000000	59100000	0.0	NA
chrX	59100000	59200000	0.0	NA
chrX	59200000	59300000	0.0	NA
chrX	59300000	59400000	0.0	NA
chrX	59400000	59500000	0.0	NA
chrX	59500000	59600000	0.0	NA
chrX	59600000	59700000	0.0	NA
chrX	59700000	59800000	0.0	NA
chrX	59800000	59900000	0.0	NA
chrX	59900000	60000000	0.0	NA
chrX	60000000	60100000	0.0	NA
chrX	60100000	60200000	0.0	NA
chrX	60200000	60300000	0.0	NA
chrX	60300000	60400000	0.0	NA
chrX	60400000	60500000	0.0	NA
chrX	60500000	60600000	0.0	NA
chrX	60600000	60700000	0.0	NA
chrX	60700000	60800000	0.0	NA
chrX	60800000	60900000	0.0	NA
chrX	60900000	61000000	0.0	NA
chrX	61000000	61100000	0.0	NA
chrX	61100000	61200000	0.0	NA
chrX	61200000	61300000	0.0	NA
chrX	61300000	61400000	0.0	NA
chrX	61400000	61500000	0.0	NA
chrX	61500000	61600000	0.0	NA
chrX	61600000	61700000	0.0	NA
chrX	61700000	61800000	0.0	NA
chrX	61800000	61900000	0.0	NA
chrX	61900000	62000000	0.0	NA
chrX	62000000	62100000	0.0	NA
chrX	62100000	62200000	0.0	NA
chrX	62200000	62300000	0.0	NA
chrX	62300000	62400000	0.0	NA
chrX	62400000	62500000	0.0	NA
chrX	62500000	62600000	0.0	NA
chrX	62600000	62700000	0.0	NA
chrX	62700000	62800000	0.0	NA
chrX	62800000	62900000	0.0	NA
chrX	62900000	63000000	0.0	NA
chrX	63000000	63100000	0.0	NA
chrX	63100000	63200000	0.0	NA
chrX	63200000	63300000	0.0	NA
chrX	63300000	63400000	0.0	NA
chrX	63400000	63500000	0.0	NA
chrX	63500000	63600000	0.0	NA
chrX	63600000	63700000	0.0	NA
chrX	63700000	63800000	0.0	NA
chrX	63800000	63900000	0.0	NA
chrX	63900000	64000000	0.0	NA
chrX	64000000	64100000	0.0	NA
chrX	64100000	64200000	0.0	NA
chrX	64200000	64300000	0.0	NA
chrX	64300000	64400000	0.0	NA
chrX	64400000	64500000	0.0	NA
chrX	64500000	64600000	0.0	NA
chrX	64600000	64700000	0.0	NA
chrX	64700000	64800000	0.0	NA
chrX	64800000	64900000	0.0	NA
chrX	64900000	65000000	0.0	NA
chrX	65000000	65100000	0.0	NA
chrX	65100000	65200000	0.0	NA
chrX	65200000	65300000	0.0	NA
chrX	65300000	65400000	0.0	NA
chrX	65400000	65500000	0.0	NA
chrX	65500000	65600000	0.0	NA
chrX	65600000	65700000	0.0	NA
chrX	65700000	65800000	0.0	NA
chrX	65800000	65900000	0.0	NA
chrX	65900000	66000000	0.0	NA
chrX	66000000	66100000	0.0	NA
chrX	66100000	66200000	0.0	NA
chrX	66200000	66300000	0.0	NA
chrX	66300000	66400000	0.0	NA
chrX	66400000	66500000	0.0	NA
chrX	66500000	66600000	0.0	NA
chrX	66600000	66700000	0.0	NA
chrX	66700000	66800000	0.0	NA
chrX	66800000	66900000	0.0	NA
chrX	66900000	67000000	0.0	NA
chrX	67000000	67100000	0.0	NA
chrX	67100000	67200000	0.0	NA
chrX	67200000	67300000	0.0	NA
chrX	67300000	67400000	0.0	NA
chrX	67400000	67500000	0.0	NA
chrX	67500000	67600000	0.0	NA
chrX	67600000	67700000	0.0	NA
chrX	67700000	67800000	0.0	NA
chrX	67800000	67900000	0.0	NA
chrX	67900000	68000000	0.0	NA
chrX	68000000	68100000	0.0	NA
chrX	68100000	68200000	0.0	NA
chrX	68200000	68300000	0.0	NA
chrX	68300000	68400000	0.0	NA
chrX	68400000	68500000	0.0	NA
chrX	68500000	68600000	0.0	NA
chrX	68600000	68700000	0.0	NA
chrX	68700000	68800000	0.0	NA
chrX	68800000	68900000	0.0	NA
chrX	68900000	69000000	0.0	NA
chrX	69000000	69100000	0.0	NA
chrX	69100000	69200000	0.0	NA
chrX	69200000	69300000	0.0	NA
chrX	69300000	69400000	0.0	NA
chrX	69400000	69500000	0.0	NA
chrX	69500000	69600000	0.0	NA
chrX	69600000	69700000	0.0	NA
chrX	69700000	69800000	0.0	NA
chrX	69800000	69900000	0.0	NA
chrX	69900000	70000000	0.0	NA
chrX	70000000	70100000	0.0	NA
chrX	70100000	70200000	0.0	NA
chrX	70200000	70300000	0.0	NA
chrX	70300000	70400000	0.0	NA
chrX	70400000	70500000	0.0	NA
chrX	70500000	70600000	0.0	NA
chrX	70600000	70700000	0.0	NA
chrX	70700000	70800000	0.0	NA
chrX	70800000	70900000	0.0	NA
chrX	70900000	71000000	0.0	NA
chrX	71000000	71100000	0.0	NA
chrX	71100000	71200000	0.0	NA
chrX	71200000	71300000	0.0	NA
chrX	71300000	71400000	0.0	NA
chrX	71400000	71500000	0.0	NA
chrX	71500000	71600000	0.0	NA
chrX	71600000	71700000	0.0	NA
chrX	71700000	71800000	0.0	NA
chrX	71800000	71900000	0.0	NA
chrX	71900000	72000000	0.0	NA
chrX	72000000	72100000	0.0	NA
chrX	72100000	72200000	0.0	NA
chrX	72200000	72300000	0.0	NA
chrX	72300000	72400000	0.0	NA
chrX	72400000	72500000	0.0	NA
chrX	72500000	72600000	0.0	NA
chrX	72600000	72700000	0.0	NA
chrX	72700000	72800000	0.0	NA
chrX	72800000	72900000	0.0	NA
chrX	72900000	73000000	0.0	NA
chrX	73000000	73100000	0.0	NA
chrX	73100000	73200000	0.0	NA
chrX	73200000	73300000	0.0	NA
chrX	73300000	73400000	0.0	NA
chrX	73400000	73500000	0.0	NA
chrX	73500000	73600000	0.0	NA
chrX	73600000	73700000	0.0	NA
chrX	73700000	73800000	0.0	NA
chrX	73800000	73900000	0.0	NA
chrX	73900000	74000000	0.0	NA
chrX	74000000	74100000	0.0	NA
chrX	74100000	74200000	0.0	NA
chrX	74200000	74300000	0.0	NA
chrX	74300000	74400000	0.0	NA
chrX	74400000	74500000	0.0	NA
chrX	74500000	74600000	0.0	NA
chrX	74600000	74700000	0.0	NA
chrX	74700000	74800000	0.0	NA
chrX	74800000	74900000	0.0	NA
chrX	74900000	75000000	0.0	NA
chrX	75000000	75100000	0.0	NA
chrX	75100000	75200000	0.0	NA
chrX	75200000	75300000	0.0	NA
chrX	75300000	75400000	0.0	NA
chrX	75400000	75500000	0.0	NA
chrX	75500000	75600000	0.0	NA
chrX	75600000	75700000	0.0	NA
chrX	75700000	75800000	0.0	NA
chrX	75800000	75900000	0.0	NA
chrX	75900000	76000000	0.0	NA
chrX	76000000	76100000	0.0	NA
chrX	76100000	76200000	0.0	NA
chrX	76200000	76300000	0.0	NA
chrX	76300000	76400000	0.0	NA
chrX	76400000	76500000	0.0	NA
chrX	76500000	76600000	0.0	NA
chrX	76600000	76700000	0.0	NA
chrX	76700000	76800000	0.0	NA
chrX	76800000	76900000	0.0	NA
chrX	76900000	77000000	0.0	NA
chrX	77000000	77100000	0.0	NA
chrX	77100000	77200000	0.0	NA
chrX	77200000	77300000	0.0	NA
chrX	77300000	77400000	0.0	NA
chrX	77400000	77500000	0.0	NA
chrX	77500000	77600000	0.0	NA
chrX	77600000	77700000	0.0	NA
chrX	77700000	77800000	0.0	NA
chrX	77800000	77900000	0.0	NA
chrX	77900000	78000000	0.0005556784025673681	37998
chrX	78000000	78100000	0.00046173020842132256	69973
chrX	78100000	78200000	0.0003150200644529192	76470
chrX	78200000	78300000	0.0004818297231777264	56319
chrX	78300000	78400000	0.00044408891237406837	79018
chrX	78400000	78500000	0.0007975031326519685	76906
chrX	78500000	78600000	0.0009419655751840017	80798
chrX	78600000	78700000	0.0008425545022146775	72185
chrX	78700000	78800000	0.0007914876043919793	72233
chrX	78800000	78900000	0.0007427891303603047	85322
chrX	78900000	79000000	0.001280169509544503	71153
chrX	79000000	79100000	0.0015823081024730734	74574
chrX	79100000	79200000	0.0018454644361504738	68742
chrX	79200000	79300000	0.001384608781656953	57453
chrX	79300000	79400000	0.0008130252926784532	71543
chrX	79400000	79500000	0.0007700609229287481	56673
chrX	79500000	79600000	0.00011750881316098699	185
chrX	79600000	79700000	0.0	NA
chrX	79700000	79800000	0.00046880908253480976	70979
chrX	79800000	79900000	0.0003933940215348746	69882
chrX	79900000	80000000	0.0003733808100727049	17079
chrX	80000000	80100000	0.0003482133228787722	22051
chrX	80100000	80200000	0.0007309811331068016	64438
chrX	80200000	80300000	0.0005875247599720265	60867
chrX	80300000	80400000	0.0004662911631409976	49662
chrX	80400000	80500000	0.0	NA
chrX	80500000	80600000	0.00041268581479310455	32793
chrX	80600000	80700000	0.0005339718829857679	87081
chrX	80700000	80800000	0.0009538284239108068	78084
chrX	80800000	80900000	0.0006518471370157658	82390
chrX	80900000	81000000	0.00047712779732103823	71089
chrX	81000000	81100000	0.0006113658463731412	65405
chrX	81100000	81200000	0.0006078526689673254	81176
chrX	81200000	81300000	0.000373307638135731	71634
chrX	81300000	81400000	0.0007088411053028657	84901
chrX	81400000	81500000	0.0003157307212459883	80220
chrX	81500000	81600000	0.00021287012752999347	87904
chrX	81600000	81700000	0.0005429774582806488	80926
chrX	81700000	81800000	0.0009526338433990367	75521
chrX	81800000	81900000	0.0010779591753788792	78503
chrX	81900000	82000000	0.000654079568848157	79390
chrX	82000000	82100000	0.0008892394774318795	70360
chrX	82100000	82200000	0.0006054027460663064	82185
chrX	82200000	82300000	0.0008955061475911513	80752
chrX	82300000	82400000	0.0006875527706387127	75059
chrX	82400000	82500000	0.0007446594536206439	81344
chrX	82500000	82600000	0.0003971571521923555	77677
chrX	82600000	82700000	0.0004483880029785557	70306
chrX	82700000	82800000	0.0002916492221127611	86482
chrX	82800000	82900000	0.00029725725627114313	73797
chrX	82900000	83000000	0.000369986484202062	65746
chrX	83000000	83100000	0.00036356486876928864	71216
chrX	83100000	83200000	0.00029700294475399095	61184
chrX	83200000	83300000	0.00034344732263799865	77716
chrX	83300000	83400000	0.0002554047835554548	10199
chrX	83400000	83500000	0.0003805591222994956	50376
chrX	83500000	83600000	0.000753494857234953	55116
chrX	83600000	83700000	0.0	NA
chrX	83700000	83800000	0.0016533835948658396	35573
chrX	83800000	83900000	0.0011439873469858465	72500
chrX	83900000	84000000	0.0007289137836872829	82759
chrX	84000000	84100000	0.000952075600249953	76378
chrX	84100000	84200000	0.0008633996414493793	62829
chrX	84200000	84300000	0.0010127092830477008	33244
chrX	84300000	84400000	0.0010319674562199444	26706
chrX	84400000	84500000	0.0005315050592501733	70104
chrX	84500000	84600000	0.0007596960035970787	3887
chrX	84600000	84700000	0.0012307407614308853	46655
chrX	84700000	84800000	0.00090496747733735	83194
chrX	84800000	84900000	0.002050171838390586	74517
chrX	84900000	85000000	0.0014295949459864538	65222
chrX	85000000	85100000	0.0009264861673999652	68020
chrX	85100000	85200000	0.0007032991666913325	12413
chrX	85200000	85300000	0.0	NA
chrX	85300000	85400000	0.0010856549253581722	70772
chrX	85400000	85500000	0.0006758905554209631	2548
chrX	85500000	85600000	0.0	NA
chrX	85600000	85700000	0.0	NA
chrX	85700000	85800000	0.0	NA
chrX	85800000	85900000	0.0	NA
chrX	85900000	86000000	0.0	NA
chrX	86000000	86100000	0.0008967634099764806	11229
chrX	86100000	86200000	0.0007867758547013339	76098
chrX	86200000	86300000	0.0009896362484698932	73869
chrX	86300000	86400000	0.0012895915454269233	73342
chrX	86400000	86500000	0.0015337198696096306	79538
chrX	86500000	86600000	0.0012503090424228693	80524
chrX	86600000	86700000	0.0012544855003155148	80310
chrX	86700000	86800000	0.0009085341660602384	54161
chrX	86800000	86900000	0.0	NA
chrX	86900000	87000000	0.001038658702005374	57181
chrX	87000000	87100000	0.0013335470806311958	71326
chrX	87100000	87200000	0.001060411605194737	85549
chrX	87200000	87300000	0.0011342796595118518	77545
chrX	87300000	87400000	0.0011336158908198076	87214
chrX	87400000	87500000	0.0013457383763260148	82770
chrX	87500000	87600000	0.0015756362674343085	71770
chrX	87600000	87700000	0.0015895606653043809	84236
chrX	87700000	87800000	0.0019051833008706168	73486
chrX	87800000	87900000	0.0008481566558394386	82864
chrX	87900000	88000000	0.0010854002005895255	83275
chrX	88000000	88100000	0.000663727821348154	63045
chrX	88100000	88200000	0.0008595634902387489	81860
chrX	88200000	88300000	0.001010099479506277	83872
chrX	88300000	88400000	0.0008321201174703179	82143
chrX	88400000	88500000	0.0009571387952247274	47115
chrX	88500000	88600000	0.0	65
chrX	88600000	88700000	0.0	62
chrX	88700000	88800000	0.0	51
chrX	88800000	88900000	0.0009094874879373936	1265
chrX	88900000	89000000	0.0022851500485976447	9301
chrX	89000000	89100000	0.00222779325631906	599
chrX	89100000	89200000	0.0	33
chrX	89200000	89300000	0.0011003400704478166	34332
chrX	89300000	89400000	0.0011199930872175233	41558
chrX	89400000	89500000	0.00024568300856592814	3412
chrX	89500000	89600000	0.0004545846714778615	1833
chrX	89600000	89700000	0.0006190730264491049	514
chrX	89700000	89800000	0.002742115294709965	372
chrX	89800000	89900000	0.0009905685968753335	4368
chrX	89900000	90000000	0.0007540892611225091	1360
chrX	90000000	90100000	0.0006742118106512636	782
chrX	90100000	90200000	0.00103945645110948	7649
chrX	90200000	90300000	0.0018830636139906026	6996
chrX	90300000	90400000	0.0010054808999804417	77222
chrX	90400000	90500000	0.0028226921819599162	228
chrX	90500000	90600000	0.001110246526624081	66546
chrX	90600000	90700000	0.0009720800604195005	62942
chrX	90700000	90800000	0.0010286582113138377	30386
chrX	90800000	90900000	0.000495189310447109	1345
chrX	90900000	91000000	0.0010072477852674292	17357
chrX	91000000	91100000	0.0014497946917606656	276
chrX	91100000	91200000	0.0	NA
chrX	91200000	91300000	0.0	NA
chrX	91300000	91400000	0.0	NA
chrX	91400000	91500000	0.0	NA
chrX	91500000	91600000	0.0	NA
chrX	91600000	91700000	0.0	NA
chrX	91700000	91800000	0.0	NA
chrX	91800000	91900000	0.0005998094766210708	648
chrX	91900000	92000000	0.0	250
chrX	92000000	92100000	0.0019512999505304236	226
chrX	92100000	92200000	0.0007757001441382979	4282
chrX	92200000	92300000	0.00034286650896665614	857
chrX	92300000	92400000	0.00048062604230805994	21631
chrX	92400000	92500000	0.0006976819125332739	82097
chrX	92500000	92600000	0.0011154446837545445	80729
chrX	92600000	92700000	0.0008533158404571626	82484
chrX	92700000	92800000	0.0012398104510083965	84326
chrX	92800000	92900000	0.000798140720197447	77046
chrX	92900000	93000000	0.0008343437396187748	49011
chrX	93000000	93100000	0.0004402136606801045	90770
chrX	93100000	93200000	0.0007340631443952908	79369
chrX	93200000	93300000	0.0012135610411961146	81587
chrX	93300000	93400000	0.00111464430534269	82176
chrX	93400000	93500000	0.0009422059011809194	84111
chrX	93500000	93600000	0.0013395343030549664	82435
chrX	93600000	93700000	0.0009399709447884806	86640
chrX	93700000	93800000	0.0007373560503921421	79207
chrX	93800000	93900000	0.0006695520726600142	83504
chrX	93900000	94000000	0.0005349435394469015	79081
chrX	94000000	94100000	0.0010156593348579553	68599
chrX	94100000	94200000	0.0007531214066350583	81259
chrX	94200000	94300000	0.0008807233413195458	82929
chrX	94300000	94400000	0.0010748141341770225	79103
chrX	94400000	94500000	0.0011340789935656921	80136
chrX	94500000	94600000	0.000629019419157135	80477
chrX	94600000	94700000	0.0007868526627066001	83628
chrX	94700000	94800000	0.0006772192659325499	85075
chrX	94800000	94900000	0.0008478175597045684	76229
chrX	94900000	95000000	0.0006185976601513864	86842
chrX	95000000	95100000	0.0006823101863893844	78596
chrX	95100000	95200000	0.0009955525974749669	82344
chrX	95200000	95300000	0.0010404007097209766	79875
chrX	95300000	95400000	0.0005796876670069584	73828
chrX	95400000	95500000	0.0004986739615088141	76776
chrX	95500000	95600000	0.001067092778588976	66411
chrX	95600000	95700000	0.0005830676081742847	80332
chrX	95700000	95800000	0.0006543136081416487	72601
chrX	95800000	95900000	0.0008511642149046462	65373
chrX	95900000	96000000	0.0007919601645901615	29983
chrX	96000000	96100000	0.0	NA
chrX	96100000	96200000	0.0	NA
chrX	96200000	96300000	0.0	NA
chrX	96300000	96400000	0.0	NA
chrX	96400000	96500000	0.0	NA
chrX	96500000	96600000	0.0	NA
chrX	96600000	96700000	0.0	NA
chrX	96700000	96800000	0.0	NA
chrX	96800000	96900000	0.0007676149144047444	39876
chrX	96900000	97000000	0.0009292484876460868	83338
chrX	97000000	97100000	0.0007520771802131884	82586
chrX	97100000	97200000	0.000559139769936347	80776
chrX	97200000	97300000	0.0008034971680299354	85277
chrX	97300000	97400000	0.0008270590382067029	81899
chrX	97400000	97500000	0.00041743372645035775	80460
chrX	97500000	97600000	0.00043855291956066837	79157
chrX	97600000	97700000	0.0004711179446250715	75053
chrX	97700000	97800000	0.0004209887356120255	83246
chrX	97800000	97900000	0.0006139613612408751	79038
chrX	97900000	98000000	0.0005745709709129695	74310
chrX	98000000	98100000	0.0005142418045275027	85181
chrX	98100000	98200000	0.00041853482161205576	79778
chrX	98200000	98300000	0.0005180458254821518	89955
chrX	98300000	98400000	0.0005394328746081719	86195
chrX	98400000	98500000	0.0008822302842920711	78522
chrX	98500000	98600000	0.0005048520096696256	80628
chrX	98600000	98700000	0.0004316661570427776	86591
chrX	98700000	98800000	0.00045317760881371534	15641
chrX	98800000	98900000	0.0	NA
chrX	98900000	99000000	0.0	NA
chrX	99000000	99100000	0.0	NA
chrX	99100000	99200000	0.0009520025616533915	3687
chrX	99200000	99300000	0.0005461485408254768	88148
chrX	99300000	99400000	0.00031805453041353684	74942
chrX	99400000	99500000	0.00036677982433318756	42883
chrX	99500000	99600000	0.0	NA
chrX	99600000	99700000	0.0	NA
chrX	99700000	99800000	0.0	NA
chrX	99800000	99900000	0.0	NA
chrX	99900000	100000000	0.0	NA
chrX	100000000	100100000	0.0	NA
chrX	100100000	100200000	0.0	NA
chrX	100200000	100300000	0.0	NA
chrX	100300000	100400000	0.0	NA
chrX	100400000	100500000	0.0	NA
chrX	100500000	100600000	0.0	NA
chrX	100600000	100700000	0.0	NA
chrX	100700000	100800000	0.0	NA
chrX	100800000	100900000	0.0	NA
chrX	100900000	101000000	0.0	NA
chrX	101000000	101100000	0.0	NA
chrX	101100000	101200000	0.0	NA
chrX	101200000	101300000	0.0	NA
chrX	101300000	101400000	0.0	NA
chrX	101400000	101500000	0.0	NA
chrX	101500000	101600000	0.0	NA
chrX	101600000	101700000	0.0	NA
chrX	101700000	101800000	0.0	NA
chrX	101800000	101900000	0.0	NA
chrX	101900000	102000000	0.0	NA
chrX	102000000	102100000	0.0	NA
chrX	102100000	102200000	0.0	NA
chrX	102200000	102300000	0.0	NA
chrX	102300000	102400000	0.0	NA
chrX	102400000	102500000	0.0	NA
chrX	102500000	102600000	0.0	NA
chrX	102600000	102700000	0.0	NA
chrX	102700000	102800000	0.0	NA
chrX	102800000	102900000	0.0	NA
chrX	102900000	103000000	0.0	NA
chrX	103000000	103100000	0.0	NA
chrX	103100000	103200000	0.0	NA
chrX	103200000	103300000	0.0	NA
chrX	103300000	103400000	0.0	NA
chrX	103400000	103500000	0.0	NA
chrX	103500000	103600000	0.0	NA
chrX	103600000	103700000	0.0	NA
chrX	103700000	103800000	0.0	NA
chrX	103800000	103900000	0.0	NA
chrX	103900000	104000000	0.0	NA
chrX	104000000	104100000	0.0	NA
chrX	104100000	104200000	0.0	NA
chrX	104200000	104300000	0.0	NA
chrX	104300000	104400000	0.0	NA
chrX	104400000	104500000	0.0	NA
chrX	104500000	104600000	0.0	NA
chrX	104600000	104700000	0.0	NA
chrX	104700000	104800000	0.0	NA
chrX	104800000	104900000	0.0	NA
chrX	104900000	105000000	0.0	NA
chrX	105000000	105100000	0.0	NA
chrX	105100000	105200000	0.0	NA
chrX	105200000	105300000	0.0	NA
chrX	105300000	105400000	0.0	NA
chrX	105400000	105500000	0.0	NA
chrX	105500000	105600000	0.0	NA
chrX	105600000	105700000	0.0	NA
chrX	105700000	105800000	0.0	NA
chrX	105800000	105900000	0.0	NA
chrX	105900000	106000000	0.0	NA
chrX	106000000	106100000	0.0	NA
chrX	106100000	106200000	0.0	NA
chrX	106200000	106300000	0.0	NA
chrX	106300000	106400000	0.0	NA
chrX	106400000	106500000	0.0	NA
chrX	106500000	106600000	0.0	NA
chrX	106600000	106700000	0.0	NA
chrX	106700000	106800000	0.0	NA
chrX	106800000	106900000	0.0	NA
chrX	106900000	107000000	0.0	NA
chrX	107000000	107100000	0.0	NA
chrX	107100000	107200000	0.0	NA
chrX	107200000	107300000	0.0	NA
chrX	107300000	107400000	0.0	NA
chrX	107400000	107500000	0.0	NA
chrX	107500000	107600000	0.0	NA
chrX	107600000	107700000	0.0	NA
chrX	107700000	107800000	0.0	NA
chrX	107800000	107900000	0.0	NA
chrX	107900000	108000000	0.0	NA
chrX	108000000	108100000	0.0	NA
chrX	108100000	108200000	0.0	NA
chrX	108200000	108300000	0.0	NA
chrX	108300000	108400000	0.0	NA
chrX	108400000	108500000	0.0	NA
chrX	108500000	108600000	0.0	NA
chrX	108600000	108700000	0.0	NA
chrX	108700000	108800000	0.0	NA
chrX	108800000	108900000	0.0	NA
chrX	108900000	109000000	0.0	NA
chrX	109000000	109100000	0.0	NA
chrX	109100000	109200000	0.0	NA
chrX	109200000	109300000	0.0	NA
chrX	109300000	109400000	0.0	NA
chrX	109400000	109500000	0.0	NA
chrX	109500000	109600000	0.0	NA
chrX	109600000	109700000	0.0	NA
chrX	109700000	109800000	0.0	NA
chrX	109800000	109900000	0.0	NA
chrX	109900000	110000000	0.0	NA
chrX	110000000	110100000	0.0	NA
chrX	110100000	110200000	0.0	NA
chrX	110200000	110300000	0.0	NA
chrX	110300000	110400000	0.0	NA
chrX	110400000	110500000	0.0	NA
chrX	110500000	110600000	0.0	NA
chrX	110600000	110700000	0.0	NA
chrX	110700000	110800000	0.0	NA
chrX	110800000	110900000	0.0	NA
chrX	110900000	111000000	0.0	NA
chrX	111000000	111100000	0.0	NA
chrX	111100000	111200000	0.0	NA
chrX	111200000	111300000	0.0	NA
chrX	111300000	111400000	0.0	NA
chrX	111400000	111500000	0.0	NA
chrX	111500000	111600000	0.0	NA
chrX	111600000	111700000	0.0	NA
chrX	111700000	111800000	0.0008725363821722324	67021
chrX	111800000	111900000	0.0009743503903248773	50947
chrX	111900000	112000000	0.0005349325243401247	57531
chrX	112000000	112100000	0.0005579695914871214	28931
chrX	112100000	112200000	0.0005949410137787654	71251
chrX	112200000	112300000	0.000650187286878585	68433
chrX	112300000	112400000	0.0	NA
chrX	112400000	112500000	0.0	NA
chrX	112500000	112600000	0.0	NA
chrX	112600000	112700000	0.0	NA
chrX	112700000	112800000	0.0008236301162086956	29177
chrX	112800000	112900000	0.0006028293850609873	48656
chrX	112900000	113000000	0.0	NA
chrX	113000000	113100000	0.0	NA
chrX	113100000	113200000	0.0005599417098732295	16190
chrX	113200000	113300000	0.0008484737084277922	73176
chrX	113300000	113400000	0.0007205030797885527	76626
chrX	113400000	113500000	0.0009219161267331184	84368
chrX	113500000	113600000	0.0008240465342771561	40927
chrX	113600000	113700000	0.0007841875195589742	83221
chrX	113700000	113800000	0.0005172588834659446	71662
chrX	113800000	113900000	0.0004940582981055832	16058
chrX	113900000	114000000	0.0	NA
chrX	114000000	114100000	0.0	NA
chrX	114100000	114200000	0.0010758608737367681	41507
chrX	114200000	114300000	0.0008489786513475914	72922
chrX	114300000	114400000	0.0005533791771433868	31462
chrX	114400000	114500000	0.0005413127287167566	23784
chrX	114500000	114600000	0.0006396293447477927	67241
chrX	114600000	114700000	0.0006897329275284586	82924
chrX	114700000	114800000	0.0006996339723833976	38538
chrX	114800000	114900000	0.0009937085201973768	8330
chrX	114900000	115000000	0.00044508080770032794	26510
chrX	115000000	115100000	0.0006497918710889908	12512
chrX	115100000	115200000	0.0005610828572300151	65562
chrX	115200000	115300000	0.0009288640067164478	69242
chrX	115300000	115400000	0.0012903286205707897	71602
chrX	115400000	115500000	0.0010853425128445001	80908
chrX	115500000	115600000	0.0008940876873859973	64329
chrX	115600000	115700000	0.0010519586762939897	61160
chrX	115700000	115800000	0.0009675528927107473	52435
chrX	115800000	115900000	0.0005654045823912423	74698
chrX	115900000	116000000	0.0008181101764700147	73119
chrX	116000000	116100000	0.0007868973813779771	76196
chrX	116100000	116200000	0.0009350147368290807	81446
chrX	116200000	116300000	0.0011241056148504488	78640
chrX	116300000	116400000	0.0009232995208632775	71475
chrX	116400000	116500000	0.0013623411861883041	70502
chrX	116500000	116600000	0.0015156746360714959	70238
chrX	116600000	116700000	0.0009984375548938293	74390
chrX	116700000	116800000	0.0009724469022438249	74679
chrX	116800000	116900000	0.0012722683636220387	73773
chrX	116900000	117000000	0.0010916977527235265	74148
chrX	117000000	117100000	0.0008232836714485194	22332
chrX	117100000	117200000	0.0	NA
chrX	117200000	117300000	0.0010433498004903015	40347
chrX	117300000	117400000	0.0009229903343963611	77294
chrX	117400000	117500000	0.0008609416420880462	49773
chrX	117500000	117600000	0.0009475214760823296	10631
chrX	117600000	117700000	0.0006458158358393717	14298
chrX	117700000	117800000	0.0	NA
chrX	117800000	117900000	0.00032369746175306527	26803
chrX	117900000	118000000	0.0007653423216059466	29815
chrX	118000000	118100000	0.0007217724851030834	53000
chrX	118100000	118200000	0.0006391953144324488	39921
chrX	118200000	118300000	0.0008791272094698219	21133
chrX	118300000	118400000	0.0007148103152963337	72783
chrX	118400000	118500000	0.0005013872230653022	44581
chrX	118500000	118600000	0.0007467989155906859	26471
chrX	118600000	118700000	0.0007681773496423443	40897
chrX	118700000	118800000	0.000512615109334438	13229
chrX	118800000	118900000	0.0010311890341694835	36878
chrX	118900000	119000000	0.0008707439785457366	35385
chrX	119000000	119100000	0.0008604237964859912	25144
chrX	119100000	119200000	0.0007588645917476407	48826
chrX	119200000	119300000	0.0004715367227547637	1874
chrX	119300000	119400000	0.0005423032627710008	36215
chrX	119400000	119500000	0.0005624330812104643	38344
chrX	119500000	119600000	0.0008594466374178325	28773
chrX	119600000	119700000	0.0005109567588075798	36035
chrX	119700000	119800000	0.0004661130819919388	44851
chrX	119800000	119900000	0.0009494154681501966	78262
chrX	119900000	120000000	0.0004880072783114522	65493
chrX	120000000	120100000	0.00010770035585545744	4678
chrX	120100000	120200000	0.00022144523078785282	61988
chrX	120200000	120300000	0.0004932151612424561	78949
chrX	120300000	120400000	0.0008689711963203086	78196
chrX	120400000	120500000	0.0010492006869161057	77432
chrX	120500000	120600000	0.001340248270459138	77204
chrX	120600000	120700000	0.0007267497464198398	79432
chrX	120700000	120800000	0.000822069466704327	88678
chrX	120800000	120900000	0.0006474264493819973	80903
chrX	120900000	121000000	0.0005364152835758128	79332
chrX	121000000	121100000	0.0007006449148127518	83464
chrX	121100000	121200000	0.0006337832734947935	79903
chrX	121200000	121300000	0.000749105722959752	75811
chrX	121300000	121400000	0.0007800471359112218	74375
chrX	121400000	121500000	0.0010498217747951996	77267
chrX	121500000	121600000	0.0009311558092777056	81218
chrX	121600000	121700000	0.0011546330007594612	71563
chrX	121700000	121800000	0.0008322595365048633	84243
chrX	121800000	121900000	0.0008523302527672928	77265
chrX	121900000	122000000	0.0010496223085749363	85213
chrX	122000000	122100000	0.000702065704370019	82171
chrX	122100000	122200000	0.00047101886862568307	76885
chrX	122200000	122300000	0.0007468651634038331	82119
chrX	122300000	122400000	0.0005949630998330896	17186
chrX	122400000	122500000	0.0	NA
chrX	122500000	122600000	0.0	NA
chrX	122600000	122700000	0.00078907475534946	57093
chrX	122700000	122800000	0.00045083553678093634	21285
chrX	122800000	122900000	0.00042057872084756286	16884
chrX	122900000	123000000	0.0006654372466009075	37929
chrX	123000000	123100000	0.00052817604938474	21411
chrX	123100000	123200000	0.0	NA
chrX	123200000	123300000	0.0007849684097775909	38450
chrX	123300000	123400000	0.0009906859066222953	74654
chrX	123400000	123500000	0.0005452621315864741	65027
chrX	123500000	123600000	0.0007684425731003257	2455
chrX	123600000	123700000	0.0	NA
chrX	123700000	123800000	0.0	NA
chrX	123800000	123900000	0.0	NA
chrX	123900000	124000000	0.0	NA
chrX	124000000	124100000	0.001191503879495278	1941
chrX	124100000	124200000	0.0008382794447683249	80385
chrX	124200000	124300000	0.0007580808993915678	87713
chrX	124300000	124400000	0.0006086665467737954	86602
chrX	124400000	124500000	0.001058988673287029	75313
chrX	124500000	124600000	0.0010799809034449629	77644
chrX	124600000	124700000	0.0010040627017721343	78830
chrX	124700000	124800000	0.0006605265086247124	79090
chrX	124800000	124900000	0.00048046843874044443	84335
chrX	124900000	125000000	0.0005216811011849685	77285
chrX	125000000	125100000	0.00105754570112507	77400
chrX	125100000	125200000	0.000966660549960989	82061
chrX	125200000	125300000	0.0010044175497874073	68702
chrX	125300000	125400000	0.0007141510809786175	72324
chrX	125400000	125500000	0.0008365395532101283	76372
chrX	125500000	125600000	0.0008115174568785193	73295
chrX	125600000	125700000	0.0011604666823054586	78103
chrX	125700000	125800000	0.0005745096093144572	84456
chrX	125800000	125900000	0.0007934013626645286	84984
chrX	125900000	126000000	0.0007436939571082775	76090
chrX	126000000	126100000	0.0008987939209039667	69628
chrX	126100000	126200000	0.000566578825227117	82209
chrX	126200000	126300000	0.0003462783184800349	75685
chrX	126300000	126400000	0.000368188122993444	66387
chrX	126400000	126500000	0.0008856218999121294	78716
chrX	126500000	126600000	0.0004980643536206669	80933
chrX	126600000	126700000	0.0006768480942732124	77666
chrX	126700000	126800000	0.0006409277780721728	77423
chrX	126800000	126900000	0.0006158321155387855	88719
chrX	126900000	127000000	0.0008503116147550762	71594
chrX	127000000	127100000	0.0007429515978302448	86740
chrX	127100000	127200000	0.0007527100704741784	82489
chrX	127200000	127300000	0.0006443035331501984	81487
chrX	127300000	127400000	0.0004770495778254266	78164
chrX	127400000	127500000	0.00044056854972369193	86911
chrX	127500000	127600000	0.0003138812307038105	76013
chrX	127600000	127700000	0.0003848403495710048	83845
chrX	127700000	127800000	0.0004987860609298936	82895
chrX	127800000	127900000	0.0007313382002697193	72823
chrX	127900000	128000000	0.0006989310001044759	71949
chrX	128000000	128100000	0.0006498409118461031	82544
chrX	128100000	128200000	0.0006304016897695232	76311
chrX	128200000	128300000	0.00038271876655402955	28145
chrX	128300000	128400000	0.0	NA
chrX	128400000	128500000	0.0	NA
chrX	128500000	128600000	0.0	NA
chrX	128600000	128700000	0.0	NA
chrX	128700000	128800000	0.0	NA
chrX	128800000	128900000	0.0	NA
chrX	128900000	129000000	0.0	NA
chrX	129000000	129100000	0.0	NA
chrX	129100000	129200000	0.0	NA
chrX	129200000	129300000	0.0	NA
chrX	129300000	129400000	0.0	NA
chrX	129400000	129500000	0.0	NA
chrX	129500000	129600000	0.0	NA
chrX	129600000	129700000	0.0	NA
chrX	129700000	129800000	0.0	NA
chrX	129800000	129900000	0.0	NA
chrX	129900000	130000000	0.0	NA
chrX	130000000	130100000	0.0	NA
chrX	130100000	130200000	0.0	NA
chrX	130200000	130300000	0.0	NA
chrX	130300000	130400000	0.0	NA
chrX	130400000	130500000	0.0	NA
chrX	130500000	130600000	0.0	NA
chrX	130600000	130700000	0.0	NA
chrX	130700000	130800000	0.0	NA
chrX	130800000	130900000	0.0	NA
chrX	130900000	131000000	0.0	NA
chrX	131000000	131100000	0.0	NA
chrX	131100000	131200000	0.0	NA
chrX	131200000	131300000	0.0	NA
chrX	131300000	131400000	0.0	NA
chrX	131400000	131500000	0.0	NA
chrX	131500000	131600000	0.0	NA
chrX	131600000	131700000	0.0	NA
chrX	131700000	131800000	0.0	NA
chrX	131800000	131900000	0.0	NA
chrX	131900000	132000000	0.0	NA
chrX	132000000	132100000	0.0	NA
chrX	132100000	132200000	0.0	NA
chrX	132200000	132300000	0.0	NA
chrX	132300000	132400000	0.0	NA
chrX	132400000	132500000	0.0	NA
chrX	132500000	132600000	0.0	NA
chrX	132600000	132700000	0.0	NA
chrX	132700000	132800000	0.0	NA
chrX	132800000	132900000	0.0	NA
chrX	132900000	133000000	0.0	NA
chrX	133000000	133100000	0.0	NA
chrX	133100000	133200000	0.0	NA
chrX	133200000	133300000	0.0	NA
chrX	133300000	133400000	0.0	NA
chrX	133400000	133500000	0.0	NA
chrX	133500000	133600000	0.0	NA
chrX	133600000	133700000	0.0	NA
chrX	133700000	133800000	0.0	NA
chrX	133800000	133900000	0.0	NA
chrX	133900000	134000000	0.0	NA
chrX	134000000	134100000	0.0	NA
chrX	134100000	134200000	0.0	NA
chrX	134200000	134300000	0.0	NA
chrX	134300000	134400000	0.0	NA
chrX	134400000	134500000	0.0	NA
chrX	134500000	134600000	0.0	NA
chrX	134600000	134700000	0.0	NA
chrX	134700000	134800000	0.0	NA
chrX	134800000	134900000	0.0	NA
chrX	134900000	135000000	0.0	NA
chrX	135000000	135100000	0.0	NA
chrX	135100000	135200000	0.0	NA
chrX	135200000	135300000	0.0	NA
chrX	135300000	135400000	0.0	NA
chrX	135400000	135500000	0.0	NA
chrX	135500000	135600000	0.0	NA
chrX	135600000	135700000	0.0	NA
chrX	135700000	135800000	0.0	NA
chrX	135800000	135900000	0.0	NA
chrX	135900000	136000000	0.0	NA
chrX	136000000	136100000	0.0	NA
chrX	136100000	136200000	0.0	NA
chrX	136200000	136300000	0.0	NA
chrX	136300000	136400000	0.0	NA
chrX	136400000	136500000	0.0	NA
chrX	136500000	136600000	0.0	NA
chrX	136600000	136700000	0.0	NA
chrX	136700000	136800000	0.00026282312945375726	2815
chrX	136800000	136900000	0.0004838950085973612	70269
chrX	136900000	137000000	0.0004847713241984389	83240
chrX	137000000	137100000	0.0007487138951624545	76557
chrX	137100000	137200000	0.00035678326113033654	69559
chrX	137200000	137300000	0.0005094729946145515	79877
chrX	137300000	137400000	0.0007548198394996618	70831
chrX	137400000	137500000	0.0008057857341106279	81591
chrX	137500000	137600000	0.0010079052377355722	80843
chrX	137600000	137700000	0.00040623683101559085	84750
chrX	137700000	137800000	0.00030627384545966666	11618
chrX	137800000	137900000	0.0	NA
chrX	137900000	138000000	0.0	NA
chrX	138000000	138100000	0.0	NA
chrX	138100000	138200000	0.0	NA
chrX	138200000	138300000	0.001161312502998225	10876
chrX	138300000	138400000	0.0008250092681940507	82163
chrX	138400000	138500000	0.0009557846241445064	78737
chrX	138500000	138600000	0.0006765468049472505	73499
chrX	138600000	138700000	0.0007335573837934144	20843
chrX	138700000	138800000	0.0004780215904530199	8013
chrX	138800000	138900000	0.0004070428666175959	7085
chrX	138900000	139000000	0.00044365732839698975	63780
chrX	139000000	139100000	0.0008880950631764287	42201
chrX	139100000	139200000	0.0006390624158994192	70268
chrX	139200000	139300000	0.0005549213248071189	78120
chrX	139300000	139400000	0.0005520685440821991	63957
chrX	139400000	139500000	0.000421453439738966	76316
chrX	139500000	139600000	0.0006355546950102493	81907
chrX	139600000	139700000	0.0010057991490538304	85526
chrX	139700000	139800000	0.0006047625912821531	65512
chrX	139800000	139900000	0.0013109651981271207	34757
chrX	139900000	140000000	0.0009488452193817139	83458
chrX	140000000	140100000	0.0008469753531092153	63624
chrX	140100000	140200000	0.0	NA
chrX	140200000	140300000	0.0008276682198636643	65869
chrX	140300000	140400000	0.001157482499633596	53147
chrX	140400000	140500000	0.0008788419283557005	74746
chrX	140500000	140600000	0.0010772305026963411	45584
chrX	140600000	140700000	0.0	NA
chrX	140700000	140800000	0.0007141863439073824	29666
chrX	140800000	140900000	0.0008958307913813863	73662
chrX	140900000	141000000	0.0009840765637608927	28070
chrX	141000000	141100000	0.0011682547688259017	81059
chrX	141100000	141200000	0.001193940280587147	81718
chrX	141200000	141300000	0.0011027877628923262	70325
chrX	141300000	141400000	0.0013577817110425766	79200
chrX	141400000	141500000	0.0010094062193606746	70039
chrX	141500000	141600000	0.0011200499077136266	72042
chrX	141600000	141700000	0.0014954446108274393	84230
chrX	141700000	141800000	0.0011772427685750198	81333
chrX	141800000	141900000	0.0009439949568413807	72238
chrX	141900000	142000000	0.000869132463441533	74115
chrX	142000000	142100000	0.0008593279889431095	79354
chrX	142100000	142200000	0.0008507001084843221	82860
chrX	142200000	142300000	0.0010548094552680003	85677
chrX	142300000	142400000	0.0008065725991012135	83784
chrX	142400000	142500000	0.0009196263767341128	82097
chrX	142500000	142600000	0.0011715222222372632	79563
chrX	142600000	142700000	0.0010214314859348522	74762
chrX	142700000	142800000	0.0008180784382882235	70084
chrX	142800000	142900000	0.0011502474715737907	72483
chrX	142900000	143000000	0.0007321940923729693	83030
chrX	143000000	143100000	0.0006963705422987623	79689
chrX	143100000	143200000	0.0006774561106830835	50308
chrX	143200000	143300000	0.0007518925871025069	3317
chrX	143300000	143400000	0.0012307417375760014	83346
chrX	143400000	143500000	0.000996761932128936	80611
chrX	143500000	143600000	0.0010283654725177767	40018
chrX	143600000	143700000	0.0013189546460191431	85863
chrX	143700000	143800000	0.0011528149552952802	81404
chrX	143800000	143900000	0.0011519289974737273	84151
chrX	143900000	144000000	0.0008520199908017616	84696
chrX	144000000	144100000	0.0010638869917204102	86463
chrX	144100000	144200000	0.0007394051836964264	83878
chrX	144200000	144300000	0.0013606143037811318	85733
chrX	144300000	144400000	0.0008784889540213186	76908
chrX	144400000	144500000	0.00037921673321207773	76452
chrX	144500000	144600000	0.0008411251416592568	79929
chrX	144600000	144700000	0.0008370073276046995	87538
chrX	144700000	144800000	0.0006963662132251307	87024
chrX	144800000	144900000	0.0008241604686420804	82454
chrX	144900000	145000000	0.0007876546825947169	75125
chrX	145000000	145100000	0.000877850622806301	80131
chrX	145100000	145200000	0.001061119469664178	78751
chrX	145200000	145300000	0.0008306819890584704	83307
chrX	145300000	145400000	0.0013207708460519062	76426
chrX	145400000	145500000	0.0009092967267056592	81886
chrX	145500000	145600000	0.0009728404819752288	83363
chrX	145600000	145700000	0.001146342574480341	88228
chrX	145700000	145800000	0.0007081675085748867	80064
chrX	145800000	145900000	0.0013102480022560438	62280
chrX	145900000	146000000	0.0012849194917057703	72931
chrX	146000000	146100000	0.0010025119790354274	83332
chrX	146100000	146200000	0.0008359572547959232	84928
chrX	146200000	146300000	0.0006489975003513614	65998
chrX	146300000	146400000	0.0008542753747859204	70707
chrX	146400000	146500000	0.0009444910110908179	79162
chrX	146500000	146600000	0.0008284195198245403	82920
chrX	146600000	146700000	0.0009268289279382101	88267
chrX	146700000	146800000	0.0010989348353948722	83557
chrX	146800000	146900000	0.0005831471097808994	90871
chrX	146900000	147000000	0.0007965425774862083	68753
chrX	147000000	147100000	0.000520892021593284	20925
chrX	147100000	147200000	0.000827467225597721	77770
chrX	147200000	147300000	0.0006453194748155801	69302
chrX	147300000	147400000	0.0004876506522222946	76285
chrX	147400000	147500000	0.0006628671598485714	72248
chrX	147500000	147600000	0.0006005972131913298	71667
chrX	147600000	147700000	0.0	NA
chrX	147700000	147800000	0.0	NA
chrX	147800000	147900000	0.0	NA
chrX	147900000	148000000	0.0	NA
chrX	148000000	148100000	0.0006799487152752944	16561
chrX	148100000	148200000	0.0005982060104552632	86056
chrX	148200000	148300000	0.0007780707078327553	74065
chrX	148300000	148400000	0.0007618314798568286	84756
chrX	148400000	148500000	0.0006988019521964375	79877
chrX	148500000	148600000	0.0009001154731259808	55149
chrX	148600000	148700000	0.0006810809486394768	12987
chrX	148700000	148800000	0.0006212115159411169	24016
chrX	148800000	148900000	0.0006369139679858805	32428
chrX	148900000	149000000	0.0002617136881890361	2418
chrX	149000000	149100000	0.00015690617289805005	7879
chrX	149100000	149200000	0.00019768838285364994	11561
chrX	149200000	149300000	0.0003680555951200041	80591
chrX	149300000	149400000	0.0006462820697124773	80536
chrX	149400000	149500000	0.0006041884376104249	89618
chrX	149500000	149600000	0.0005868801081550356	27724
chrX	149600000	149700000	0.0012499866894554827	13685
chrX	149700000	149800000	0.0004989963316287319	31273
chrX	149800000	149900000	0.0007183054742504059	17578
chrX	149900000	150000000	0.00040020246649605235	1010
chrX	150000000	150100000	0.0006630352510771441	25319
chrX	150100000	150200000	0.0010173855381370187	60222
chrX	150200000	150300000	0.0010176053220084325	75496
chrX	150300000	150400000	0.0009170411877277058	69505
chrX	150400000	150500000	0.0009005286495896239	78099
chrX	150500000	150600000	0.0006816968130194026	71549
chrX	150600000	150700000	0.0008650083018866306	78061
chrX	150700000	150800000	0.0005688243341642878	16602
chrX	150800000	150900000	0.001129986985908398	38240
chrX	150900000	151000000	0.0008399786963434397	81420
chrX	151000000	151100000	0.0008480979839424261	77446
chrX	151100000	151200000	0.0007791077101216443	62385
chrX	151200000	151300000	0.0009444599859939172	64938
chrX	151300000	151400000	0.0007019771293358082	26120
chrX	151400000	151500000	0.0	NA
chrX	151500000	151600000	0.0	NA
chrX	151600000	151700000	0.0	NA
chrX	151700000	151800000	0.0	NA
chrX	151800000	151900000	0.0	NA
chrX	151900000	152000000	0.0	NA
chrX	152000000	152100000	0.0	NA
chrX	152100000	152200000	0.0	NA
chrX	152200000	152300000	0.0	NA
chrX	152300000	152400000	0.0	NA
chrX	152400000	152500000	0.0	NA
chrX	152500000	152600000	0.0	NA
chrX	152600000	152700000	0.0	NA
chrX	152700000	152800000	0.0	NA
chrX	152800000	152900000	0.0	NA
chrX	152900000	153000000	0.0	NA
chrX	153000000	153100000	0.0	NA
chrX	153100000	153200000	0.0	NA
chrX	153200000	153300000	0.0	NA
chrX	153300000	153400000	0.0	NA
chrX	153400000	153500000	0.0	NA
chrX	153500000	153600000	0.0	NA
chrX	153600000	153700000	0.0	NA
chrX	153700000	153800000	0.0	NA
chrX	153800000	153900000	0.0	NA
chrX	153900000	154000000	0.0	NA
chrX	154000000	154100000	0.0	NA
chrX	154100000	154200000	0.0	NA
chrX	154200000	154300000	0.0	NA
chrX	154300000	154400000	0.0	NA
chrX	154400000	154500000	0.0	NA
chrX	154500000	154600000	0.0	NA
chrX	154600000	154700000	0.0	NA
chrX	154700000	154800000	0.0	NA
chrX	154800000	154900000	0.0	NA
chrX	154900000	155000000	0.0	NA
chrX	155000000	155100000	0.0	NA
chrX	155100000	155200000	0.000657833094877923	19719
chrX	155200000	155270560	0.001119130197678754	12695
