chrX	0	100000	0.0014847298751918723	1456
chrX	100000	200000	0.0017718119779794423	4965
chrX	200000	300000	0.0033010953279209616	2964
chrX	300000	400000	0.001376295471660726	15533
chrX	400000	500000	0.0016624546557537322	29352
chrX	500000	600000	0.002326877711137662	30548
chrX	600000	700000	0.001718683047924774	32131
chrX	700000	800000	0.001774782568662903	42139
chrX	800000	900000	0.0011723679594744056	28095
chrX	900000	1000000	0.001293359216953126	33413
chrX	1000000	1100000	0.0015217625836105716	10800
chrX	1100000	1200000	0.0	NA
chrX	1200000	1300000	0.0012816963621769793	14837
chrX	1300000	1400000	0.0008896755361557375	11710
chrX	1400000	1500000	0.0014937926450131092	3621
chrX	1500000	1600000	0.0010591813870502397	5994
chrX	1600000	1700000	0.0013839230063535449	13016
chrX	1700000	1800000	0.0016528184569288902	15723
chrX	1800000	1900000	0.001231814331556145	33177
chrX	1900000	2000000	0.000964995225719769	42559
chrX	2000000	2100000	0.0014831449728394798	27331
chrX	2100000	2200000	0.0018024701996114552	5654
chrX	2200000	2300000	0.0	NA
chrX	2300000	2400000	0.0	NA
chrX	2400000	2500000	0.0008963761644941006	45281
chrX	2500000	2600000	0.0008183196768825552	31936
chrX	2600000	2700000	0.0012021619733529817	9973
chrX	2700000	2800000	0.0006230515756805385	6527
chrX	2800000	2900000	0.0004282417521451669	22760
chrX	2900000	3000000	0.00017984547617764987	18211
chrX	3000000	3100000	0.0008822086312749021	41962
chrX	3100000	3200000	0.0010414070639070169	67756
chrX	3200000	3300000	0.0012160894645562464	40676
chrX	3300000	3400000	0.0007171485263884682	66600
chrX	3400000	3500000	0.0007631907712713424	62692
chrX	3500000	3600000	0.0005004874481831671	14266
chrX	3600000	3700000	0.0010468049263435515	32614
chrX	3700000	3800000	0.0009267786260510222	21192
chrX	3800000	3900000	0.0007876575747793023	25561
chrX	3900000	4000000	0.0006359326715821508	78839
chrX	4000000	4100000	0.00044254017702581653	79245
chrX	4100000	4200000	0.0009225498475813754	79718
chrX	4200000	4300000	0.00040665677430697024	84113
chrX	4300000	4400000	0.000251265831608279	79369
chrX	4400000	4500000	0.0003545589522377404	77637
chrX	4500000	4600000	0.0006677683877597348	75731
chrX	4600000	4700000	0.0006424569168470738	73578
chrX	4700000	4800000	0.0007588159027901327	76081
chrX	4800000	4900000	0.0005626412812840575	77400
chrX	4900000	5000000	0.0009432074395262273	79951
chrX	5000000	5100000	0.0009749827042603327	74083
chrX	5100000	5200000	0.0006906916420118288	78953
chrX	5200000	5300000	0.00026593456680843776	81913
chrX	5300000	5400000	0.00058438125302809	80640
chrX	5400000	5500000	0.0010165098227596838	79923
chrX	5500000	5600000	0.0007892147297397089	82766
chrX	5600000	5700000	0.0012766000347374188	76600
chrX	5700000	5800000	0.000893842036778106	79391
chrX	5800000	5900000	0.00039596330310078795	6848
chrX	5900000	6000000	0.0	NA
chrX	6000000	6100000	0.0	NA
chrX	6100000	6200000	0.0004590872448302147	40080
chrX	6200000	6300000	0.0005260852240986796	79340
chrX	6300000	6400000	0.00023393483527038193	81858
chrX	6400000	6500000	0.00017641202494104004	76866
chrX	6500000	6600000	0.0005945708756164018	79199
chrX	6600000	6700000	0.0005456817270844166	80898
chrX	6700000	6800000	0.0006623707140091813	84914
chrX	6800000	6900000	0.0006710957391038196	73474
chrX	6900000	7000000	0.00041440821479319897	30759
chrX	7000000	7100000	0.0	NA
chrX	7100000	7200000	0.0	NA
chrX	7200000	7300000	0.00016854457852325872	22227
chrX	7300000	7400000	0.00041667612413935027	85565
chrX	7400000	7500000	0.00025550152088118665	79549
chrX	7500000	7600000	0.0003695042469370569	81085
chrX	7600000	7700000	0.0006303559996639484	39189
chrX	7700000	7800000	0.00019798553729550583	88353
chrX	7800000	7900000	0.0007911612137747949	55024
chrX	7900000	8000000	0.0003509524551400993	79564
chrX	8000000	8100000	0.0004667969496126653	84815
chrX	8100000	8200000	0.0004247721602204847	69704
chrX	8200000	8300000	0.0006576641133695407	83886
chrX	8300000	8400000	0.0007236366387245224	84731
chrX	8400000	8500000	0.0007785907922423847	60611
chrX	8500000	8600000	0.0	NA
chrX	8600000	8700000	0.0	NA
chrX	8700000	8800000	0.0003658256222883667	64184
chrX	8800000	8900000	0.0005609402993797964	92359
chrX	8900000	9000000	0.0005095922947132321	64487
chrX	9000000	9100000	0.00023800225900855412	81408
chrX	9100000	9200000	0.00025109409447330005	86934
chrX	9200000	9300000	0.0005831334834144986	81300
chrX	9300000	9400000	0.0006041659036986345	65299
chrX	9400000	9500000	0.0007917506843874849	22404
chrX	9500000	9600000	0.0	NA
chrX	9600000	9700000	0.0006492748103205595	5219
chrX	9700000	9800000	0.00041740381096014447	11848
chrX	9800000	9900000	0.0	NA
chrX	9900000	10000000	0.0004651702977486189	44001
chrX	10000000	10100000	0.0	NA
chrX	10100000	10200000	0.000747838319707876	8765
chrX	10200000	10300000	0.0008241731943418343	29283
chrX	10300000	10400000	0.0	NA
chrX	10400000	10500000	0.0	NA
chrX	10500000	10600000	0.0	NA
chrX	10600000	10700000	0.0	NA
chrX	10700000	10800000	0.0	NA
chrX	10800000	10900000	0.0	NA
chrX	10900000	11000000	0.0	NA
chrX	11000000	11100000	0.0	NA
chrX	11100000	11200000	0.0	NA
chrX	11200000	11300000	0.0	NA
chrX	11300000	11400000	0.0	NA
chrX	11400000	11500000	0.0	NA
chrX	11500000	11600000	0.0	NA
chrX	11600000	11700000	0.0	NA
chrX	11700000	11800000	0.0	NA
chrX	11800000	11900000	0.0	NA
chrX	11900000	12000000	0.0	NA
chrX	12000000	12100000	0.0	NA
chrX	12100000	12200000	0.0	NA
chrX	12200000	12300000	0.0	NA
chrX	12300000	12400000	0.0	NA
chrX	12400000	12500000	0.0	NA
chrX	12500000	12600000	0.0	NA
chrX	12600000	12700000	0.0	NA
chrX	12700000	12800000	0.000634467143449757	43811
chrX	12800000	12900000	0.0009542917483137487	25947
chrX	12900000	13000000	0.0007441836297248565	35930
chrX	13000000	13100000	0.0005250110232844891	74039
chrX	13100000	13200000	0.0003114166943455803	80230
chrX	13200000	13300000	0.0003620505298426885	83862
chrX	13300000	13400000	0.00026814012649445173	73450
chrX	13400000	13500000	0.0006786362198182581	78761
chrX	13500000	13600000	0.0006818799030183421	74737
chrX	13600000	13700000	0.0005812844851877708	22874
chrX	13700000	13800000	0.0004360583362517381	9371
chrX	13800000	13900000	0.0	NA
chrX	13900000	14000000	0.00046923514449978624	29364
chrX	14000000	14100000	0.0004769020446476426	65754
chrX	14100000	14200000	0.0005941778557869862	79481
chrX	14200000	14300000	0.0002623092399892957	74794
chrX	14300000	14400000	0.0005179967824747361	79874
chrX	14400000	14500000	0.00013815776418051878	80841
chrX	14500000	14600000	0.00023450141327657415	42635
chrX	14600000	14700000	0.0	NA
chrX	14700000	14800000	0.00024719329625210747	38657
chrX	14800000	14900000	0.0002833465474090221	48752
chrX	14900000	15000000	0.0006010242534837296	42771
chrX	15000000	15100000	0.00044372222734261323	80872
chrX	15100000	15200000	0.00039527795575216695	82204
chrX	15200000	15300000	0.0006707291852120361	58956
chrX	15300000	15400000	0.0005430517801766516	11373
chrX	15400000	15500000	0.0	NA
chrX	15500000	15600000	0.0002565250025954302	10123
chrX	15600000	15700000	0.000536146695864627	13653
chrX	15700000	15800000	0.0002791376181651177	23510
chrX	15800000	15900000	0.0002687069051582876	26088
chrX	15900000	16000000	0.00037276430793613285	81552
chrX	16000000	16100000	0.00019137660808142318	82768
chrX	16100000	16200000	0.0005199852368654971	53837
chrX	16200000	16300000	0.0006020041937107601	72067
chrX	16300000	16400000	0.0005481505660889462	72354
chrX	16400000	16500000	0.00041935494314991167	84033
chrX	16500000	16600000	0.0006287978356762117	70365
chrX	16600000	16700000	4.81942003840707e-05	3618
chrX	16700000	16800000	0.00043539288856332925	12512
chrX	16800000	16900000	0.0004377531949486021	11521
chrX	16900000	17000000	0.0006001825837239112	32283
chrX	17000000	17100000	0.0	NA
chrX	17100000	17200000	0.0	NA
chrX	17200000	17300000	0.0	NA
chrX	17300000	17400000	0.0	NA
chrX	17400000	17500000	0.0	NA
chrX	17500000	17600000	0.0	NA
chrX	17600000	17700000	0.0	NA
chrX	17700000	17800000	0.0	NA
chrX	17800000	17900000	0.0	NA
chrX	17900000	18000000	0.0	NA
chrX	18000000	18100000	0.0	NA
chrX	18100000	18200000	0.0	NA
chrX	18200000	18300000	0.0	NA
chrX	18300000	18400000	0.0	NA
chrX	18400000	18500000	0.0	NA
chrX	18500000	18600000	0.0	NA
chrX	18600000	18700000	0.0	NA
chrX	18700000	18800000	0.0	NA
chrX	18800000	18900000	0.0002299738721886838	32737
chrX	18900000	19000000	7.850655426676565e-05	7954
chrX	19000000	19100000	1.9650959460564377e-05	4116
chrX	19100000	19200000	0.00018591759037999352	39110
chrX	19200000	19300000	0.00015129824085790484	73116
chrX	19300000	19400000	0.00016631873273380906	2790
chrX	19400000	19500000	0.0	NA
chrX	19500000	19600000	0.0	NA
chrX	19600000	19700000	0.0	NA
chrX	19700000	19800000	0.0	NA
chrX	19800000	19900000	0.0	NA
chrX	19900000	20000000	0.0	NA
chrX	20000000	20100000	0.0	NA
chrX	20100000	20200000	0.0	NA
chrX	20200000	20300000	0.0	NA
chrX	20300000	20400000	0.0	NA
chrX	20400000	20500000	0.0	NA
chrX	20500000	20600000	0.0	NA
chrX	20600000	20700000	0.0	NA
chrX	20700000	20800000	0.0	NA
chrX	20800000	20900000	0.0	NA
chrX	20900000	21000000	0.0	NA
chrX	21000000	21100000	0.0	NA
chrX	21100000	21200000	0.0	NA
chrX	21200000	21300000	0.0	NA
chrX	21300000	21400000	0.0	NA
chrX	21400000	21500000	0.0	NA
chrX	21500000	21600000	0.0	NA
chrX	21600000	21700000	0.0	NA
chrX	21700000	21800000	0.0	NA
chrX	21800000	21900000	0.0	NA
chrX	21900000	22000000	0.0	NA
chrX	22000000	22100000	0.0	NA
chrX	22100000	22200000	0.0	NA
chrX	22200000	22300000	0.0	NA
chrX	22300000	22400000	0.0	NA
chrX	22400000	22500000	0.0	NA
chrX	22500000	22600000	0.0	NA
chrX	22600000	22700000	0.0	NA
chrX	22700000	22800000	0.0	NA
chrX	22800000	22900000	0.0	NA
chrX	22900000	23000000	0.0	NA
chrX	23000000	23100000	0.0	NA
chrX	23100000	23200000	0.0	NA
chrX	23200000	23300000	0.0	NA
chrX	23300000	23400000	0.0004037271231203738	38178
chrX	23400000	23500000	0.00047977944683262076	60203
chrX	23500000	23600000	0.0004418138102684644	72295
chrX	23600000	23700000	0.0007753453081210716	61975
chrX	23700000	23800000	0.0010860695977189538	25799
chrX	23800000	23900000	0.0004658393765560815	25641
chrX	23900000	24000000	0.0004453597255393129	23844
chrX	24000000	24100000	0.00026086739596461073	10384
chrX	24100000	24200000	0.0004373607001923547	32863
chrX	24200000	24300000	0.0006110982998990072	44739
chrX	24300000	24400000	0.00020567879052096696	68865
chrX	24400000	24500000	0.00039721039518802456	63323
chrX	24500000	24600000	0.0003889549751550756	6730
chrX	24600000	24700000	0.00010357218427514312	7120
chrX	24700000	24800000	9.303262594170727e-05	8397
chrX	24800000	24900000	0.0	NA
chrX	24900000	25000000	0.0	NA
chrX	25000000	25100000	0.00026595538604752214	56512
chrX	25100000	25200000	0.0002332602618249866	78985
chrX	25200000	25300000	0.0003188645693723954	85156
chrX	25300000	25400000	0.00024747290454951764	65743
chrX	25400000	25500000	0.00032730238829346	80410
chrX	25500000	25600000	0.0006003215220124127	86307
chrX	25600000	25700000	0.000574363589055302	91717
chrX	25700000	25800000	0.0007951007479642902	79346
chrX	25800000	25900000	0.0005263912672903416	84625
chrX	25900000	26000000	0.0006497904405299124	75396
chrX	26000000	26100000	0.00048128436282426527	81360
chrX	26100000	26200000	0.0005724249313334048	73080
chrX	26200000	26300000	0.0004762860737280281	74608
chrX	26300000	26400000	0.00039904308792551986	71017
chrX	26400000	26500000	0.00029620388675122847	84539
chrX	26500000	26600000	0.0002813428006662664	75100
chrX	26600000	26700000	0.0003911022692445478	85836
chrX	26700000	26800000	0.00046310693821950216	81441
chrX	26800000	26900000	0.0006475863354088009	85563
chrX	26900000	27000000	0.0007215667378561861	86586
chrX	27000000	27100000	0.0004440938770737828	78634
chrX	27100000	27200000	0.0005643115213746975	75843
chrX	27200000	27300000	0.0005433684273279568	81114
chrX	27300000	27400000	0.0006900542531382681	74297
chrX	27400000	27500000	0.0007996111933499406	78903
chrX	27500000	27600000	0.0006906266848657075	75188
chrX	27600000	27700000	0.00037947168986863383	82222
chrX	27700000	27800000	0.0005056902650088976	81185
chrX	27800000	27900000	0.00023008318555836388	75740
chrX	27900000	28000000	0.00014825869566572933	83629
chrX	28000000	28100000	0.0004472286563309198	87563
chrX	28100000	28200000	0.00030270090109653743	80671
chrX	28200000	28300000	0.00044250430611913403	83213
chrX	28300000	28400000	0.00020523875993195021	81454
chrX	28400000	28500000	0.0004943360216329936	74206
chrX	28500000	28600000	0.0003687671353664942	79862
chrX	28600000	28700000	0.00035075695614083293	5532
chrX	28700000	28800000	0.0	NA
chrX	28800000	28900000	0.0	NA
chrX	28900000	29000000	0.0	NA
chrX	29000000	29100000	0.0	NA
chrX	29100000	29200000	0.0	NA
chrX	29200000	29300000	0.0	NA
chrX	29300000	29400000	0.0	NA
chrX	29400000	29500000	0.0	NA
chrX	29500000	29600000	0.0	NA
chrX	29600000	29700000	0.0	NA
chrX	29700000	29800000	0.0	NA
chrX	29800000	29900000	0.0	NA
chrX	29900000	30000000	8.697393325622483e-05	17886
chrX	30000000	30100000	0.00020598870081065025	75211
chrX	30100000	30200000	0.00047410136422967094	82088
chrX	30200000	30300000	0.0006433053570226236	68485
chrX	30300000	30400000	0.0005684828265088232	77006
chrX	30400000	30500000	0.000501536384383583	81302
chrX	30500000	30600000	0.0004110081010230043	61425
chrX	30600000	30700000	0.0004052284231121788	46509
chrX	30700000	30800000	0.0004418078673502812	29646
chrX	30800000	30900000	0.00018727752805159617	20458
chrX	30900000	31000000	0.0005885547735109801	81314
chrX	31000000	31100000	0.0004732650774816518	79204
chrX	31100000	31200000	0.00022025076674837116	32605
chrX	31200000	31300000	0.0	NA
chrX	31300000	31400000	0.0	NA
chrX	31400000	31500000	0.0	NA
chrX	31500000	31600000	0.0	NA
chrX	31600000	31700000	0.0	NA
chrX	31700000	31800000	0.0	NA
chrX	31800000	31900000	0.0	NA
chrX	31900000	32000000	0.0	NA
chrX	32000000	32100000	0.0	NA
chrX	32100000	32200000	0.0	NA
chrX	32200000	32300000	0.0	NA
chrX	32300000	32400000	0.0	NA
chrX	32400000	32500000	0.0	NA
chrX	32500000	32600000	0.0	NA
chrX	32600000	32700000	0.0	NA
chrX	32700000	32800000	0.0	NA
chrX	32800000	32900000	0.0	NA
chrX	32900000	33000000	0.0	NA
chrX	33000000	33100000	0.0	NA
chrX	33100000	33200000	0.0	NA
chrX	33200000	33300000	0.0	NA
chrX	33300000	33400000	0.0005813535450441022	32560
chrX	33400000	33500000	0.00022091701843582017	84705
chrX	33500000	33600000	0.0005335444275039401	81055
chrX	33600000	33700000	0.0005661982206493781	84563
chrX	33700000	33800000	0.0004943926921732274	84785
chrX	33800000	33900000	0.0007015896607389456	85057
chrX	33900000	34000000	0.0007252680487483489	84549
chrX	34000000	34100000	0.0006218349623799427	91089
chrX	34100000	34200000	0.0006714373232907208	76290
chrX	34200000	34300000	0.000814960902478323	83539
chrX	34300000	34400000	0.0006274018893474764	84866
chrX	34400000	34500000	0.00071860665297975	74386
chrX	34500000	34600000	0.0003866181440982963	83698
chrX	34600000	34700000	0.0002583711779056562	62606
chrX	34700000	34800000	0.00030267424174243034	85644
chrX	34800000	34900000	0.00031537065491937376	79295
chrX	34900000	35000000	0.0004906217718653744	85031
chrX	35000000	35100000	0.0006235808508729734	84520
chrX	35100000	35200000	0.00025603510258968425	83989
chrX	35200000	35300000	0.0003678017126347446	82838
chrX	35300000	35400000	0.0005693558515289189	83294
chrX	35400000	35500000	0.00044918069663358446	83693
chrX	35500000	35600000	0.00046077996930212747	79453
chrX	35600000	35700000	0.0005443423512970314	72509
chrX	35700000	35800000	0.0002510726081821024	87814
chrX	35800000	35900000	0.0007708278922090797	79834
chrX	35900000	36000000	0.00020239493128613564	28989
chrX	36000000	36100000	0.0	NA
chrX	36100000	36200000	0.0	NA
chrX	36200000	36300000	0.0	NA
chrX	36300000	36400000	0.0	NA
chrX	36400000	36500000	0.00024147129632570304	31231
chrX	36500000	36600000	9.735544685787448e-05	87048
chrX	36600000	36700000	0.0008046981097860295	84166
chrX	36700000	36800000	0.00046529376418597506	83505
chrX	36800000	36900000	0.0004971315156745082	90691
chrX	36900000	37000000	0.0002834284252280717	78143
chrX	37000000	37100000	0.00012162387250629452	51870
chrX	37100000	37200000	0.00012390642986933237	38644
chrX	37200000	37300000	0.00025292718115151334	8119
chrX	37300000	37400000	0.00019449104125641214	41133
chrX	37400000	37500000	6.769300080560393e-05	13968
chrX	37500000	37600000	0.00015992970293867773	15052
chrX	37600000	37700000	0.0002659823765786885	49342
chrX	37700000	37800000	0.00019262198970807466	78306
chrX	37800000	37900000	0.0006943200757354211	53127
chrX	37900000	38000000	0.0002359715992656318	11123
chrX	38000000	38100000	0.0003832436208753162	25187
chrX	38100000	38200000	0.0005397306087694885	33111
chrX	38200000	38300000	0.0009977050097248969	25710
chrX	38300000	38400000	0.0002463064568286795	39860
chrX	38400000	38500000	0.0	NA
chrX	38500000	38600000	0.0	NA
chrX	38600000	38700000	0.0	NA
chrX	38700000	38800000	0.0	NA
chrX	38800000	38900000	0.0	NA
chrX	38900000	39000000	0.0	NA
chrX	39000000	39100000	0.0	NA
chrX	39100000	39200000	0.0	NA
chrX	39200000	39300000	0.0	NA
chrX	39300000	39400000	0.0	NA
chrX	39400000	39500000	0.0	NA
chrX	39500000	39600000	0.0	NA
chrX	39600000	39700000	0.0	NA
chrX	39700000	39800000	0.0	NA
chrX	39800000	39900000	0.0	NA
chrX	39900000	40000000	0.0	NA
chrX	40000000	40100000	0.0	NA
chrX	40100000	40200000	0.0	NA
chrX	40200000	40300000	0.0	NA
chrX	40300000	40400000	0.0	NA
chrX	40400000	40500000	0.0	NA
chrX	40500000	40600000	0.0	NA
chrX	40600000	40700000	0.0	NA
chrX	40700000	40800000	0.0	NA
chrX	40800000	40900000	0.0	NA
chrX	40900000	41000000	0.0	NA
chrX	41000000	41100000	0.0	NA
chrX	41100000	41200000	0.0	NA
chrX	41200000	41300000	0.0011310017307482147	12017
chrX	41300000	41400000	0.0008088333313712417	25399
chrX	41400000	41500000	0.0	NA
chrX	41500000	41600000	0.0	NA
chrX	41600000	41700000	0.0	NA
chrX	41700000	41800000	0.00014929709377613215	14731
chrX	41800000	41900000	0.0001753304427402725	80598
chrX	41900000	42000000	0.0004483184382028822	88976
chrX	42000000	42100000	0.00041212238354822596	79880
chrX	42100000	42200000	0.00039840739066320294	79572
chrX	42200000	42300000	0.000192823568309602	80006
chrX	42300000	42400000	0.00012543246933994164	83348
chrX	42400000	42500000	9.2268491154355e-05	81275
chrX	42500000	42600000	0.00029668559286096375	79932
chrX	42600000	42700000	0.0003786564066724815	81058
chrX	42700000	42800000	0.000534772088556104	79569
chrX	42800000	42900000	0.0005770399731070073	84428
chrX	42900000	43000000	0.0003597587800670481	89394
chrX	43000000	43100000	0.0002388898819350503	44692
chrX	43100000	43200000	0.000238872466742306	76557
chrX	43200000	43300000	0.00024135675203017942	86165
chrX	43300000	43400000	0.00032468517177862855	85402
chrX	43400000	43500000	0.0004789436829287115	77829
chrX	43500000	43600000	0.0004791837199370053	9768
chrX	43600000	43700000	0.0001737241653591829	17236
chrX	43700000	43800000	9.851234192287419e-05	48087
chrX	43800000	43900000	0.000386607077148053	61576
chrX	43900000	44000000	0.0003383860538304463	82612
chrX	44000000	44100000	0.00024090326458268169	6075
chrX	44100000	44200000	0.0	NA
chrX	44200000	44300000	0.0007311076165188367	68152
chrX	44300000	44400000	0.0004734866986613094	50725
chrX	44400000	44500000	0.0006429770819194363	45746
chrX	44500000	44600000	0.00042921605109112065	61365
chrX	44600000	44700000	0.0004591752410497135	47804
chrX	44700000	44800000	0.00014678464425160317	18821
chrX	44800000	44900000	0.0	NA
chrX	44900000	45000000	0.00018128553988179172	21963
chrX	45000000	45100000	0.000779544249737646	38914
chrX	45100000	45200000	0.00045521823285526623	85322
chrX	45200000	45300000	0.0004403554659986793	85326
chrX	45300000	45400000	0.00031033424613314186	61223
chrX	45400000	45500000	0.00014244901841265444	84098
chrX	45500000	45600000	0.0004048829185018032	76303
chrX	45600000	45700000	0.00042677609132769695	84474
chrX	45700000	45800000	0.0003260993439893856	74446
chrX	45800000	45900000	0.0004925084313830302	78444
chrX	45900000	46000000	0.00022313770877456266	21486
chrX	46000000	46100000	0.0	NA
chrX	46100000	46200000	0.0	NA
chrX	46200000	46300000	0.0	NA
chrX	46300000	46400000	0.0	NA
chrX	46400000	46500000	0.0	NA
chrX	46500000	46600000	0.0	NA
chrX	46600000	46700000	0.0	NA
chrX	46700000	46800000	0.0	NA
chrX	46800000	46900000	0.0	NA
chrX	46900000	47000000	0.0	NA
chrX	47000000	47100000	0.0	NA
chrX	47100000	47200000	0.0	NA
chrX	47200000	47300000	0.0	NA
chrX	47300000	47400000	0.0	NA
chrX	47400000	47500000	0.0	NA
chrX	47500000	47600000	0.0	NA
chrX	47600000	47700000	0.0	NA
chrX	47700000	47800000	0.0	NA
chrX	47800000	47900000	0.0	NA
chrX	47900000	48000000	0.0	NA
chrX	48000000	48100000	0.0	NA
chrX	48100000	48200000	0.0	NA
chrX	48200000	48300000	0.0	NA
chrX	48300000	48400000	0.0	NA
chrX	48400000	48500000	0.0	NA
chrX	48500000	48600000	0.0	NA
chrX	48600000	48700000	0.0	NA
chrX	48700000	48800000	0.0	NA
chrX	48800000	48900000	0.0	NA
chrX	48900000	49000000	0.0	NA
chrX	49000000	49100000	0.0	NA
chrX	49100000	49200000	0.0	NA
chrX	49200000	49300000	0.0	NA
chrX	49300000	49400000	0.0	NA
chrX	49400000	49500000	0.0	NA
chrX	49500000	49600000	0.0	NA
chrX	49600000	49700000	0.0	NA
chrX	49700000	49800000	0.0	NA
chrX	49800000	49900000	0.0	NA
chrX	49900000	50000000	0.0	NA
chrX	50000000	50100000	0.0	NA
chrX	50100000	50200000	0.0	NA
chrX	50200000	50300000	0.0	NA
chrX	50300000	50400000	0.0	NA
chrX	50400000	50500000	0.0	NA
chrX	50500000	50600000	0.0	NA
chrX	50600000	50700000	0.0	NA
chrX	50700000	50800000	0.0	NA
chrX	50800000	50900000	0.0	NA
chrX	50900000	51000000	0.0	NA
chrX	51000000	51100000	0.0	NA
chrX	51100000	51200000	0.0	NA
chrX	51200000	51300000	0.0	NA
chrX	51300000	51400000	0.0	NA
chrX	51400000	51500000	0.0	NA
chrX	51500000	51600000	0.0	NA
chrX	51600000	51700000	0.0	NA
chrX	51700000	51800000	0.0	NA
chrX	51800000	51900000	0.0	NA
chrX	51900000	52000000	0.0	NA
chrX	52000000	52100000	0.0	NA
chrX	52100000	52200000	0.0	NA
chrX	52200000	52300000	0.0	NA
chrX	52300000	52400000	0.0	NA
chrX	52400000	52500000	0.0	NA
chrX	52500000	52600000	0.0	NA
chrX	52600000	52700000	0.0	NA
chrX	52700000	52800000	0.0	NA
chrX	52800000	52900000	0.0	NA
chrX	52900000	53000000	0.0	NA
chrX	53000000	53100000	0.0	NA
chrX	53100000	53200000	0.0	NA
chrX	53200000	53300000	0.0	NA
chrX	53300000	53400000	0.0	NA
chrX	53400000	53500000	0.0	NA
chrX	53500000	53600000	0.0	NA
chrX	53600000	53700000	0.0	NA
chrX	53700000	53800000	0.0	NA
chrX	53800000	53900000	0.0	NA
chrX	53900000	54000000	0.0	NA
chrX	54000000	54100000	0.0	NA
chrX	54100000	54200000	0.0	NA
chrX	54200000	54300000	0.0	NA
chrX	54300000	54400000	0.0	NA
chrX	54400000	54500000	0.0	NA
chrX	54500000	54600000	0.0	NA
chrX	54600000	54700000	0.0	NA
chrX	54700000	54800000	0.0	NA
chrX	54800000	54900000	0.0	NA
chrX	54900000	55000000	0.0	NA
chrX	55000000	55100000	0.0	NA
chrX	55100000	55200000	0.0	NA
chrX	55200000	55300000	0.0	NA
chrX	55300000	55400000	0.0	NA
chrX	55400000	55500000	0.0	NA
chrX	55500000	55600000	0.0	NA
chrX	55600000	55700000	0.0	NA
chrX	55700000	55800000	0.0	NA
chrX	55800000	55900000	0.0	NA
chrX	55900000	56000000	0.0	NA
chrX	56000000	56100000	0.0	NA
chrX	56100000	56200000	0.0	NA
chrX	56200000	56300000	0.0	NA
chrX	56300000	56400000	0.0	NA
chrX	56400000	56500000	0.0	NA
chrX	56500000	56600000	0.0	NA
chrX	56600000	56700000	0.0	NA
chrX	56700000	56800000	0.0	NA
chrX	56800000	56900000	0.0	NA
chrX	56900000	57000000	0.0	NA
chrX	57000000	57100000	0.0	NA
chrX	57100000	57200000	0.0	NA
chrX	57200000	57300000	0.0	NA
chrX	57300000	57400000	0.0	NA
chrX	57400000	57500000	0.0	NA
chrX	57500000	57600000	0.0	NA
chrX	57600000	57700000	0.0	NA
chrX	57700000	57800000	0.0	NA
chrX	57800000	57900000	0.0	NA
chrX	57900000	58000000	0.0	NA
chrX	58000000	58100000	0.0	NA
chrX	58100000	58200000	0.0	NA
chrX	58200000	58300000	0.0	NA
chrX	58300000	58400000	0.0	NA
chrX	58400000	58500000	0.0	NA
chrX	58500000	58600000	0.0	NA
chrX	58600000	58700000	0.0	NA
chrX	58700000	58800000	0.0	NA
chrX	58800000	58900000	0.0	NA
chrX	58900000	59000000	0.0	NA
chrX	59000000	59100000	0.0	NA
chrX	59100000	59200000	0.0	NA
chrX	59200000	59300000	0.0	NA
chrX	59300000	59400000	0.0	NA
chrX	59400000	59500000	0.0	NA
chrX	59500000	59600000	0.0	NA
chrX	59600000	59700000	0.0	NA
chrX	59700000	59800000	0.0	NA
chrX	59800000	59900000	0.0	NA
chrX	59900000	60000000	0.0	NA
chrX	60000000	60100000	0.0	NA
chrX	60100000	60200000	0.0	NA
chrX	60200000	60300000	0.0	NA
chrX	60300000	60400000	0.0	NA
chrX	60400000	60500000	0.0	NA
chrX	60500000	60600000	0.0	NA
chrX	60600000	60700000	0.0	NA
chrX	60700000	60800000	0.0	NA
chrX	60800000	60900000	0.0	NA
chrX	60900000	61000000	0.0	NA
chrX	61000000	61100000	0.0	NA
chrX	61100000	61200000	0.0	NA
chrX	61200000	61300000	0.0	NA
chrX	61300000	61400000	0.0	NA
chrX	61400000	61500000	0.0	NA
chrX	61500000	61600000	0.0	NA
chrX	61600000	61700000	0.0	NA
chrX	61700000	61800000	0.0	NA
chrX	61800000	61900000	0.0	NA
chrX	61900000	62000000	0.0	NA
chrX	62000000	62100000	0.0	NA
chrX	62100000	62200000	0.0	NA
chrX	62200000	62300000	0.0	NA
chrX	62300000	62400000	0.0	NA
chrX	62400000	62500000	0.0	NA
chrX	62500000	62600000	0.0	NA
chrX	62600000	62700000	0.0	NA
chrX	62700000	62800000	0.0	NA
chrX	62800000	62900000	0.0	NA
chrX	62900000	63000000	0.0	NA
chrX	63000000	63100000	0.0	NA
chrX	63100000	63200000	0.0	NA
chrX	63200000	63300000	0.0	NA
chrX	63300000	63400000	0.0	NA
chrX	63400000	63500000	0.0	NA
chrX	63500000	63600000	0.0	NA
chrX	63600000	63700000	0.0	NA
chrX	63700000	63800000	0.0	NA
chrX	63800000	63900000	0.0	NA
chrX	63900000	64000000	0.0	NA
chrX	64000000	64100000	0.0	NA
chrX	64100000	64200000	0.0	NA
chrX	64200000	64300000	0.0	NA
chrX	64300000	64400000	0.0	NA
chrX	64400000	64500000	0.0	NA
chrX	64500000	64600000	0.0	NA
chrX	64600000	64700000	0.0	NA
chrX	64700000	64800000	0.0	NA
chrX	64800000	64900000	0.0	NA
chrX	64900000	65000000	0.0	NA
chrX	65000000	65100000	0.0	NA
chrX	65100000	65200000	0.0	NA
chrX	65200000	65300000	0.0	NA
chrX	65300000	65400000	0.0	NA
chrX	65400000	65500000	0.0	NA
chrX	65500000	65600000	0.0	NA
chrX	65600000	65700000	0.0	NA
chrX	65700000	65800000	0.0	NA
chrX	65800000	65900000	0.0	NA
chrX	65900000	66000000	0.0	NA
chrX	66000000	66100000	0.0	NA
chrX	66100000	66200000	0.0	NA
chrX	66200000	66300000	0.0	NA
chrX	66300000	66400000	0.0	NA
chrX	66400000	66500000	0.0	NA
chrX	66500000	66600000	0.0	NA
chrX	66600000	66700000	0.0	NA
chrX	66700000	66800000	0.0	NA
chrX	66800000	66900000	0.0	NA
chrX	66900000	67000000	0.0	NA
chrX	67000000	67100000	0.0	NA
chrX	67100000	67200000	0.0	NA
chrX	67200000	67300000	0.0	NA
chrX	67300000	67400000	0.0	NA
chrX	67400000	67500000	0.0	NA
chrX	67500000	67600000	0.0	NA
chrX	67600000	67700000	0.0	NA
chrX	67700000	67800000	0.0	NA
chrX	67800000	67900000	0.0	NA
chrX	67900000	68000000	0.0	NA
chrX	68000000	68100000	0.0	NA
chrX	68100000	68200000	0.0	NA
chrX	68200000	68300000	0.0	NA
chrX	68300000	68400000	0.0	NA
chrX	68400000	68500000	0.0	NA
chrX	68500000	68600000	0.0	NA
chrX	68600000	68700000	0.0	NA
chrX	68700000	68800000	0.0	NA
chrX	68800000	68900000	0.0	NA
chrX	68900000	69000000	0.0	NA
chrX	69000000	69100000	0.0	NA
chrX	69100000	69200000	0.0	NA
chrX	69200000	69300000	0.0	NA
chrX	69300000	69400000	0.0	NA
chrX	69400000	69500000	0.0	NA
chrX	69500000	69600000	0.0	NA
chrX	69600000	69700000	0.0	NA
chrX	69700000	69800000	0.0	NA
chrX	69800000	69900000	0.0	NA
chrX	69900000	70000000	0.0	NA
chrX	70000000	70100000	0.0	NA
chrX	70100000	70200000	0.0	NA
chrX	70200000	70300000	0.0	NA
chrX	70300000	70400000	0.0	NA
chrX	70400000	70500000	0.0	NA
chrX	70500000	70600000	0.0	NA
chrX	70600000	70700000	0.0	NA
chrX	70700000	70800000	0.0	NA
chrX	70800000	70900000	0.0	NA
chrX	70900000	71000000	0.0	NA
chrX	71000000	71100000	0.0	NA
chrX	71100000	71200000	0.0	NA
chrX	71200000	71300000	0.0	NA
chrX	71300000	71400000	0.0	NA
chrX	71400000	71500000	0.0	NA
chrX	71500000	71600000	0.0	NA
chrX	71600000	71700000	0.0	NA
chrX	71700000	71800000	0.0	NA
chrX	71800000	71900000	0.0	NA
chrX	71900000	72000000	0.0	NA
chrX	72000000	72100000	0.0	NA
chrX	72100000	72200000	0.0	NA
chrX	72200000	72300000	0.0	NA
chrX	72300000	72400000	0.0	NA
chrX	72400000	72500000	0.0	NA
chrX	72500000	72600000	0.0	NA
chrX	72600000	72700000	0.0	NA
chrX	72700000	72800000	0.0	NA
chrX	72800000	72900000	0.0	NA
chrX	72900000	73000000	0.0	NA
chrX	73000000	73100000	0.0	NA
chrX	73100000	73200000	0.0	NA
chrX	73200000	73300000	0.0	NA
chrX	73300000	73400000	0.0	NA
chrX	73400000	73500000	0.0	NA
chrX	73500000	73600000	0.0	NA
chrX	73600000	73700000	0.0	NA
chrX	73700000	73800000	0.0	NA
chrX	73800000	73900000	0.0	NA
chrX	73900000	74000000	0.0	NA
chrX	74000000	74100000	0.0	NA
chrX	74100000	74200000	0.0	NA
chrX	74200000	74300000	0.0	NA
chrX	74300000	74400000	0.0	NA
chrX	74400000	74500000	0.0	NA
chrX	74500000	74600000	0.0	NA
chrX	74600000	74700000	0.0	NA
chrX	74700000	74800000	0.0	NA
chrX	74800000	74900000	0.0	NA
chrX	74900000	75000000	0.0	NA
chrX	75000000	75100000	0.0	NA
chrX	75100000	75200000	0.0	NA
chrX	75200000	75300000	0.0	NA
chrX	75300000	75400000	0.0	NA
chrX	75400000	75500000	0.0	NA
chrX	75500000	75600000	0.0	NA
chrX	75600000	75700000	0.0	NA
chrX	75700000	75800000	0.0	NA
chrX	75800000	75900000	0.0	NA
chrX	75900000	76000000	0.0	NA
chrX	76000000	76100000	0.0	NA
chrX	76100000	76200000	0.0	NA
chrX	76200000	76300000	0.0	NA
chrX	76300000	76400000	0.0	NA
chrX	76400000	76500000	0.0	NA
chrX	76500000	76600000	0.0	NA
chrX	76600000	76700000	0.0	NA
chrX	76700000	76800000	0.0	NA
chrX	76800000	76900000	0.0	NA
chrX	76900000	77000000	0.0	NA
chrX	77000000	77100000	0.0	NA
chrX	77100000	77200000	0.0	NA
chrX	77200000	77300000	0.0	NA
chrX	77300000	77400000	0.0	NA
chrX	77400000	77500000	0.0	NA
chrX	77500000	77600000	0.0	NA
chrX	77600000	77700000	0.0	NA
chrX	77700000	77800000	0.0	NA
chrX	77800000	77900000	0.0	NA
chrX	77900000	78000000	0.00042926481509138095	37998
chrX	78000000	78100000	0.0004961714063349025	69973
chrX	78100000	78200000	0.00026884702339674625	76470
chrX	78200000	78300000	0.0005034803065363976	56319
chrX	78300000	78400000	0.0004718277923700118	79018
chrX	78400000	78500000	0.0007733396803251669	76906
chrX	78500000	78600000	0.0007525076234631357	80798
chrX	78600000	78700000	0.0008948822584375866	72185
chrX	78700000	78800000	0.00048567783718127076	72233
chrX	78800000	78900000	0.0007370756482449816	85322
chrX	78900000	79000000	0.0009368135220565084	71153
chrX	79000000	79100000	0.0007571852451963727	74574
chrX	79100000	79200000	0.0012668868364896018	68742
chrX	79200000	79300000	0.001415285951835661	57453
chrX	79300000	79400000	0.0005663232068004059	71543
chrX	79400000	79500000	0.0006949501031204827	56673
chrX	79500000	79600000	0.00042841920636257447	185
chrX	79600000	79700000	0.0	NA
chrX	79700000	79800000	0.0002279841805014433	70979
chrX	79800000	79900000	0.0002478174436004477	69882
chrX	79900000	80000000	0.0002952104890437393	17079
chrX	80000000	80100000	0.00032574042201230106	22051
chrX	80100000	80200000	0.0005674649269254221	64438
chrX	80200000	80300000	0.0005252578762822218	60867
chrX	80300000	80400000	0.00041407130737861937	49662
chrX	80400000	80500000	0.0	NA
chrX	80500000	80600000	0.0005015593517428831	32793
chrX	80600000	80700000	0.0005012832901058231	87081
chrX	80700000	80800000	0.000990129049341677	78084
chrX	80800000	80900000	0.0005934069754158463	82390
chrX	80900000	81000000	0.00043213185109432115	71089
chrX	81000000	81100000	0.0006391014990534372	65405
chrX	81100000	81200000	0.0006317911152608612	81176
chrX	81200000	81300000	0.00035386833347255347	71634
chrX	81300000	81400000	0.0006414924659231677	84901
chrX	81400000	81500000	0.00015283130583416924	80220
chrX	81500000	81600000	0.00013263782928915504	87904
chrX	81600000	81700000	0.0004615204532532554	80926
chrX	81700000	81800000	0.0005768984086934389	75521
chrX	81800000	81900000	0.000678719713482604	78503
chrX	81900000	82000000	0.0005135213447326545	79390
chrX	82000000	82100000	0.0007726998141210247	70360
chrX	82100000	82200000	0.00046435864300525207	82185
chrX	82200000	82300000	0.0007505480068787382	80752
chrX	82300000	82400000	0.000413901918270394	75059
chrX	82400000	82500000	0.0004398433908228241	81344
chrX	82500000	82600000	0.00020641896870653915	77677
chrX	82600000	82700000	0.0004039149232761677	70306
chrX	82700000	82800000	0.00024781786164830783	86482
chrX	82800000	82900000	0.0003823492941857623	73797
chrX	82900000	83000000	0.0003969862412571731	65746
chrX	83000000	83100000	0.00025384037680040427	71216
chrX	83100000	83200000	0.00020644637948617365	61184
chrX	83200000	83300000	0.0002581857959944043	77716
chrX	83300000	83400000	0.00024079814535878937	10199
chrX	83400000	83500000	0.0003820692588994007	50376
chrX	83500000	83600000	0.0006477107871927889	55116
chrX	83600000	83700000	0.0	NA
chrX	83700000	83800000	0.00147408456076055	35573
chrX	83800000	83900000	0.0006385042677144013	72500
chrX	83900000	84000000	0.00041900538435023715	82759
chrX	84000000	84100000	0.0007666094060109186	76378
chrX	84100000	84200000	0.0005409055521869722	62829
chrX	84200000	84300000	0.0004944778900829107	33244
chrX	84300000	84400000	0.0006554686261284457	26706
chrX	84400000	84500000	0.0005160312810960196	70104
chrX	84500000	84600000	0.0005379933256760635	3887
chrX	84600000	84700000	8.124333520138494e-05	46655
chrX	84700000	84800000	0.0002112140087848885	83194
chrX	84800000	84900000	0.000826554097217768	74517
chrX	84900000	85000000	0.0009723670896989718	65222
chrX	85000000	85100000	0.0007184403194211832	68020
chrX	85100000	85200000	0.0005006747791072143	12413
chrX	85200000	85300000	0.0	NA
chrX	85300000	85400000	0.0008223932006633212	70772
chrX	85400000	85500000	0.00044234028692193483	2548
chrX	85500000	85600000	0.0	NA
chrX	85600000	85700000	0.0	NA
chrX	85700000	85800000	0.0	NA
chrX	85800000	85900000	0.0	NA
chrX	85900000	86000000	0.0	NA
chrX	86000000	86100000	0.0007132855828463684	11229
chrX	86100000	86200000	0.0005771403109104459	76098
chrX	86200000	86300000	0.0007732466132107394	73869
chrX	86300000	86400000	0.0005764114145601595	73342
chrX	86400000	86500000	0.0010579777935774458	79538
chrX	86500000	86600000	0.0009147070834523235	80524
chrX	86600000	86700000	0.0010095684803286713	80310
chrX	86700000	86800000	0.0007882333268605709	54161
chrX	86800000	86900000	0.0	NA
chrX	86900000	87000000	0.00033464994455991977	57181
chrX	87000000	87100000	0.000634459926074219	71326
chrX	87100000	87200000	0.00047879823178416804	85549
chrX	87200000	87300000	0.00015126328481806194	77545
chrX	87300000	87400000	0.0002371830147365032	87214
chrX	87400000	87500000	0.0007791508150987414	82770
chrX	87500000	87600000	0.0008736170922796667	71770
chrX	87600000	87700000	0.0011383717717898157	84236
chrX	87700000	87800000	0.0013971769322799236	73486
chrX	87800000	87900000	0.0003987432153534286	82864
chrX	87900000	88000000	0.0002317699072727135	83275
chrX	88000000	88100000	0.0005758376849121125	63045
chrX	88100000	88200000	0.0005669084584123642	81860
chrX	88200000	88300000	0.0007926430535810182	83872
chrX	88300000	88400000	0.0007657726001148514	82143
chrX	88400000	88500000	0.0007944626317751152	47115
chrX	88500000	88600000	0.0005002449115712895	65
chrX	88600000	88700000	0.0	62
chrX	88700000	88800000	0.0	51
chrX	88800000	88900000	0.0005009122343288209	1265
chrX	88900000	89000000	0.002318418370824319	9301
chrX	89000000	89100000	0.0	599
chrX	89100000	89200000	0.0	33
chrX	89200000	89300000	0.0006210868590285287	34332
chrX	89300000	89400000	0.0006183844578162361	41558
chrX	89400000	89500000	2.8271950111761535e-05	3412
chrX	89500000	89600000	0.0003252183231255432	1833
chrX	89600000	89700000	0.0003735007910203768	514
chrX	89700000	89800000	0.00044469015912696516	372
chrX	89800000	89900000	0.0005389543392524019	4368
chrX	89900000	90000000	0.00037347482008654977	1360
chrX	90000000	90100000	0.0	782
chrX	90100000	90200000	0.0008997777851050625	7649
chrX	90200000	90300000	0.0006782670787394798	6996
chrX	90300000	90400000	0.0008378464184804332	77222
chrX	90400000	90500000	0.000953728991222128	228
chrX	90500000	90600000	0.0009793765249159253	66546
chrX	90600000	90700000	0.0004820019313053634	62942
chrX	90700000	90800000	0.0009039140550014585	30386
chrX	90800000	90900000	0.0002901048557811199	1345
chrX	90900000	91000000	0.0008613789914805575	17357
chrX	91000000	91100000	0.002855451423455052	276
chrX	91100000	91200000	0.0	NA
chrX	91200000	91300000	0.0	NA
chrX	91300000	91400000	0.0	NA
chrX	91400000	91500000	0.0	NA
chrX	91500000	91600000	0.0	NA
chrX	91600000	91700000	0.0	NA
chrX	91700000	91800000	0.0	NA
chrX	91800000	91900000	0.0006274451753835757	648
chrX	91900000	92000000	0.0	250
chrX	92000000	92100000	0.0022978156064422765	226
chrX	92100000	92200000	0.0003923058566939201	4282
chrX	92200000	92300000	0.0002012483722674368	857
chrX	92300000	92400000	0.00022327668036230174	21631
chrX	92400000	92500000	0.00014629067739100582	82097
chrX	92500000	92600000	0.0010488071265791668	80729
chrX	92600000	92700000	0.0005700620710018561	82484
chrX	92700000	92800000	0.0010502141412507611	84326
chrX	92800000	92900000	0.0005814852583991955	77046
chrX	92900000	93000000	0.00044878759994904885	49011
chrX	93000000	93100000	0.00028194404204453697	90770
chrX	93100000	93200000	0.0005282725620537658	79369
chrX	93200000	93300000	0.0003469598210490592	81587
chrX	93300000	93400000	0.0007034243531900325	82176
chrX	93400000	93500000	0.000431670338218674	84111
chrX	93500000	93600000	0.0004554388271424245	82435
chrX	93600000	93700000	0.0005697479103030012	86640
chrX	93700000	93800000	0.0005381039048278977	79207
chrX	93800000	93900000	0.00033427327312461	83504
chrX	93900000	94000000	0.00029956645595186814	79081
chrX	94000000	94100000	0.0003470232279840048	68599
chrX	94100000	94200000	0.0003874167799497248	81259
chrX	94200000	94300000	0.0006511038789579752	82929
chrX	94300000	94400000	0.0007569718306232248	79103
chrX	94400000	94500000	0.0006657494074191196	80136
chrX	94500000	94600000	8.909079855232567e-05	80477
chrX	94600000	94700000	6.113486356735197e-05	83628
chrX	94700000	94800000	6.82248259712345e-05	85075
chrX	94800000	94900000	0.00013032878141519416	76229
chrX	94900000	95000000	0.00019788580189020983	86842
chrX	95000000	95100000	0.00045391871898630353	78596
chrX	95100000	95200000	0.0005786902896994502	82344
chrX	95200000	95300000	0.0005632700294861052	79875
chrX	95300000	95400000	0.0004126553553840425	73828
chrX	95400000	95500000	0.0002894719095268915	76776
chrX	95500000	95600000	0.0006455851538434761	66411
chrX	95600000	95700000	0.00048451884980811583	80332
chrX	95700000	95800000	0.0005579023390091301	72601
chrX	95800000	95900000	0.0005379839492160167	65373
chrX	95900000	96000000	0.0007475445949200056	29983
chrX	96000000	96100000	0.0	NA
chrX	96100000	96200000	0.0	NA
chrX	96200000	96300000	0.0	NA
chrX	96300000	96400000	0.0	NA
chrX	96400000	96500000	0.0	NA
chrX	96500000	96600000	0.0	NA
chrX	96600000	96700000	0.0	NA
chrX	96700000	96800000	0.0	NA
chrX	96800000	96900000	0.00020097867676479108	39876
chrX	96900000	97000000	0.0003171246336502411	83338
chrX	97000000	97100000	0.0005947924375584828	82586
chrX	97100000	97200000	0.00017253887796435806	80776
chrX	97200000	97300000	3.208301932611718e-05	85277
chrX	97300000	97400000	0.0002256836817285298	81899
chrX	97400000	97500000	0.0002687904527290801	80460
chrX	97500000	97600000	0.00023326522875317094	79157
chrX	97600000	97700000	0.00041848402109982187	75053
chrX	97700000	97800000	0.0002855012104168709	83246
chrX	97800000	97900000	0.0005507410049826952	79038
chrX	97900000	98000000	0.0003947731312512636	74310
chrX	98000000	98100000	0.000295270893632573	85181
chrX	98100000	98200000	0.00039337755959279353	79778
chrX	98200000	98300000	0.00034298863743392353	89955
chrX	98300000	98400000	0.0003173661105728461	86195
chrX	98400000	98500000	0.0002783818252622295	78522
chrX	98500000	98600000	4.3633563775412985e-05	80628
chrX	98600000	98700000	4.1581643879690614e-05	86591
chrX	98700000	98800000	4.481740463379915e-05	15641
chrX	98800000	98900000	0.0	NA
chrX	98900000	99000000	0.0	NA
chrX	99000000	99100000	0.0	NA
chrX	99100000	99200000	6.551835732139353e-05	3687
chrX	99200000	99300000	0.0001920812847321961	88148
chrX	99300000	99400000	0.0001292333008492561	74942
chrX	99400000	99500000	0.00014518540304555018	42883
chrX	99500000	99600000	0.0	NA
chrX	99600000	99700000	0.0	NA
chrX	99700000	99800000	0.0	NA
chrX	99800000	99900000	0.0	NA
chrX	99900000	100000000	0.0	NA
chrX	100000000	100100000	0.0	NA
chrX	100100000	100200000	0.0	NA
chrX	100200000	100300000	0.0	NA
chrX	100300000	100400000	0.0	NA
chrX	100400000	100500000	0.0	NA
chrX	100500000	100600000	0.0	NA
chrX	100600000	100700000	0.0	NA
chrX	100700000	100800000	0.0	NA
chrX	100800000	100900000	0.0	NA
chrX	100900000	101000000	0.0	NA
chrX	101000000	101100000	0.0	NA
chrX	101100000	101200000	0.0	NA
chrX	101200000	101300000	0.0	NA
chrX	101300000	101400000	0.0	NA
chrX	101400000	101500000	0.0	NA
chrX	101500000	101600000	0.0	NA
chrX	101600000	101700000	0.0	NA
chrX	101700000	101800000	0.0	NA
chrX	101800000	101900000	0.0	NA
chrX	101900000	102000000	0.0	NA
chrX	102000000	102100000	0.0	NA
chrX	102100000	102200000	0.0	NA
chrX	102200000	102300000	0.0	NA
chrX	102300000	102400000	0.0	NA
chrX	102400000	102500000	0.0	NA
chrX	102500000	102600000	0.0	NA
chrX	102600000	102700000	0.0	NA
chrX	102700000	102800000	0.0	NA
chrX	102800000	102900000	0.0	NA
chrX	102900000	103000000	0.0	NA
chrX	103000000	103100000	0.0	NA
chrX	103100000	103200000	0.0	NA
chrX	103200000	103300000	0.0	NA
chrX	103300000	103400000	0.0	NA
chrX	103400000	103500000	0.0	NA
chrX	103500000	103600000	0.0	NA
chrX	103600000	103700000	0.0	NA
chrX	103700000	103800000	0.0	NA
chrX	103800000	103900000	0.0	NA
chrX	103900000	104000000	0.0	NA
chrX	104000000	104100000	0.0	NA
chrX	104100000	104200000	0.0	NA
chrX	104200000	104300000	0.0	NA
chrX	104300000	104400000	0.0	NA
chrX	104400000	104500000	0.0	NA
chrX	104500000	104600000	0.0	NA
chrX	104600000	104700000	0.0	NA
chrX	104700000	104800000	0.0	NA
chrX	104800000	104900000	0.0	NA
chrX	104900000	105000000	0.0	NA
chrX	105000000	105100000	0.0	NA
chrX	105100000	105200000	0.0	NA
chrX	105200000	105300000	0.0	NA
chrX	105300000	105400000	0.0	NA
chrX	105400000	105500000	0.0	NA
chrX	105500000	105600000	0.0	NA
chrX	105600000	105700000	0.0	NA
chrX	105700000	105800000	0.0	NA
chrX	105800000	105900000	0.0	NA
chrX	105900000	106000000	0.0	NA
chrX	106000000	106100000	0.0	NA
chrX	106100000	106200000	0.0	NA
chrX	106200000	106300000	0.0	NA
chrX	106300000	106400000	0.0	NA
chrX	106400000	106500000	0.0	NA
chrX	106500000	106600000	0.0	NA
chrX	106600000	106700000	0.0	NA
chrX	106700000	106800000	0.0	NA
chrX	106800000	106900000	0.0	NA
chrX	106900000	107000000	0.0	NA
chrX	107000000	107100000	0.0	NA
chrX	107100000	107200000	0.0	NA
chrX	107200000	107300000	0.0	NA
chrX	107300000	107400000	0.0	NA
chrX	107400000	107500000	0.0	NA
chrX	107500000	107600000	0.0	NA
chrX	107600000	107700000	0.0	NA
chrX	107700000	107800000	0.0	NA
chrX	107800000	107900000	0.0	NA
chrX	107900000	108000000	0.0	NA
chrX	108000000	108100000	0.0	NA
chrX	108100000	108200000	0.0	NA
chrX	108200000	108300000	0.0	NA
chrX	108300000	108400000	0.0	NA
chrX	108400000	108500000	0.0	NA
chrX	108500000	108600000	0.0	NA
chrX	108600000	108700000	0.0	NA
chrX	108700000	108800000	0.0	NA
chrX	108800000	108900000	0.0	NA
chrX	108900000	109000000	0.0	NA
chrX	109000000	109100000	0.0	NA
chrX	109100000	109200000	0.0	NA
chrX	109200000	109300000	0.0	NA
chrX	109300000	109400000	0.0	NA
chrX	109400000	109500000	0.0	NA
chrX	109500000	109600000	0.0	NA
chrX	109600000	109700000	0.0	NA
chrX	109700000	109800000	0.0	NA
chrX	109800000	109900000	0.0	NA
chrX	109900000	110000000	0.0	NA
chrX	110000000	110100000	0.0	NA
chrX	110100000	110200000	0.0	NA
chrX	110200000	110300000	0.0	NA
chrX	110300000	110400000	0.0	NA
chrX	110400000	110500000	0.0	NA
chrX	110500000	110600000	0.0	NA
chrX	110600000	110700000	0.0	NA
chrX	110700000	110800000	0.0	NA
chrX	110800000	110900000	0.0	NA
chrX	110900000	111000000	0.0	NA
chrX	111000000	111100000	0.0	NA
chrX	111100000	111200000	0.0	NA
chrX	111200000	111300000	0.0	NA
chrX	111300000	111400000	0.0	NA
chrX	111400000	111500000	0.0	NA
chrX	111500000	111600000	0.0	NA
chrX	111600000	111700000	0.0	NA
chrX	111700000	111800000	0.0006988610851034376	67021
chrX	111800000	111900000	0.0004920702451057271	50947
chrX	111900000	112000000	0.00010707280282490952	57531
chrX	112000000	112100000	0.00033849910005731906	28931
chrX	112100000	112200000	0.000478871004410312	71251
chrX	112200000	112300000	0.0004451558728879769	68433
chrX	112300000	112400000	0.0	NA
chrX	112400000	112500000	0.0	NA
chrX	112500000	112600000	0.0	NA
chrX	112600000	112700000	0.0	NA
chrX	112700000	112800000	0.0005474159447388366	29177
chrX	112800000	112900000	0.0005237380155354136	48656
chrX	112900000	113000000	0.0	NA
chrX	113000000	113100000	0.0	NA
chrX	113100000	113200000	0.00024217899504754836	16190
chrX	113200000	113300000	0.0003876880689365686	73176
chrX	113300000	113400000	0.0005203716860190797	76626
chrX	113400000	113500000	0.0005986974490476142	84368
chrX	113500000	113600000	0.0006558149024523586	40927
chrX	113600000	113700000	0.0005331326989166162	83221
chrX	113700000	113800000	0.00034428999638406137	71662
chrX	113800000	113900000	0.0003311478480941487	16058
chrX	113900000	114000000	0.0	NA
chrX	114000000	114100000	0.0	NA
chrX	114100000	114200000	0.0002044436366594942	41507
chrX	114200000	114300000	0.00024111113135414497	72922
chrX	114300000	114400000	0.00023573662508470053	31462
chrX	114400000	114500000	0.00025368313922078723	23784
chrX	114500000	114600000	0.00035199063280783125	67241
chrX	114600000	114700000	0.0004747819324016114	82924
chrX	114700000	114800000	0.0006629624803925297	38538
chrX	114800000	114900000	0.0001591803229895129	8330
chrX	114900000	115000000	0.0003529457279441116	26510
chrX	115000000	115100000	0.0007338301389722905	12512
chrX	115100000	115200000	0.0004394156519690331	65562
chrX	115200000	115300000	0.0007341463614976958	69242
chrX	115300000	115400000	0.0010940457298577568	71602
chrX	115400000	115500000	0.0008317364609956365	80908
chrX	115500000	115600000	0.00036587506699409754	64329
chrX	115600000	115700000	0.001077927179262613	61160
chrX	115700000	115800000	0.0006792882593835226	52435
chrX	115800000	115900000	0.0006238061737565582	74698
chrX	115900000	116000000	0.0006591508410328592	73119
chrX	116000000	116100000	0.0006796909337607768	76196
chrX	116100000	116200000	0.0006386623460112956	81446
chrX	116200000	116300000	0.0005523723100319571	78640
chrX	116300000	116400000	0.0007507909453760874	71475
chrX	116400000	116500000	0.0011906888071862268	70502
chrX	116500000	116600000	0.0015719464961639201	70238
chrX	116600000	116700000	0.0008361062059207859	74390
chrX	116700000	116800000	0.0006914260877407955	74679
chrX	116800000	116900000	0.0009288040496797596	73773
chrX	116900000	117000000	0.0004526971717776402	74148
chrX	117000000	117100000	0.00049399847695077	22332
chrX	117100000	117200000	0.0	NA
chrX	117200000	117300000	0.00018384411719325226	40347
chrX	117300000	117400000	0.00033809575564657397	77294
chrX	117400000	117500000	0.00041244287406513755	49773
chrX	117500000	117600000	0.0004675826503311037	10631
chrX	117600000	117700000	0.00044617096036333017	14298
chrX	117700000	117800000	0.0	NA
chrX	117800000	117900000	0.0003174900956712758	26803
chrX	117900000	118000000	0.00048538038947351425	29815
chrX	118000000	118100000	0.0005945632974005162	53000
chrX	118100000	118200000	0.00033721592694005805	39921
chrX	118200000	118300000	0.00024044337283539173	21133
chrX	118300000	118400000	5.769982625626833e-05	72783
chrX	118400000	118500000	0.00010319330302571512	44581
chrX	118500000	118600000	0.0006291916155765696	26471
chrX	118600000	118700000	0.00047412920255811823	40897
chrX	118700000	118800000	0.00031917209145713695	13229
chrX	118800000	118900000	0.0006380243262332991	36878
chrX	118900000	119000000	0.0006648640938221567	35385
chrX	119000000	119100000	0.0006062680908919773	25144
chrX	119100000	119200000	0.0004311059748467794	48826
chrX	119200000	119300000	1.7495669821719145e-05	1874
chrX	119300000	119400000	0.0001445625836141742	36215
chrX	119400000	119500000	0.0005092484458816943	38344
chrX	119500000	119600000	0.0007240403844522737	28773
chrX	119600000	119700000	0.00019374425731715804	36035
chrX	119700000	119800000	0.0003689012514425861	44851
chrX	119800000	119900000	0.0007450266468647965	78262
chrX	119900000	120000000	0.0003812237045294596	65493
chrX	120000000	120100000	0.00015975293091311313	4678
chrX	120100000	120200000	0.0002409747425055901	61988
chrX	120200000	120300000	0.0005303415663655205	78949
chrX	120300000	120400000	0.0009797602374404506	78196
chrX	120400000	120500000	0.0009750979295186106	77432
chrX	120500000	120600000	0.0010829549523211973	77204
chrX	120600000	120700000	0.00048667582922341703	79432
chrX	120700000	120800000	0.000512430006550113	88678
chrX	120800000	120900000	0.0005182595274191245	80903
chrX	120900000	121000000	0.0004970749765418635	79332
chrX	121000000	121100000	0.0006989084470109879	83464
chrX	121100000	121200000	0.00048335601904438293	79903
chrX	121200000	121300000	0.0005149840761505126	75811
chrX	121300000	121400000	0.0005400338593640948	74375
chrX	121400000	121500000	0.0004307692234137782	77267
chrX	121500000	121600000	0.0005341968222206025	81218
chrX	121600000	121700000	0.00021081338334071954	71563
chrX	121700000	121800000	0.0003671693268707994	84243
chrX	121800000	121900000	0.0005913557078509643	77265
chrX	121900000	122000000	0.0005819743230863446	85213
chrX	122000000	122100000	0.00040894856134298773	82171
chrX	122100000	122200000	0.0005655941541760912	76885
chrX	122200000	122300000	0.0005383039951081395	82119
chrX	122300000	122400000	0.000463264186656689	17186
chrX	122400000	122500000	0.0	NA
chrX	122500000	122600000	0.0	NA
chrX	122600000	122700000	0.0005014956771840065	57093
chrX	122700000	122800000	0.00022504753760050987	21285
chrX	122800000	122900000	0.00020324054401061313	16884
chrX	122900000	123000000	0.0004712989420985091	37929
chrX	123000000	123100000	0.0005507338580070738	21411
chrX	123100000	123200000	0.0	NA
chrX	123200000	123300000	0.0006514212765387678	38450
chrX	123300000	123400000	0.000592714065104148	74654
chrX	123400000	123500000	0.0003839639843870302	65027
chrX	123500000	123600000	0.0003245521403968078	2455
chrX	123600000	123700000	0.0	NA
chrX	123700000	123800000	0.0	NA
chrX	123800000	123900000	0.0	NA
chrX	123900000	124000000	0.0	NA
chrX	124000000	124100000	0.0002647537388874801	1941
chrX	124100000	124200000	0.00047679868636522286	80385
chrX	124200000	124300000	0.0004829059908997071	87713
chrX	124300000	124400000	0.0001840758396151273	86602
chrX	124400000	124500000	0.0003358067136924032	75313
chrX	124500000	124600000	0.0009391869656353159	77644
chrX	124600000	124700000	0.0008877943156710546	78830
chrX	124700000	124800000	0.0007775840101216351	79090
chrX	124800000	124900000	0.0006257407557152735	84335
chrX	124900000	125000000	0.0005851196579920761	77285
chrX	125000000	125100000	0.00038255742186009455	77400
chrX	125100000	125200000	0.0004660056393226938	82061
chrX	125200000	125300000	0.0007254913137989843	68702
chrX	125300000	125400000	0.0005110584839732142	72324
chrX	125400000	125500000	0.0005964821126361207	76372
chrX	125500000	125600000	0.0005525458543492257	73295
chrX	125600000	125700000	0.0007227436682289499	78103
chrX	125700000	125800000	0.00030930760488507306	84456
chrX	125800000	125900000	0.0006764759901950757	84984
chrX	125900000	126000000	0.0006312254138823947	76090
chrX	126000000	126100000	0.0008558109188181014	69628
chrX	126100000	126200000	0.00030358382726929637	82209
chrX	126200000	126300000	0.00032291978934895633	75685
chrX	126300000	126400000	0.0006073153344885233	66387
chrX	126400000	126500000	0.0008728718751294942	78716
chrX	126500000	126600000	0.0003084940456643271	80933
chrX	126600000	126700000	0.0006556235493375203	77666
chrX	126700000	126800000	0.0006781639443237004	77423
chrX	126800000	126900000	0.00048025232202828465	88719
chrX	126900000	127000000	0.0007284089268871224	71594
chrX	127000000	127100000	0.0003817515368042209	86740
chrX	127100000	127200000	0.0004983926215062157	82489
chrX	127200000	127300000	0.00033038684403387865	81487
chrX	127300000	127400000	0.0003266938714712517	78164
chrX	127400000	127500000	0.00017013357108894127	86911
chrX	127500000	127600000	0.0001364686453555576	76013
chrX	127600000	127700000	0.00015918787569940392	83845
chrX	127700000	127800000	0.00034631477381894525	82895
chrX	127800000	127900000	0.00036763644130611336	72823
chrX	127900000	128000000	0.00042533401998840576	71949
chrX	128000000	128100000	0.0004543909713647667	82544
chrX	128100000	128200000	0.0003182486027364995	76311
chrX	128200000	128300000	0.00019112032067085193	28145
chrX	128300000	128400000	0.0	NA
chrX	128400000	128500000	0.0	NA
chrX	128500000	128600000	0.0	NA
chrX	128600000	128700000	0.0	NA
chrX	128700000	128800000	0.0	NA
chrX	128800000	128900000	0.0	NA
chrX	128900000	129000000	0.0	NA
chrX	129000000	129100000	0.0	NA
chrX	129100000	129200000	0.0	NA
chrX	129200000	129300000	0.0	NA
chrX	129300000	129400000	0.0	NA
chrX	129400000	129500000	0.0	NA
chrX	129500000	129600000	0.0	NA
chrX	129600000	129700000	0.0	NA
chrX	129700000	129800000	0.0	NA
chrX	129800000	129900000	0.0	NA
chrX	129900000	130000000	0.0	NA
chrX	130000000	130100000	0.0	NA
chrX	130100000	130200000	0.0	NA
chrX	130200000	130300000	0.0	NA
chrX	130300000	130400000	0.0	NA
chrX	130400000	130500000	0.0	NA
chrX	130500000	130600000	0.0	NA
chrX	130600000	130700000	0.0	NA
chrX	130700000	130800000	0.0	NA
chrX	130800000	130900000	0.0	NA
chrX	130900000	131000000	0.0	NA
chrX	131000000	131100000	0.0	NA
chrX	131100000	131200000	0.0	NA
chrX	131200000	131300000	0.0	NA
chrX	131300000	131400000	0.0	NA
chrX	131400000	131500000	0.0	NA
chrX	131500000	131600000	0.0	NA
chrX	131600000	131700000	0.0	NA
chrX	131700000	131800000	0.0	NA
chrX	131800000	131900000	0.0	NA
chrX	131900000	132000000	0.0	NA
chrX	132000000	132100000	0.0	NA
chrX	132100000	132200000	0.0	NA
chrX	132200000	132300000	0.0	NA
chrX	132300000	132400000	0.0	NA
chrX	132400000	132500000	0.0	NA
chrX	132500000	132600000	0.0	NA
chrX	132600000	132700000	0.0	NA
chrX	132700000	132800000	0.0	NA
chrX	132800000	132900000	0.0	NA
chrX	132900000	133000000	0.0	NA
chrX	133000000	133100000	0.0	NA
chrX	133100000	133200000	0.0	NA
chrX	133200000	133300000	0.0	NA
chrX	133300000	133400000	0.0	NA
chrX	133400000	133500000	0.0	NA
chrX	133500000	133600000	0.0	NA
chrX	133600000	133700000	0.0	NA
chrX	133700000	133800000	0.0	NA
chrX	133800000	133900000	0.0	NA
chrX	133900000	134000000	0.0	NA
chrX	134000000	134100000	0.0	NA
chrX	134100000	134200000	0.0	NA
chrX	134200000	134300000	0.0	NA
chrX	134300000	134400000	0.0	NA
chrX	134400000	134500000	0.0	NA
chrX	134500000	134600000	0.0	NA
chrX	134600000	134700000	0.0	NA
chrX	134700000	134800000	0.0	NA
chrX	134800000	134900000	0.0	NA
chrX	134900000	135000000	0.0	NA
chrX	135000000	135100000	0.0	NA
chrX	135100000	135200000	0.0	NA
chrX	135200000	135300000	0.0	NA
chrX	135300000	135400000	0.0	NA
chrX	135400000	135500000	0.0	NA
chrX	135500000	135600000	0.0	NA
chrX	135600000	135700000	0.0	NA
chrX	135700000	135800000	0.0	NA
chrX	135800000	135900000	0.0	NA
chrX	135900000	136000000	0.0	NA
chrX	136000000	136100000	0.0	NA
chrX	136100000	136200000	0.0	NA
chrX	136200000	136300000	0.0	NA
chrX	136300000	136400000	0.0	NA
chrX	136400000	136500000	0.0	NA
chrX	136500000	136600000	0.0	NA
chrX	136600000	136700000	0.0	NA
chrX	136700000	136800000	0.0002940678902169003	2815
chrX	136800000	136900000	0.00044179615343856973	70269
chrX	136900000	137000000	0.00041849174286147524	83240
chrX	137000000	137100000	0.0006698105793668792	76557
chrX	137100000	137200000	0.00032523009033595045	69559
chrX	137200000	137300000	0.0004025987408560324	79877
chrX	137300000	137400000	0.0006743909043122514	70831
chrX	137400000	137500000	0.00039358664929217766	81591
chrX	137500000	137600000	0.00027905545637998795	80843
chrX	137600000	137700000	0.00011318065718445552	84750
chrX	137700000	137800000	8.320461204738878e-05	11618
chrX	137800000	137900000	0.0	NA
chrX	137900000	138000000	0.0	NA
chrX	138000000	138100000	0.0	NA
chrX	138100000	138200000	0.0	NA
chrX	138200000	138300000	1.9395644184278995e-05	10876
chrX	138300000	138400000	0.0003805076483567555	82163
chrX	138400000	138500000	0.0006377080405926318	78737
chrX	138500000	138600000	0.0005901553739963261	73499
chrX	138600000	138700000	0.0004848280136534463	20843
chrX	138700000	138800000	0.00021549117624924396	8013
chrX	138800000	138900000	8.084998035639964e-05	7085
chrX	138900000	139000000	5.22662932391853e-05	63780
chrX	139000000	139100000	0.00025458000253308655	42201
chrX	139100000	139200000	0.0003157786512160573	70268
chrX	139200000	139300000	0.0003545624020601188	78120
chrX	139300000	139400000	0.00015626396221107914	63957
chrX	139400000	139500000	3.995111591114687e-05	76316
chrX	139500000	139600000	0.00011918176580119058	81907
chrX	139600000	139700000	0.0004670841503893517	85526
chrX	139700000	139800000	0.0003414476767693682	65512
chrX	139800000	139900000	0.0011391104150640895	34757
chrX	139900000	140000000	0.0006683306204212496	83458
chrX	140000000	140100000	0.0005830853950198167	63624
chrX	140100000	140200000	0.0	NA
chrX	140200000	140300000	0.00048134114628693996	65869
chrX	140300000	140400000	0.0007609628749847291	53147
chrX	140400000	140500000	0.0006006395944452631	74746
chrX	140500000	140600000	0.001027832791821411	45584
chrX	140600000	140700000	0.0	NA
chrX	140700000	140800000	0.0007246828674420499	29666
chrX	140800000	140900000	0.0007805344992750428	73662
chrX	140900000	141000000	0.0005161635068189675	28070
chrX	141000000	141100000	0.0010415354625545124	81059
chrX	141100000	141200000	0.0010483725960078445	81718
chrX	141200000	141300000	0.001061851790404511	70325
chrX	141300000	141400000	0.0007998851131556714	79200
chrX	141400000	141500000	0.0006632068630568988	70039
chrX	141500000	141600000	0.0006635454763266946	72042
chrX	141600000	141700000	0.0004982325685715193	84230
chrX	141700000	141800000	0.0006083600173603078	81333
chrX	141800000	141900000	0.0002666692033546898	72238
chrX	141900000	142000000	0.00047627170949437846	74115
chrX	142000000	142100000	0.0005458852558459086	79354
chrX	142100000	142200000	0.0005521071105093577	82860
chrX	142200000	142300000	0.0007095759283206727	85677
chrX	142300000	142400000	0.0005301226644399495	83784
chrX	142400000	142500000	0.0006035930311250957	82097
chrX	142500000	142600000	0.000764762122224205	79563
chrX	142600000	142700000	0.0007855882683069001	74762
chrX	142700000	142800000	0.0006302654168434313	70084
chrX	142800000	142900000	0.0007011403812366016	72483
chrX	142900000	143000000	0.0005491116236464786	83030
chrX	143000000	143100000	0.0002795007306117273	79689
chrX	143100000	143200000	0.00014428395167868628	50308
chrX	143200000	143300000	0.0003781842231377592	3317
chrX	143300000	143400000	0.0010765522562125895	83346
chrX	143400000	143500000	0.0004988791479953322	80611
chrX	143500000	143600000	0.0006654800289579695	40018
chrX	143600000	143700000	0.0005283125822728549	85863
chrX	143700000	143800000	0.0009414590359726024	81404
chrX	143800000	143900000	0.0006492512779336172	84151
chrX	143900000	144000000	0.0005523296388974384	84696
chrX	144000000	144100000	0.0009148420301365955	86463
chrX	144100000	144200000	0.0006805189267631493	83878
chrX	144200000	144300000	0.0009285025111115197	85733
chrX	144300000	144400000	0.00044811316550085633	76908
chrX	144400000	144500000	0.0003257602995236804	76452
chrX	144500000	144600000	0.0006020958015629745	79929
chrX	144600000	144700000	0.0007613238088849476	87538
chrX	144700000	144800000	0.0004042974289940447	87024
chrX	144800000	144900000	0.0005466806457085394	82454
chrX	144900000	145000000	0.0006253990460541394	75125
chrX	145000000	145100000	0.0006297353034953972	80131
chrX	145100000	145200000	0.0007043168348375257	78751
chrX	145200000	145300000	0.00036463331110639363	83307
chrX	145300000	145400000	0.0008260126701650835	76426
chrX	145400000	145500000	0.000522297657808613	81886
chrX	145500000	145600000	0.0010713319238137178	83363
chrX	145600000	145700000	0.0007637925354771557	88228
chrX	145700000	145800000	0.0005457800133013769	80064
chrX	145800000	145900000	0.0007600839768340613	62280
chrX	145900000	146000000	0.0007703755176229878	72931
chrX	146000000	146100000	0.0005614255930249063	83332
chrX	146100000	146200000	0.0004956994996317862	84928
chrX	146200000	146300000	0.00022054836893872103	65998
chrX	146300000	146400000	0.000372834522291623	70707
chrX	146400000	146500000	0.00035863065694439165	79162
chrX	146500000	146600000	0.000255937380582326	82920
chrX	146600000	146700000	0.0006978969891371713	88267
chrX	146700000	146800000	0.00017302753286347984	83557
chrX	146800000	146900000	0.0003156344863192165	90871
chrX	146900000	147000000	0.00027940991100262966	68753
chrX	147000000	147100000	0.0003462602241507102	20925
chrX	147100000	147200000	0.00047650399584251633	77770
chrX	147200000	147300000	0.0005330505807241657	69302
chrX	147300000	147400000	0.0003849930021171738	76285
chrX	147400000	147500000	0.0005732205187476088	72248
chrX	147500000	147600000	0.0004435528847708648	71667
chrX	147600000	147700000	0.0	NA
chrX	147700000	147800000	0.0	NA
chrX	147800000	147900000	0.0	NA
chrX	147900000	148000000	0.0	NA
chrX	148000000	148100000	8.643882284132561e-05	16561
chrX	148100000	148200000	0.00013398893064745404	86056
chrX	148200000	148300000	0.00012087647922888695	74065
chrX	148300000	148400000	0.00032825606403162524	84756
chrX	148400000	148500000	0.00021915893220035248	79877
chrX	148500000	148600000	0.0003658107246005513	55149
chrX	148600000	148700000	0.0005199930684282398	12987
chrX	148700000	148800000	0.0004122313887115492	24016
chrX	148800000	148900000	0.0003520727971015362	32428
chrX	148900000	149000000	0.00023168825149499158	2418
chrX	149000000	149100000	1.8519505983494178e-05	7879
chrX	149100000	149200000	8.752897705438826e-05	11561
chrX	149200000	149300000	5.251813257873407e-05	80591
chrX	149300000	149400000	0.0001693941204955116	80536
chrX	149400000	149500000	0.00023141471875075018	89618
chrX	149500000	149600000	0.00019594797742221112	27724
chrX	149600000	149700000	0.0010195825648579677	13685
chrX	149700000	149800000	0.0004941774045198275	31273
chrX	149800000	149900000	0.00043655461050765655	17578
chrX	149900000	150000000	0.0004829096918633741	1010
chrX	150000000	150100000	0.00022283338359476598	25319
chrX	150100000	150200000	0.000677536469621404	60222
chrX	150200000	150300000	0.0008009425435948521	75496
chrX	150300000	150400000	0.0007063292381195627	69505
chrX	150400000	150500000	0.0007094872215337519	78099
chrX	150500000	150600000	0.0005183797713586526	71549
chrX	150600000	150700000	0.000576871435022397	78061
chrX	150700000	150800000	0.000205207531601152	16602
chrX	150800000	150900000	0.0007882814577063469	38240
chrX	150900000	151000000	0.0005288496082491344	81420
chrX	151000000	151100000	0.0004721384585775844	77446
chrX	151100000	151200000	0.000548664331694258	62385
chrX	151200000	151300000	0.0004758637368607341	64938
chrX	151300000	151400000	0.0005976138394325228	26120
chrX	151400000	151500000	0.0	NA
chrX	151500000	151600000	0.0	NA
chrX	151600000	151700000	0.0	NA
chrX	151700000	151800000	0.0	NA
chrX	151800000	151900000	0.0	NA
chrX	151900000	152000000	0.0	NA
chrX	152000000	152100000	0.0	NA
chrX	152100000	152200000	0.0	NA
chrX	152200000	152300000	0.0	NA
chrX	152300000	152400000	0.0	NA
chrX	152400000	152500000	0.0	NA
chrX	152500000	152600000	0.0	NA
chrX	152600000	152700000	0.0	NA
chrX	152700000	152800000	0.0	NA
chrX	152800000	152900000	0.0	NA
chrX	152900000	153000000	0.0	NA
chrX	153000000	153100000	0.0	NA
chrX	153100000	153200000	0.0	NA
chrX	153200000	153300000	0.0	NA
chrX	153300000	153400000	0.0	NA
chrX	153400000	153500000	0.0	NA
chrX	153500000	153600000	0.0	NA
chrX	153600000	153700000	0.0	NA
chrX	153700000	153800000	0.0	NA
chrX	153800000	153900000	0.0	NA
chrX	153900000	154000000	0.0	NA
chrX	154000000	154100000	0.0	NA
chrX	154100000	154200000	0.0	NA
chrX	154200000	154300000	0.0	NA
chrX	154300000	154400000	0.0	NA
chrX	154400000	154500000	0.0	NA
chrX	154500000	154600000	0.0	NA
chrX	154600000	154700000	0.0	NA
chrX	154700000	154800000	0.0	NA
chrX	154800000	154900000	0.0	NA
chrX	154900000	155000000	0.0	NA
chrX	155000000	155100000	0.0	NA
chrX	155100000	155200000	0.0003622361459360264	19719
chrX	155200000	155270560	0.0006234992616736959	12695
