chrX	0	100000	0.00298514754739105	1456
chrX	100000	200000	0.0016186079574807514	4965
chrX	200000	300000	0.003249204775592565	2964
chrX	300000	400000	0.0014322095942771516	15533
chrX	400000	500000	0.0018650155772415569	29352
chrX	500000	600000	0.0020832590704732003	30548
chrX	600000	700000	0.0018321797467200068	32131
chrX	700000	800000	0.0018921938659849857	42139
chrX	800000	900000	0.0011470365471459578	28095
chrX	900000	1000000	0.001571117805462729	33413
chrX	1000000	1100000	0.0014208592997922683	10800
chrX	1100000	1200000	0.0	NA
chrX	1200000	1300000	0.0015910974956589378	14837
chrX	1300000	1400000	0.0009415876850611159	11710
chrX	1400000	1500000	0.0020515680116481192	3621
chrX	1500000	1600000	0.0008930042673772728	5994
chrX	1600000	1700000	0.0014150951328345128	13016
chrX	1700000	1800000	0.001858457027020372	15723
chrX	1800000	1900000	0.0012958312103464305	33177
chrX	1900000	2000000	0.0012248868385142586	42559
chrX	2000000	2100000	0.001539219181618104	27331
chrX	2100000	2200000	0.001978575752575444	5654
chrX	2200000	2300000	0.0	NA
chrX	2300000	2400000	0.0	NA
chrX	2400000	2500000	0.0009734682750616021	45281
chrX	2500000	2600000	0.0009524863680850078	31936
chrX	2600000	2700000	0.0010824026513172437	9973
chrX	2700000	2800000	0.0009232825785011309	6527
chrX	2800000	2900000	0.00044743339768571846	22760
chrX	2900000	3000000	0.0001267104464229577	18211
chrX	3000000	3100000	0.0009625867609616959	41962
chrX	3100000	3200000	0.0011679835482740072	67756
chrX	3200000	3300000	0.0015009943446856239	40676
chrX	3300000	3400000	0.0009021908365273637	66600
chrX	3400000	3500000	0.0007301193169603511	62692
chrX	3500000	3600000	0.0005816974072647066	14266
chrX	3600000	3700000	0.0010458023406395935	32614
chrX	3700000	3800000	0.000892665791855998	21192
chrX	3800000	3900000	0.0007617303014472876	25561
chrX	3900000	4000000	0.0008765409093865981	78839
chrX	4000000	4100000	0.0007418645477639135	79245
chrX	4100000	4200000	0.0011045158534037651	79718
chrX	4200000	4300000	0.0005824585885806713	84113
chrX	4300000	4400000	0.0004584656691694047	79369
chrX	4400000	4500000	0.0003572132943860747	77637
chrX	4500000	4600000	0.0006749422601266398	75731
chrX	4600000	4700000	0.0006634350904643162	73578
chrX	4700000	4800000	0.000690142126764565	76081
chrX	4800000	4900000	0.0004925785709993393	77400
chrX	4900000	5000000	0.0005194323794185807	79951
chrX	5000000	5100000	0.0008303290835123334	74083
chrX	5100000	5200000	0.0005881453689317635	78953
chrX	5200000	5300000	0.00024901799735707776	81913
chrX	5300000	5400000	0.0004180102273467526	80640
chrX	5400000	5500000	0.0009633931841434266	79923
chrX	5500000	5600000	0.0008084202779196555	82766
chrX	5600000	5700000	0.001214502827058321	76600
chrX	5700000	5800000	0.0009092506721094226	79391
chrX	5800000	5900000	0.0004231417083242774	6848
chrX	5900000	6000000	0.0	NA
chrX	6000000	6100000	0.0	NA
chrX	6100000	6200000	0.0005245255043947677	40080
chrX	6200000	6300000	0.0005192909906178787	79340
chrX	6300000	6400000	0.000398116935272684	81858
chrX	6400000	6500000	0.0004304041752194904	76866
chrX	6500000	6600000	0.0002815951209432464	79199
chrX	6600000	6700000	0.00041820239494303	80898
chrX	6700000	6800000	0.0007501949264383268	84914
chrX	6800000	6900000	0.0007940942433752959	73474
chrX	6900000	7000000	0.0004991009715928905	30759
chrX	7000000	7100000	0.0	NA
chrX	7100000	7200000	0.0	NA
chrX	7200000	7300000	0.0002017979267152501	22227
chrX	7300000	7400000	0.000360542217047176	85565
chrX	7400000	7500000	0.000244342597673454	79549
chrX	7500000	7600000	0.00040094724195033734	81085
chrX	7600000	7700000	0.0007983967973927186	39189
chrX	7700000	7800000	0.0002436811309217383	88353
chrX	7800000	7900000	0.000912463418524696	55024
chrX	7900000	8000000	0.00026092615149280406	79564
chrX	8000000	8100000	0.0004061789589041186	84815
chrX	8100000	8200000	0.0003852405081138096	69704
chrX	8200000	8300000	0.0007101651505220132	83886
chrX	8300000	8400000	0.000752406089660654	84731
chrX	8400000	8500000	0.0008578623687586703	60611
chrX	8500000	8600000	0.0	NA
chrX	8600000	8700000	0.0	NA
chrX	8700000	8800000	0.0003244785782024462	64184
chrX	8800000	8900000	0.0005178596711526666	92359
chrX	8900000	9000000	0.0005663131459257424	64487
chrX	9000000	9100000	0.0005393111336241399	81408
chrX	9100000	9200000	0.00024486081977311474	86934
chrX	9200000	9300000	0.0005967393736864882	81300
chrX	9300000	9400000	0.0005393772252814368	65299
chrX	9400000	9500000	0.0005724500535008042	22404
chrX	9500000	9600000	0.0	NA
chrX	9600000	9700000	0.0005814281134725822	5219
chrX	9700000	9800000	0.0004654719008027815	11848
chrX	9800000	9900000	0.0	NA
chrX	9900000	10000000	0.0004323182432335595	44001
chrX	10000000	10100000	0.0	NA
chrX	10100000	10200000	0.0009189640116649747	8765
chrX	10200000	10300000	0.0006681157082451158	29283
chrX	10300000	10400000	0.0	NA
chrX	10400000	10500000	0.0	NA
chrX	10500000	10600000	0.0	NA
chrX	10600000	10700000	0.0	NA
chrX	10700000	10800000	0.0	NA
chrX	10800000	10900000	0.0	NA
chrX	10900000	11000000	0.0	NA
chrX	11000000	11100000	0.0	NA
chrX	11100000	11200000	0.0	NA
chrX	11200000	11300000	0.0	NA
chrX	11300000	11400000	0.0	NA
chrX	11400000	11500000	0.0	NA
chrX	11500000	11600000	0.0	NA
chrX	11600000	11700000	0.0	NA
chrX	11700000	11800000	0.0	NA
chrX	11800000	11900000	0.0	NA
chrX	11900000	12000000	0.0	NA
chrX	12000000	12100000	0.0	NA
chrX	12100000	12200000	0.0	NA
chrX	12200000	12300000	0.0	NA
chrX	12300000	12400000	0.0	NA
chrX	12400000	12500000	0.0	NA
chrX	12500000	12600000	0.0	NA
chrX	12600000	12700000	0.0	NA
chrX	12700000	12800000	0.0005853647996316478	43811
chrX	12800000	12900000	0.0009913083373099233	25947
chrX	12900000	13000000	0.0005628591542378151	35930
chrX	13000000	13100000	0.0004557881823253983	74039
chrX	13100000	13200000	0.0003012542769905878	80230
chrX	13200000	13300000	0.00037918786583169504	83862
chrX	13300000	13400000	0.0002823589011015621	73450
chrX	13400000	13500000	0.0006352108863643763	78761
chrX	13500000	13600000	0.0007731297128442038	74737
chrX	13600000	13700000	0.0004949735343098283	22874
chrX	13700000	13800000	0.0003987328255039524	9371
chrX	13800000	13900000	0.0	NA
chrX	13900000	14000000	0.0005381204191886693	29364
chrX	14000000	14100000	0.0005360900994533081	65754
chrX	14100000	14200000	0.0006219074012836108	79481
chrX	14200000	14300000	0.0003219751015529863	74794
chrX	14300000	14400000	0.0005191624140442541	79874
chrX	14400000	14500000	0.0001366956815857701	80841
chrX	14500000	14600000	0.00023036505751345576	42635
chrX	14600000	14700000	0.0	NA
chrX	14700000	14800000	0.0002994875800416211	38657
chrX	14800000	14900000	0.0003257560418020101	48752
chrX	14900000	15000000	0.0006261450083751787	42771
chrX	15000000	15100000	0.00047763238430248493	80872
chrX	15100000	15200000	0.00043302235451611804	82204
chrX	15200000	15300000	0.000721693209161598	58956
chrX	15300000	15400000	0.00045491379672233534	11373
chrX	15400000	15500000	0.0	NA
chrX	15500000	15600000	0.00030208463261662677	10123
chrX	15600000	15700000	0.0005123871995180926	13653
chrX	15700000	15800000	0.00025410498545020576	23510
chrX	15800000	15900000	0.0002747094858567719	26088
chrX	15900000	16000000	0.00039861435081444584	81552
chrX	16000000	16100000	0.00020730402492368693	82768
chrX	16100000	16200000	0.0005077798930332528	53837
chrX	16200000	16300000	0.000621766657820337	72067
chrX	16300000	16400000	0.000435085332651779	72354
chrX	16400000	16500000	0.0003147262206561127	84033
chrX	16500000	16600000	0.00045003952908048554	70365
chrX	16600000	16700000	5.679158546831131e-05	3618
chrX	16700000	16800000	0.0003615680793223731	12512
chrX	16800000	16900000	0.00034842696694586494	11521
chrX	16900000	17000000	0.0005685356245613932	32283
chrX	17000000	17100000	0.0	NA
chrX	17100000	17200000	0.0	NA
chrX	17200000	17300000	0.0	NA
chrX	17300000	17400000	0.0	NA
chrX	17400000	17500000	0.0	NA
chrX	17500000	17600000	0.0	NA
chrX	17600000	17700000	0.0	NA
chrX	17700000	17800000	0.0	NA
chrX	17800000	17900000	0.0	NA
chrX	17900000	18000000	0.0	NA
chrX	18000000	18100000	0.0	NA
chrX	18100000	18200000	0.0	NA
chrX	18200000	18300000	0.0	NA
chrX	18300000	18400000	0.0	NA
chrX	18400000	18500000	0.0	NA
chrX	18500000	18600000	0.0	NA
chrX	18600000	18700000	0.0	NA
chrX	18700000	18800000	0.0	NA
chrX	18800000	18900000	0.00021545503782226277	32737
chrX	18900000	19000000	0.00019327962047161054	7954
chrX	19000000	19100000	0.00012190922880780221	4116
chrX	19100000	19200000	0.00044198883432711633	39110
chrX	19200000	19300000	0.0004718847527407867	73116
chrX	19300000	19400000	0.00012110870854968646	2790
chrX	19400000	19500000	0.0	NA
chrX	19500000	19600000	0.0	NA
chrX	19600000	19700000	0.0	NA
chrX	19700000	19800000	0.0	NA
chrX	19800000	19900000	0.0	NA
chrX	19900000	20000000	0.0	NA
chrX	20000000	20100000	0.0	NA
chrX	20100000	20200000	0.0	NA
chrX	20200000	20300000	0.0	NA
chrX	20300000	20400000	0.0	NA
chrX	20400000	20500000	0.0	NA
chrX	20500000	20600000	0.0	NA
chrX	20600000	20700000	0.0	NA
chrX	20700000	20800000	0.0	NA
chrX	20800000	20900000	0.0	NA
chrX	20900000	21000000	0.0	NA
chrX	21000000	21100000	0.0	NA
chrX	21100000	21200000	0.0	NA
chrX	21200000	21300000	0.0	NA
chrX	21300000	21400000	0.0	NA
chrX	21400000	21500000	0.0	NA
chrX	21500000	21600000	0.0	NA
chrX	21600000	21700000	0.0	NA
chrX	21700000	21800000	0.0	NA
chrX	21800000	21900000	0.0	NA
chrX	21900000	22000000	0.0	NA
chrX	22000000	22100000	0.0	NA
chrX	22100000	22200000	0.0	NA
chrX	22200000	22300000	0.0	NA
chrX	22300000	22400000	0.0	NA
chrX	22400000	22500000	0.0	NA
chrX	22500000	22600000	0.0	NA
chrX	22600000	22700000	0.0	NA
chrX	22700000	22800000	0.0	NA
chrX	22800000	22900000	0.0	NA
chrX	22900000	23000000	0.0	NA
chrX	23000000	23100000	0.0	NA
chrX	23100000	23200000	0.0	NA
chrX	23200000	23300000	0.0	NA
chrX	23300000	23400000	0.0005218051607779501	38178
chrX	23400000	23500000	0.0005443416213811758	60203
chrX	23500000	23600000	0.0004766645703890876	72295
chrX	23600000	23700000	0.0007940980570582226	61975
chrX	23700000	23800000	0.0009034168123569616	25799
chrX	23800000	23900000	0.00046425518381742743	25641
chrX	23900000	24000000	0.00038454468408540617	23844
chrX	24000000	24100000	0.00021745018643857015	10384
chrX	24100000	24200000	0.0003620968750048134	32863
chrX	24200000	24300000	0.0006992420193638433	44739
chrX	24300000	24400000	0.0003247417104958519	68865
chrX	24400000	24500000	0.0006750010526233245	63323
chrX	24500000	24600000	0.0005395934247087688	6730
chrX	24600000	24700000	0.00011562581656650122	7120
chrX	24700000	24800000	9.637993635600758e-05	8397
chrX	24800000	24900000	0.0	NA
chrX	24900000	25000000	0.0	NA
chrX	25000000	25100000	0.00034557506665654507	56512
chrX	25100000	25200000	0.00021691074176667094	78985
chrX	25200000	25300000	0.0002897844072637526	85156
chrX	25300000	25400000	0.00017673595434928793	65743
chrX	25400000	25500000	0.00023002154995320682	80410
chrX	25500000	25600000	0.0004064167146018398	86307
chrX	25600000	25700000	0.0005118283988036894	91717
chrX	25700000	25800000	0.000733361854225324	79346
chrX	25800000	25900000	0.00046399602333461977	84625
chrX	25900000	26000000	0.0005401920177922042	75396
chrX	26000000	26100000	0.000513544033240655	81360
chrX	26100000	26200000	0.0006005861312715426	73080
chrX	26200000	26300000	0.000694162607671773	74608
chrX	26300000	26400000	0.0005661348460004388	71017
chrX	26400000	26500000	0.0004917310523709592	84539
chrX	26500000	26600000	0.0005891606449039222	75100
chrX	26600000	26700000	0.00043019395814077244	85836
chrX	26700000	26800000	0.000519947039451202	81441
chrX	26800000	26900000	0.0005943351392316427	85563
chrX	26900000	27000000	0.0005956643913614694	86586
chrX	27000000	27100000	0.0005843728309308263	78634
chrX	27100000	27200000	0.0005280077374902547	75843
chrX	27200000	27300000	0.0004448148452093258	81114
chrX	27300000	27400000	0.000561085967185313	74297
chrX	27400000	27500000	0.0007619842771154055	78903
chrX	27500000	27600000	0.0004346132598072266	75188
chrX	27600000	27700000	0.000315142272226129	82222
chrX	27700000	27800000	0.0004085280220388035	81185
chrX	27800000	27900000	0.0002962362781161128	75740
chrX	27900000	28000000	0.00019721328316735516	83629
chrX	28000000	28100000	0.00047403664944589555	87563
chrX	28100000	28200000	0.0003645788934369072	80671
chrX	28200000	28300000	0.0005517165144882348	83213
chrX	28300000	28400000	0.00033019904279393716	81454
chrX	28400000	28500000	0.000574737541549309	74206
chrX	28500000	28600000	0.0004732411015020073	79862
chrX	28600000	28700000	0.0003013928166231937	5532
chrX	28700000	28800000	0.0	NA
chrX	28800000	28900000	0.0	NA
chrX	28900000	29000000	0.0	NA
chrX	29000000	29100000	0.0	NA
chrX	29100000	29200000	0.0	NA
chrX	29200000	29300000	0.0	NA
chrX	29300000	29400000	0.0	NA
chrX	29400000	29500000	0.0	NA
chrX	29500000	29600000	0.0	NA
chrX	29600000	29700000	0.0	NA
chrX	29700000	29800000	0.0	NA
chrX	29800000	29900000	0.0	NA
chrX	29900000	30000000	6.874362985639557e-05	17886
chrX	30000000	30100000	0.00013459625606690367	75211
chrX	30100000	30200000	0.00035345605550134716	82088
chrX	30200000	30300000	0.0004440006883390948	68485
chrX	30300000	30400000	0.00045417250873872663	77006
chrX	30400000	30500000	0.0004871233667950153	81302
chrX	30500000	30600000	0.00047953222235027997	61425
chrX	30600000	30700000	0.0003740799590470982	46509
chrX	30700000	30800000	0.0004291312360454364	29646
chrX	30800000	30900000	0.00020834784929893403	20458
chrX	30900000	31000000	0.0005648132299753561	81314
chrX	31000000	31100000	0.00037557002710485106	79204
chrX	31100000	31200000	0.0002957843658213776	32605
chrX	31200000	31300000	0.0	NA
chrX	31300000	31400000	0.0	NA
chrX	31400000	31500000	0.0	NA
chrX	31500000	31600000	0.0	NA
chrX	31600000	31700000	0.0	NA
chrX	31700000	31800000	0.0	NA
chrX	31800000	31900000	0.0	NA
chrX	31900000	32000000	0.0	NA
chrX	32000000	32100000	0.0	NA
chrX	32100000	32200000	0.0	NA
chrX	32200000	32300000	0.0	NA
chrX	32300000	32400000	0.0	NA
chrX	32400000	32500000	0.0	NA
chrX	32500000	32600000	0.0	NA
chrX	32600000	32700000	0.0	NA
chrX	32700000	32800000	0.0	NA
chrX	32800000	32900000	0.0	NA
chrX	32900000	33000000	0.0	NA
chrX	33000000	33100000	0.0	NA
chrX	33100000	33200000	0.0	NA
chrX	33200000	33300000	0.0	NA
chrX	33300000	33400000	0.00038826352779841155	32560
chrX	33400000	33500000	0.0001692556390485658	84705
chrX	33500000	33600000	0.0004946329783503986	81055
chrX	33600000	33700000	0.0006729018504453079	84563
chrX	33700000	33800000	0.0004550852736304848	84785
chrX	33800000	33900000	0.0005217712940450805	85057
chrX	33900000	34000000	0.0005404886754164326	84549
chrX	34000000	34100000	0.00046692656791716826	91089
chrX	34100000	34200000	0.000618128786782526	76290
chrX	34200000	34300000	0.0006710824825234197	83539
chrX	34300000	34400000	0.0007981360040902008	84866
chrX	34400000	34500000	0.0007992803317541743	74386
chrX	34500000	34600000	0.0005351629150454579	83698
chrX	34600000	34700000	0.0003566042854674183	62606
chrX	34700000	34800000	0.00045944012439493644	85644
chrX	34800000	34900000	0.0006383891422090145	79295
chrX	34900000	35000000	0.000555851627449697	85031
chrX	35000000	35100000	0.0006150382978668314	84520
chrX	35100000	35200000	0.00032827893444908955	83989
chrX	35200000	35300000	0.0004141553096117688	82838
chrX	35300000	35400000	0.0006062648163640502	83294
chrX	35400000	35500000	0.0004370444957102765	83693
chrX	35500000	35600000	0.00041920351332468364	79453
chrX	35600000	35700000	0.0005699938678304362	72509
chrX	35700000	35800000	0.0002529877772684382	87814
chrX	35800000	35900000	0.0007469603394211255	79834
chrX	35900000	36000000	0.00033420856507721046	28989
chrX	36000000	36100000	0.0	NA
chrX	36100000	36200000	0.0	NA
chrX	36200000	36300000	0.0	NA
chrX	36300000	36400000	0.0	NA
chrX	36400000	36500000	0.00041071647348181397	31231
chrX	36500000	36600000	0.00014145693286066616	87048
chrX	36600000	36700000	0.0007314416403282002	84166
chrX	36700000	36800000	0.0005848515669212536	83505
chrX	36800000	36900000	0.0005479799938822046	90691
chrX	36900000	37000000	0.0003687966708339075	78143
chrX	37000000	37100000	0.0003614634819185186	51870
chrX	37100000	37200000	0.0003358306225362638	38644
chrX	37200000	37300000	0.0005620566440813958	8119
chrX	37300000	37400000	0.0003852040075663934	41133
chrX	37400000	37500000	0.00019058610417714596	13968
chrX	37500000	37600000	0.0002775421857215097	15052
chrX	37600000	37700000	0.0004251628586784853	49342
chrX	37700000	37800000	0.00040095604451622935	78306
chrX	37800000	37900000	0.0006241915167168926	53127
chrX	37900000	38000000	0.000549729163256328	11123
chrX	38000000	38100000	0.00041576830207449113	25187
chrX	38100000	38200000	0.0006057393236967181	33111
chrX	38200000	38300000	0.0010625938796456952	25710
chrX	38300000	38400000	0.0003766259884973606	39860
chrX	38400000	38500000	0.0	NA
chrX	38500000	38600000	0.0	NA
chrX	38600000	38700000	0.0	NA
chrX	38700000	38800000	0.0	NA
chrX	38800000	38900000	0.0	NA
chrX	38900000	39000000	0.0	NA
chrX	39000000	39100000	0.0	NA
chrX	39100000	39200000	0.0	NA
chrX	39200000	39300000	0.0	NA
chrX	39300000	39400000	0.0	NA
chrX	39400000	39500000	0.0	NA
chrX	39500000	39600000	0.0	NA
chrX	39600000	39700000	0.0	NA
chrX	39700000	39800000	0.0	NA
chrX	39800000	39900000	0.0	NA
chrX	39900000	40000000	0.0	NA
chrX	40000000	40100000	0.0	NA
chrX	40100000	40200000	0.0	NA
chrX	40200000	40300000	0.0	NA
chrX	40300000	40400000	0.0	NA
chrX	40400000	40500000	0.0	NA
chrX	40500000	40600000	0.0	NA
chrX	40600000	40700000	0.0	NA
chrX	40700000	40800000	0.0	NA
chrX	40800000	40900000	0.0	NA
chrX	40900000	41000000	0.0	NA
chrX	41000000	41100000	0.0	NA
chrX	41100000	41200000	0.0	NA
chrX	41200000	41300000	0.0008494805637294272	12017
chrX	41300000	41400000	0.00044964446772870274	25399
chrX	41400000	41500000	0.0	NA
chrX	41500000	41600000	0.0	NA
chrX	41600000	41700000	0.0	NA
chrX	41700000	41800000	6.01948615950004e-05	14731
chrX	41800000	41900000	0.00028611708871534135	80598
chrX	41900000	42000000	0.0005214520412950169	88976
chrX	42000000	42100000	0.000374018620269666	79880
chrX	42100000	42200000	0.00025804951153514036	79572
chrX	42200000	42300000	0.00012535653533235358	80006
chrX	42300000	42400000	0.00010856201483641482	83348
chrX	42400000	42500000	0.00011726245654814837	81275
chrX	42500000	42600000	0.00037105068720176863	79932
chrX	42600000	42700000	0.00044328934519502125	81058
chrX	42700000	42800000	0.0004947550963648395	79569
chrX	42800000	42900000	0.0007651392808850915	84428
chrX	42900000	43000000	0.0006138245276211092	89394
chrX	43000000	43100000	0.00031176143681336545	44692
chrX	43100000	43200000	0.00021783970874986405	76557
chrX	43200000	43300000	0.00020914284725413493	86165
chrX	43300000	43400000	0.0003386062042905733	85402
chrX	43400000	43500000	0.00046920008558522345	77829
chrX	43500000	43600000	0.0004750148730996885	9768
chrX	43600000	43700000	0.0007581402333232481	17236
chrX	43700000	43800000	7.365810435298288e-05	48087
chrX	43800000	43900000	0.0002568511867131775	61576
chrX	43900000	44000000	0.0003551452729132543	82612
chrX	44000000	44100000	0.0002771106720035128	6075
chrX	44100000	44200000	0.0	NA
chrX	44200000	44300000	0.0006502082975706197	68152
chrX	44300000	44400000	0.00048687195716825687	50725
chrX	44400000	44500000	0.0006716381891731565	45746
chrX	44500000	44600000	0.00036971930086206835	61365
chrX	44600000	44700000	0.0005005448032727347	47804
chrX	44700000	44800000	0.0003065092104309657	18821
chrX	44800000	44900000	0.0	NA
chrX	44900000	45000000	0.00025208420105620995	21963
chrX	45000000	45100000	0.0006835234622743467	38914
chrX	45100000	45200000	0.00047991368723699745	85322
chrX	45200000	45300000	0.0003428646222472157	85326
chrX	45300000	45400000	0.00034146211648104075	61223
chrX	45400000	45500000	0.00018266097539321194	84098
chrX	45500000	45600000	0.0005300847781021648	76303
chrX	45600000	45700000	0.0005003328394425487	84474
chrX	45700000	45800000	0.00035101416526335446	74446
chrX	45800000	45900000	0.000515508863538088	78444
chrX	45900000	46000000	0.0002301119820586256	21486
chrX	46000000	46100000	0.0	NA
chrX	46100000	46200000	0.0	NA
chrX	46200000	46300000	0.0	NA
chrX	46300000	46400000	0.0	NA
chrX	46400000	46500000	0.0	NA
chrX	46500000	46600000	0.0	NA
chrX	46600000	46700000	0.0	NA
chrX	46700000	46800000	0.0	NA
chrX	46800000	46900000	0.0	NA
chrX	46900000	47000000	0.0	NA
chrX	47000000	47100000	0.0	NA
chrX	47100000	47200000	0.0	NA
chrX	47200000	47300000	0.0	NA
chrX	47300000	47400000	0.0	NA
chrX	47400000	47500000	0.0	NA
chrX	47500000	47600000	0.0	NA
chrX	47600000	47700000	0.0	NA
chrX	47700000	47800000	0.0	NA
chrX	47800000	47900000	0.0	NA
chrX	47900000	48000000	0.0	NA
chrX	48000000	48100000	0.0	NA
chrX	48100000	48200000	0.0	NA
chrX	48200000	48300000	0.0	NA
chrX	48300000	48400000	0.0	NA
chrX	48400000	48500000	0.0	NA
chrX	48500000	48600000	0.0	NA
chrX	48600000	48700000	0.0	NA
chrX	48700000	48800000	0.0	NA
chrX	48800000	48900000	0.0	NA
chrX	48900000	49000000	0.0	NA
chrX	49000000	49100000	0.0	NA
chrX	49100000	49200000	0.0	NA
chrX	49200000	49300000	0.0	NA
chrX	49300000	49400000	0.0	NA
chrX	49400000	49500000	0.0	NA
chrX	49500000	49600000	0.0	NA
chrX	49600000	49700000	0.0	NA
chrX	49700000	49800000	0.0	NA
chrX	49800000	49900000	0.0	NA
chrX	49900000	50000000	0.0	NA
chrX	50000000	50100000	0.0	NA
chrX	50100000	50200000	0.0	NA
chrX	50200000	50300000	0.0	NA
chrX	50300000	50400000	0.0	NA
chrX	50400000	50500000	0.0	NA
chrX	50500000	50600000	0.0	NA
chrX	50600000	50700000	0.0	NA
chrX	50700000	50800000	0.0	NA
chrX	50800000	50900000	0.0	NA
chrX	50900000	51000000	0.0	NA
chrX	51000000	51100000	0.0	NA
chrX	51100000	51200000	0.0	NA
chrX	51200000	51300000	0.0	NA
chrX	51300000	51400000	0.0	NA
chrX	51400000	51500000	0.0	NA
chrX	51500000	51600000	0.0	NA
chrX	51600000	51700000	0.0	NA
chrX	51700000	51800000	0.0	NA
chrX	51800000	51900000	0.0	NA
chrX	51900000	52000000	0.0	NA
chrX	52000000	52100000	0.0	NA
chrX	52100000	52200000	0.0	NA
chrX	52200000	52300000	0.0	NA
chrX	52300000	52400000	0.0	NA
chrX	52400000	52500000	0.0	NA
chrX	52500000	52600000	0.0	NA
chrX	52600000	52700000	0.0	NA
chrX	52700000	52800000	0.0	NA
chrX	52800000	52900000	0.0	NA
chrX	52900000	53000000	0.0	NA
chrX	53000000	53100000	0.0	NA
chrX	53100000	53200000	0.0	NA
chrX	53200000	53300000	0.0	NA
chrX	53300000	53400000	0.0	NA
chrX	53400000	53500000	0.0	NA
chrX	53500000	53600000	0.0	NA
chrX	53600000	53700000	0.0	NA
chrX	53700000	53800000	0.0	NA
chrX	53800000	53900000	0.0	NA
chrX	53900000	54000000	0.0	NA
chrX	54000000	54100000	0.0	NA
chrX	54100000	54200000	0.0	NA
chrX	54200000	54300000	0.0	NA
chrX	54300000	54400000	0.0	NA
chrX	54400000	54500000	0.0	NA
chrX	54500000	54600000	0.0	NA
chrX	54600000	54700000	0.0	NA
chrX	54700000	54800000	0.0	NA
chrX	54800000	54900000	0.0	NA
chrX	54900000	55000000	0.0	NA
chrX	55000000	55100000	0.0	NA
chrX	55100000	55200000	0.0	NA
chrX	55200000	55300000	0.0	NA
chrX	55300000	55400000	0.0	NA
chrX	55400000	55500000	0.0	NA
chrX	55500000	55600000	0.0	NA
chrX	55600000	55700000	0.0	NA
chrX	55700000	55800000	0.0	NA
chrX	55800000	55900000	0.0	NA
chrX	55900000	56000000	0.0	NA
chrX	56000000	56100000	0.0	NA
chrX	56100000	56200000	0.0	NA
chrX	56200000	56300000	0.0	NA
chrX	56300000	56400000	0.0	NA
chrX	56400000	56500000	0.0	NA
chrX	56500000	56600000	0.0	NA
chrX	56600000	56700000	0.0	NA
chrX	56700000	56800000	0.0	NA
chrX	56800000	56900000	0.0	NA
chrX	56900000	57000000	0.0	NA
chrX	57000000	57100000	0.0	NA
chrX	57100000	57200000	0.0	NA
chrX	57200000	57300000	0.0	NA
chrX	57300000	57400000	0.0	NA
chrX	57400000	57500000	0.0	NA
chrX	57500000	57600000	0.0	NA
chrX	57600000	57700000	0.0	NA
chrX	57700000	57800000	0.0	NA
chrX	57800000	57900000	0.0	NA
chrX	57900000	58000000	0.0	NA
chrX	58000000	58100000	0.0	NA
chrX	58100000	58200000	0.0	NA
chrX	58200000	58300000	0.0	NA
chrX	58300000	58400000	0.0	NA
chrX	58400000	58500000	0.0	NA
chrX	58500000	58600000	0.0	NA
chrX	58600000	58700000	0.0	NA
chrX	58700000	58800000	0.0	NA
chrX	58800000	58900000	0.0	NA
chrX	58900000	59000000	0.0	NA
chrX	59000000	59100000	0.0	NA
chrX	59100000	59200000	0.0	NA
chrX	59200000	59300000	0.0	NA
chrX	59300000	59400000	0.0	NA
chrX	59400000	59500000	0.0	NA
chrX	59500000	59600000	0.0	NA
chrX	59600000	59700000	0.0	NA
chrX	59700000	59800000	0.0	NA
chrX	59800000	59900000	0.0	NA
chrX	59900000	60000000	0.0	NA
chrX	60000000	60100000	0.0	NA
chrX	60100000	60200000	0.0	NA
chrX	60200000	60300000	0.0	NA
chrX	60300000	60400000	0.0	NA
chrX	60400000	60500000	0.0	NA
chrX	60500000	60600000	0.0	NA
chrX	60600000	60700000	0.0	NA
chrX	60700000	60800000	0.0	NA
chrX	60800000	60900000	0.0	NA
chrX	60900000	61000000	0.0	NA
chrX	61000000	61100000	0.0	NA
chrX	61100000	61200000	0.0	NA
chrX	61200000	61300000	0.0	NA
chrX	61300000	61400000	0.0	NA
chrX	61400000	61500000	0.0	NA
chrX	61500000	61600000	0.0	NA
chrX	61600000	61700000	0.0	NA
chrX	61700000	61800000	0.0	NA
chrX	61800000	61900000	0.0	NA
chrX	61900000	62000000	0.0	NA
chrX	62000000	62100000	0.0	NA
chrX	62100000	62200000	0.0	NA
chrX	62200000	62300000	0.0	NA
chrX	62300000	62400000	0.0	NA
chrX	62400000	62500000	0.0	NA
chrX	62500000	62600000	0.0	NA
chrX	62600000	62700000	0.0	NA
chrX	62700000	62800000	0.0	NA
chrX	62800000	62900000	0.0	NA
chrX	62900000	63000000	0.0	NA
chrX	63000000	63100000	0.0	NA
chrX	63100000	63200000	0.0	NA
chrX	63200000	63300000	0.0	NA
chrX	63300000	63400000	0.0	NA
chrX	63400000	63500000	0.0	NA
chrX	63500000	63600000	0.0	NA
chrX	63600000	63700000	0.0	NA
chrX	63700000	63800000	0.0	NA
chrX	63800000	63900000	0.0	NA
chrX	63900000	64000000	0.0	NA
chrX	64000000	64100000	0.0	NA
chrX	64100000	64200000	0.0	NA
chrX	64200000	64300000	0.0	NA
chrX	64300000	64400000	0.0	NA
chrX	64400000	64500000	0.0	NA
chrX	64500000	64600000	0.0	NA
chrX	64600000	64700000	0.0	NA
chrX	64700000	64800000	0.0	NA
chrX	64800000	64900000	0.0	NA
chrX	64900000	65000000	0.0	NA
chrX	65000000	65100000	0.0	NA
chrX	65100000	65200000	0.0	NA
chrX	65200000	65300000	0.0	NA
chrX	65300000	65400000	0.0	NA
chrX	65400000	65500000	0.0	NA
chrX	65500000	65600000	0.0	NA
chrX	65600000	65700000	0.0	NA
chrX	65700000	65800000	0.0	NA
chrX	65800000	65900000	0.0	NA
chrX	65900000	66000000	0.0	NA
chrX	66000000	66100000	0.0	NA
chrX	66100000	66200000	0.0	NA
chrX	66200000	66300000	0.0	NA
chrX	66300000	66400000	0.0	NA
chrX	66400000	66500000	0.0	NA
chrX	66500000	66600000	0.0	NA
chrX	66600000	66700000	0.0	NA
chrX	66700000	66800000	0.0	NA
chrX	66800000	66900000	0.0	NA
chrX	66900000	67000000	0.0	NA
chrX	67000000	67100000	0.0	NA
chrX	67100000	67200000	0.0	NA
chrX	67200000	67300000	0.0	NA
chrX	67300000	67400000	0.0	NA
chrX	67400000	67500000	0.0	NA
chrX	67500000	67600000	0.0	NA
chrX	67600000	67700000	0.0	NA
chrX	67700000	67800000	0.0	NA
chrX	67800000	67900000	0.0	NA
chrX	67900000	68000000	0.0	NA
chrX	68000000	68100000	0.0	NA
chrX	68100000	68200000	0.0	NA
chrX	68200000	68300000	0.0	NA
chrX	68300000	68400000	0.0	NA
chrX	68400000	68500000	0.0	NA
chrX	68500000	68600000	0.0	NA
chrX	68600000	68700000	0.0	NA
chrX	68700000	68800000	0.0	NA
chrX	68800000	68900000	0.0	NA
chrX	68900000	69000000	0.0	NA
chrX	69000000	69100000	0.0	NA
chrX	69100000	69200000	0.0	NA
chrX	69200000	69300000	0.0	NA
chrX	69300000	69400000	0.0	NA
chrX	69400000	69500000	0.0	NA
chrX	69500000	69600000	0.0	NA
chrX	69600000	69700000	0.0	NA
chrX	69700000	69800000	0.0	NA
chrX	69800000	69900000	0.0	NA
chrX	69900000	70000000	0.0	NA
chrX	70000000	70100000	0.0	NA
chrX	70100000	70200000	0.0	NA
chrX	70200000	70300000	0.0	NA
chrX	70300000	70400000	0.0	NA
chrX	70400000	70500000	0.0	NA
chrX	70500000	70600000	0.0	NA
chrX	70600000	70700000	0.0	NA
chrX	70700000	70800000	0.0	NA
chrX	70800000	70900000	0.0	NA
chrX	70900000	71000000	0.0	NA
chrX	71000000	71100000	0.0	NA
chrX	71100000	71200000	0.0	NA
chrX	71200000	71300000	0.0	NA
chrX	71300000	71400000	0.0	NA
chrX	71400000	71500000	0.0	NA
chrX	71500000	71600000	0.0	NA
chrX	71600000	71700000	0.0	NA
chrX	71700000	71800000	0.0	NA
chrX	71800000	71900000	0.0	NA
chrX	71900000	72000000	0.0	NA
chrX	72000000	72100000	0.0	NA
chrX	72100000	72200000	0.0	NA
chrX	72200000	72300000	0.0	NA
chrX	72300000	72400000	0.0	NA
chrX	72400000	72500000	0.0	NA
chrX	72500000	72600000	0.0	NA
chrX	72600000	72700000	0.0	NA
chrX	72700000	72800000	0.0	NA
chrX	72800000	72900000	0.0	NA
chrX	72900000	73000000	0.0	NA
chrX	73000000	73100000	0.0	NA
chrX	73100000	73200000	0.0	NA
chrX	73200000	73300000	0.0	NA
chrX	73300000	73400000	0.0	NA
chrX	73400000	73500000	0.0	NA
chrX	73500000	73600000	0.0	NA
chrX	73600000	73700000	0.0	NA
chrX	73700000	73800000	0.0	NA
chrX	73800000	73900000	0.0	NA
chrX	73900000	74000000	0.0	NA
chrX	74000000	74100000	0.0	NA
chrX	74100000	74200000	0.0	NA
chrX	74200000	74300000	0.0	NA
chrX	74300000	74400000	0.0	NA
chrX	74400000	74500000	0.0	NA
chrX	74500000	74600000	0.0	NA
chrX	74600000	74700000	0.0	NA
chrX	74700000	74800000	0.0	NA
chrX	74800000	74900000	0.0	NA
chrX	74900000	75000000	0.0	NA
chrX	75000000	75100000	0.0	NA
chrX	75100000	75200000	0.0	NA
chrX	75200000	75300000	0.0	NA
chrX	75300000	75400000	0.0	NA
chrX	75400000	75500000	0.0	NA
chrX	75500000	75600000	0.0	NA
chrX	75600000	75700000	0.0	NA
chrX	75700000	75800000	0.0	NA
chrX	75800000	75900000	0.0	NA
chrX	75900000	76000000	0.0	NA
chrX	76000000	76100000	0.0	NA
chrX	76100000	76200000	0.0	NA
chrX	76200000	76300000	0.0	NA
chrX	76300000	76400000	0.0	NA
chrX	76400000	76500000	0.0	NA
chrX	76500000	76600000	0.0	NA
chrX	76600000	76700000	0.0	NA
chrX	76700000	76800000	0.0	NA
chrX	76800000	76900000	0.0	NA
chrX	76900000	77000000	0.0	NA
chrX	77000000	77100000	0.0	NA
chrX	77100000	77200000	0.0	NA
chrX	77200000	77300000	0.0	NA
chrX	77300000	77400000	0.0	NA
chrX	77400000	77500000	0.0	NA
chrX	77500000	77600000	0.0	NA
chrX	77600000	77700000	0.0	NA
chrX	77700000	77800000	0.0	NA
chrX	77800000	77900000	0.0	NA
chrX	77900000	78000000	0.0004916667440701215	37998
chrX	78000000	78100000	0.0005106992313998466	69973
chrX	78100000	78200000	0.0003184138983537804	76470
chrX	78200000	78300000	0.0004514152562004564	56319
chrX	78300000	78400000	0.0005361122415128606	79018
chrX	78400000	78500000	0.0008678279519229749	76906
chrX	78500000	78600000	0.0008931801314717431	80798
chrX	78600000	78700000	0.000869316058760798	72185
chrX	78700000	78800000	0.0006773073222555011	72233
chrX	78800000	78900000	0.0007825637495694661	85322
chrX	78900000	79000000	0.0005099240585637668	71153
chrX	79000000	79100000	0.000730467339944601	74574
chrX	79100000	79200000	0.0014126891959988681	68742
chrX	79200000	79300000	0.001493913671373517	57453
chrX	79300000	79400000	0.000612876994584089	71543
chrX	79400000	79500000	0.0007483206451642339	56673
chrX	79500000	79600000	0.0001257071024512887	185
chrX	79600000	79700000	0.0	NA
chrX	79700000	79800000	0.0003398564298303655	70979
chrX	79800000	79900000	0.00036701696598499003	69882
chrX	79900000	80000000	0.00046042656884231597	17079
chrX	80000000	80100000	0.0003865432955725508	22051
chrX	80100000	80200000	0.000656574455030295	64438
chrX	80200000	80300000	0.0006286497098234655	60867
chrX	80300000	80400000	0.0005198314339545452	49662
chrX	80400000	80500000	0.0	NA
chrX	80500000	80600000	0.00046223704860438885	32793
chrX	80600000	80700000	0.0005469976841694212	87081
chrX	80700000	80800000	0.0010483781505497116	78084
chrX	80800000	80900000	0.0006506507287667394	82390
chrX	80900000	81000000	0.00046728192338002815	71089
chrX	81000000	81100000	0.0006877739886727043	65405
chrX	81100000	81200000	0.0006589994387564362	81176
chrX	81200000	81300000	0.00034316408608022576	71634
chrX	81300000	81400000	0.0006592018311308788	84901
chrX	81400000	81500000	0.00015396101214137188	80220
chrX	81500000	81600000	0.00010902329963741075	87904
chrX	81600000	81700000	0.0005093809334788407	80926
chrX	81700000	81800000	0.0007500835373409995	75521
chrX	81800000	81900000	0.0007347371408410133	78503
chrX	81900000	82000000	0.0004489223489159562	79390
chrX	82000000	82100000	0.0007937330702605109	70360
chrX	82100000	82200000	0.0005124170578090022	82185
chrX	82200000	82300000	0.0008154242878495708	80752
chrX	82300000	82400000	0.0002836728768352938	75059
chrX	82400000	82500000	0.00033775593288566186	81344
chrX	82500000	82600000	0.00016561971601965274	77677
chrX	82600000	82700000	0.0003786574093946096	70306
chrX	82700000	82800000	0.0002724430830533334	86482
chrX	82800000	82900000	0.00035536535903655744	73797
chrX	82900000	83000000	0.0003928978758903967	65746
chrX	83000000	83100000	0.0003133912021491969	71216
chrX	83100000	83200000	0.0002692519522707376	61184
chrX	83200000	83300000	0.00035612848042812555	77716
chrX	83300000	83400000	0.00035321721544278445	10199
chrX	83400000	83500000	0.0005526538922514737	50376
chrX	83500000	83600000	0.0007488149108523667	55116
chrX	83600000	83700000	0.0	NA
chrX	83700000	83800000	0.001087807607661986	35573
chrX	83800000	83900000	0.0006360526439926428	72500
chrX	83900000	84000000	0.0004039153853832577	82759
chrX	84000000	84100000	0.0006880351985385968	76378
chrX	84100000	84200000	0.00039932297645185695	62829
chrX	84200000	84300000	0.00045383460780226194	33244
chrX	84300000	84400000	0.0008437213113393723	26706
chrX	84400000	84500000	0.0006210901356952098	70104
chrX	84500000	84600000	0.0006458090861643058	3887
chrX	84600000	84700000	0.0006833993039983674	46655
chrX	84700000	84800000	0.00033915091806414167	83194
chrX	84800000	84900000	0.0008603697827690235	74517
chrX	84900000	85000000	0.0010139168587672452	65222
chrX	85000000	85100000	0.0007808759876289724	68020
chrX	85100000	85200000	0.00034543018588583107	12413
chrX	85200000	85300000	0.0	NA
chrX	85300000	85400000	0.0005321108620867092	70772
chrX	85400000	85500000	0.0002902413201416524	2548
chrX	85500000	85600000	0.0	NA
chrX	85600000	85700000	0.0	NA
chrX	85700000	85800000	0.0	NA
chrX	85800000	85900000	0.0	NA
chrX	85900000	86000000	0.0	NA
chrX	86000000	86100000	0.0008434775161392619	11229
chrX	86100000	86200000	0.0005729575842018203	76098
chrX	86200000	86300000	0.0009189151520293097	73869
chrX	86300000	86400000	0.0007697423845059099	73342
chrX	86400000	86500000	0.001385721419446271	79538
chrX	86500000	86600000	0.0009593727432784476	80524
chrX	86600000	86700000	0.0011381478167449988	80310
chrX	86700000	86800000	0.0008474808514746185	54161
chrX	86800000	86900000	0.0	NA
chrX	86900000	87000000	0.0005534014663543149	57181
chrX	87000000	87100000	0.0009157122267795431	71326
chrX	87100000	87200000	0.0007684814323657282	85549
chrX	87200000	87300000	0.000532200578297109	77545
chrX	87300000	87400000	0.0005443973417965234	87214
chrX	87400000	87500000	0.0008658179085419082	82770
chrX	87500000	87600000	0.0010465670205067781	71770
chrX	87600000	87700000	0.0011586300205747235	84236
chrX	87700000	87800000	0.0015010536639436525	73486
chrX	87800000	87900000	0.00038924558269492636	82864
chrX	87900000	88000000	0.00018849098218665165	83275
chrX	88000000	88100000	0.000601077618217028	63045
chrX	88100000	88200000	0.0006467416425828622	81860
chrX	88200000	88300000	0.00075351940107028	83872
chrX	88300000	88400000	0.0007693366742755998	82143
chrX	88400000	88500000	0.0008160432901828096	47115
chrX	88500000	88600000	0.0	65
chrX	88600000	88700000	0.0	62
chrX	88700000	88800000	0.0	51
chrX	88800000	88900000	0.0008013279767279648	1265
chrX	88900000	89000000	0.002442024459073655	9301
chrX	89000000	89100000	0.0	599
chrX	89100000	89200000	0.0	33
chrX	89200000	89300000	0.0006830860417779368	34332
chrX	89300000	89400000	0.0007489014249298975	41558
chrX	89400000	89500000	0.00018603368171882294	3412
chrX	89500000	89600000	0.0007330271963388941	1833
chrX	89600000	89700000	0.0004593675312854309	514
chrX	89700000	89800000	0.0013724019240104145	372
chrX	89800000	89900000	0.0006523629129648282	4368
chrX	89900000	90000000	0.0005910517421742979	1360
chrX	90000000	90100000	2.9738892523642472e-05	782
chrX	90100000	90200000	0.001363653163119015	7649
chrX	90200000	90300000	0.000681843601854959	6996
chrX	90300000	90400000	0.0008149333059719	77222
chrX	90400000	90500000	0.0006635946912424699	228
chrX	90500000	90600000	0.0010592228674820615	66546
chrX	90600000	90700000	0.0006853724713273693	62942
chrX	90700000	90800000	0.0013126049931375442	30386
chrX	90800000	90900000	0.0003932078580546077	1345
chrX	90900000	91000000	0.0011086094407401915	17357
chrX	91000000	91100000	0.002741925890679831	276
chrX	91100000	91200000	0.0	NA
chrX	91200000	91300000	0.0	NA
chrX	91300000	91400000	0.0	NA
chrX	91400000	91500000	0.0	NA
chrX	91500000	91600000	0.0	NA
chrX	91600000	91700000	0.0	NA
chrX	91700000	91800000	0.0	NA
chrX	91800000	91900000	0.0004006856834034217	648
chrX	91900000	92000000	0.0	250
chrX	92000000	92100000	0.0022335750517535682	226
chrX	92100000	92200000	0.0004029849125055668	4282
chrX	92200000	92300000	0.0001344045256972834	857
chrX	92300000	92400000	0.0005552096967613066	21631
chrX	92400000	92500000	0.0004848656973074142	82097
chrX	92500000	92600000	0.0011153798765249645	80729
chrX	92600000	92700000	0.0005996967881877823	82484
chrX	92700000	92800000	0.0009406169847052783	84326
chrX	92800000	92900000	0.0006288282378111347	77046
chrX	92900000	93000000	0.0005309732389007504	49011
chrX	93000000	93100000	0.0003190276471839125	90770
chrX	93100000	93200000	0.0005510323959627039	79369
chrX	93200000	93300000	0.0004350630080296494	81587
chrX	93300000	93400000	0.0006291758641116192	82176
chrX	93400000	93500000	0.0005683291837941791	84111
chrX	93500000	93600000	0.0006377665045884112	82435
chrX	93600000	93700000	0.0006355970204869947	86640
chrX	93700000	93800000	0.0006987422884057807	79207
chrX	93800000	93900000	0.00043777484614382557	83504
chrX	93900000	94000000	0.00040772062640028844	79081
chrX	94000000	94100000	0.0004996144348400871	68599
chrX	94100000	94200000	0.00044557095325673766	81259
chrX	94200000	94300000	0.0006494570479495922	82929
chrX	94300000	94400000	0.0006082737578823506	79103
chrX	94400000	94500000	0.0008742593132031195	80136
chrX	94500000	94600000	0.00020603553501032597	80477
chrX	94600000	94700000	0.00014883514164775222	83628
chrX	94700000	94800000	0.00016272436849597196	85075
chrX	94800000	94900000	0.00021729471312401496	76229
chrX	94900000	95000000	0.0001599048491322718	86842
chrX	95000000	95100000	0.0004528691950015528	78596
chrX	95100000	95200000	0.0005983240971145972	82344
chrX	95200000	95300000	0.0006991807051459083	79875
chrX	95300000	95400000	0.0005700979694215878	73828
chrX	95400000	95500000	0.00030701354889317215	76776
chrX	95500000	95600000	0.0006082958789914191	66411
chrX	95600000	95700000	0.0005187500600279027	80332
chrX	95700000	95800000	0.0007100179944610774	72601
chrX	95800000	95900000	0.0005791662170213265	65373
chrX	95900000	96000000	0.0006460386832063928	29983
chrX	96000000	96100000	0.0	NA
chrX	96100000	96200000	0.0	NA
chrX	96200000	96300000	0.0	NA
chrX	96300000	96400000	0.0	NA
chrX	96400000	96500000	0.0	NA
chrX	96500000	96600000	0.0	NA
chrX	96600000	96700000	0.0	NA
chrX	96700000	96800000	0.0	NA
chrX	96800000	96900000	0.00010365237571629376	39876
chrX	96900000	97000000	0.0004305181618447704	83338
chrX	97000000	97100000	0.0005375535191636959	82586
chrX	97100000	97200000	0.0001912840793143716	80776
chrX	97200000	97300000	3.826589929748052e-05	85277
chrX	97300000	97400000	0.00010630022775542052	81899
chrX	97400000	97500000	0.00018682588794323223	80460
chrX	97500000	97600000	0.00021459024608612187	79157
chrX	97600000	97700000	0.0004236349678147188	75053
chrX	97700000	97800000	0.0002957134644823236	83246
chrX	97800000	97900000	0.0005596989157131624	79038
chrX	97900000	98000000	0.0004204002863738092	74310
chrX	98000000	98100000	0.0002941061643082677	85181
chrX	98100000	98200000	0.0003731558906334437	79778
chrX	98200000	98300000	0.00043476366546246287	89955
chrX	98300000	98400000	0.0003115196518186547	86195
chrX	98400000	98500000	0.0002643573258077042	78522
chrX	98500000	98600000	0.00024043135531087774	80628
chrX	98600000	98700000	0.00020076141085042758	86591
chrX	98700000	98800000	0.0002199837653520497	15641
chrX	98800000	98900000	0.0	NA
chrX	98900000	99000000	0.0	NA
chrX	99000000	99100000	0.0	NA
chrX	99100000	99200000	1.261503333522561e-05	3687
chrX	99200000	99300000	0.00021146812719585482	88148
chrX	99300000	99400000	0.00011058637783962005	74942
chrX	99400000	99500000	0.00011436328535955676	42883
chrX	99500000	99600000	0.0	NA
chrX	99600000	99700000	0.0	NA
chrX	99700000	99800000	0.0	NA
chrX	99800000	99900000	0.0	NA
chrX	99900000	100000000	0.0	NA
chrX	100000000	100100000	0.0	NA
chrX	100100000	100200000	0.0	NA
chrX	100200000	100300000	0.0	NA
chrX	100300000	100400000	0.0	NA
chrX	100400000	100500000	0.0	NA
chrX	100500000	100600000	0.0	NA
chrX	100600000	100700000	0.0	NA
chrX	100700000	100800000	0.0	NA
chrX	100800000	100900000	0.0	NA
chrX	100900000	101000000	0.0	NA
chrX	101000000	101100000	0.0	NA
chrX	101100000	101200000	0.0	NA
chrX	101200000	101300000	0.0	NA
chrX	101300000	101400000	0.0	NA
chrX	101400000	101500000	0.0	NA
chrX	101500000	101600000	0.0	NA
chrX	101600000	101700000	0.0	NA
chrX	101700000	101800000	0.0	NA
chrX	101800000	101900000	0.0	NA
chrX	101900000	102000000	0.0	NA
chrX	102000000	102100000	0.0	NA
chrX	102100000	102200000	0.0	NA
chrX	102200000	102300000	0.0	NA
chrX	102300000	102400000	0.0	NA
chrX	102400000	102500000	0.0	NA
chrX	102500000	102600000	0.0	NA
chrX	102600000	102700000	0.0	NA
chrX	102700000	102800000	0.0	NA
chrX	102800000	102900000	0.0	NA
chrX	102900000	103000000	0.0	NA
chrX	103000000	103100000	0.0	NA
chrX	103100000	103200000	0.0	NA
chrX	103200000	103300000	0.0	NA
chrX	103300000	103400000	0.0	NA
chrX	103400000	103500000	0.0	NA
chrX	103500000	103600000	0.0	NA
chrX	103600000	103700000	0.0	NA
chrX	103700000	103800000	0.0	NA
chrX	103800000	103900000	0.0	NA
chrX	103900000	104000000	0.0	NA
chrX	104000000	104100000	0.0	NA
chrX	104100000	104200000	0.0	NA
chrX	104200000	104300000	0.0	NA
chrX	104300000	104400000	0.0	NA
chrX	104400000	104500000	0.0	NA
chrX	104500000	104600000	0.0	NA
chrX	104600000	104700000	0.0	NA
chrX	104700000	104800000	0.0	NA
chrX	104800000	104900000	0.0	NA
chrX	104900000	105000000	0.0	NA
chrX	105000000	105100000	0.0	NA
chrX	105100000	105200000	0.0	NA
chrX	105200000	105300000	0.0	NA
chrX	105300000	105400000	0.0	NA
chrX	105400000	105500000	0.0	NA
chrX	105500000	105600000	0.0	NA
chrX	105600000	105700000	0.0	NA
chrX	105700000	105800000	0.0	NA
chrX	105800000	105900000	0.0	NA
chrX	105900000	106000000	0.0	NA
chrX	106000000	106100000	0.0	NA
chrX	106100000	106200000	0.0	NA
chrX	106200000	106300000	0.0	NA
chrX	106300000	106400000	0.0	NA
chrX	106400000	106500000	0.0	NA
chrX	106500000	106600000	0.0	NA
chrX	106600000	106700000	0.0	NA
chrX	106700000	106800000	0.0	NA
chrX	106800000	106900000	0.0	NA
chrX	106900000	107000000	0.0	NA
chrX	107000000	107100000	0.0	NA
chrX	107100000	107200000	0.0	NA
chrX	107200000	107300000	0.0	NA
chrX	107300000	107400000	0.0	NA
chrX	107400000	107500000	0.0	NA
chrX	107500000	107600000	0.0	NA
chrX	107600000	107700000	0.0	NA
chrX	107700000	107800000	0.0	NA
chrX	107800000	107900000	0.0	NA
chrX	107900000	108000000	0.0	NA
chrX	108000000	108100000	0.0	NA
chrX	108100000	108200000	0.0	NA
chrX	108200000	108300000	0.0	NA
chrX	108300000	108400000	0.0	NA
chrX	108400000	108500000	0.0	NA
chrX	108500000	108600000	0.0	NA
chrX	108600000	108700000	0.0	NA
chrX	108700000	108800000	0.0	NA
chrX	108800000	108900000	0.0	NA
chrX	108900000	109000000	0.0	NA
chrX	109000000	109100000	0.0	NA
chrX	109100000	109200000	0.0	NA
chrX	109200000	109300000	0.0	NA
chrX	109300000	109400000	0.0	NA
chrX	109400000	109500000	0.0	NA
chrX	109500000	109600000	0.0	NA
chrX	109600000	109700000	0.0	NA
chrX	109700000	109800000	0.0	NA
chrX	109800000	109900000	0.0	NA
chrX	109900000	110000000	0.0	NA
chrX	110000000	110100000	0.0	NA
chrX	110100000	110200000	0.0	NA
chrX	110200000	110300000	0.0	NA
chrX	110300000	110400000	0.0	NA
chrX	110400000	110500000	0.0	NA
chrX	110500000	110600000	0.0	NA
chrX	110600000	110700000	0.0	NA
chrX	110700000	110800000	0.0	NA
chrX	110800000	110900000	0.0	NA
chrX	110900000	111000000	0.0	NA
chrX	111000000	111100000	0.0	NA
chrX	111100000	111200000	0.0	NA
chrX	111200000	111300000	0.0	NA
chrX	111300000	111400000	0.0	NA
chrX	111400000	111500000	0.0	NA
chrX	111500000	111600000	0.0	NA
chrX	111600000	111700000	0.0	NA
chrX	111700000	111800000	0.0006772975642667174	67021
chrX	111800000	111900000	0.0004139383926167527	50947
chrX	111900000	112000000	0.00012033243672518573	57531
chrX	112000000	112100000	0.00027467589875263877	28931
chrX	112100000	112200000	0.00038391474036191317	71251
chrX	112200000	112300000	0.0004939777236856415	68433
chrX	112300000	112400000	0.0	NA
chrX	112400000	112500000	0.0	NA
chrX	112500000	112600000	0.0	NA
chrX	112600000	112700000	0.0	NA
chrX	112700000	112800000	0.0005642902109756356	29177
chrX	112800000	112900000	0.00044049157636334463	48656
chrX	112900000	113000000	0.0	NA
chrX	113000000	113100000	0.0	NA
chrX	113100000	113200000	0.0002609910189279326	16190
chrX	113200000	113300000	0.0002967490855022324	73176
chrX	113300000	113400000	0.0004881563954300672	76626
chrX	113400000	113500000	0.00042295002053410486	84368
chrX	113500000	113600000	0.00045940125552028084	40927
chrX	113600000	113700000	0.0003853862585424533	83221
chrX	113700000	113800000	0.00024362735521492237	71662
chrX	113800000	113900000	0.00047580598306515076	16058
chrX	113900000	114000000	0.0	NA
chrX	114000000	114100000	0.0	NA
chrX	114100000	114200000	0.00018594921951588814	41507
chrX	114200000	114300000	0.0002073913580655921	72922
chrX	114300000	114400000	0.00015647825996592332	31462
chrX	114400000	114500000	0.00015021191636723212	23784
chrX	114500000	114600000	0.00029077995307274796	67241
chrX	114600000	114700000	0.0003651490155210119	82924
chrX	114700000	114800000	0.0005341610700089645	38538
chrX	114800000	114900000	0.00023638456750689336	8330
chrX	114900000	115000000	0.000348514692078616	26510
chrX	115000000	115100000	0.0006701746897533773	12512
chrX	115100000	115200000	0.0003510675309856973	65562
chrX	115200000	115300000	0.00048031150368514674	69242
chrX	115300000	115400000	0.0011293236656145782	71602
chrX	115400000	115500000	0.0009660632261587463	80908
chrX	115500000	115600000	0.0005911514336388791	64329
chrX	115600000	115700000	0.0010791098497896126	61160
chrX	115700000	115800000	0.0007135875477123207	52435
chrX	115800000	115900000	0.0006253360773938474	74698
chrX	115900000	116000000	0.0007115324195857187	73119
chrX	116000000	116100000	0.0008181255354198865	76196
chrX	116100000	116200000	0.0007689234660133091	81446
chrX	116200000	116300000	0.000826415687758933	78640
chrX	116300000	116400000	0.000735577141615815	71475
chrX	116400000	116500000	0.0012095551926401868	70502
chrX	116500000	116600000	0.0013987580004026908	70238
chrX	116600000	116700000	0.0009270806113158545	74390
chrX	116700000	116800000	0.0005822274556259019	74679
chrX	116800000	116900000	0.0010997539444351984	73773
chrX	116900000	117000000	0.0005884559494166549	74148
chrX	117000000	117100000	0.0005506015059885973	22332
chrX	117100000	117200000	0.0	NA
chrX	117200000	117300000	0.00019774421327270489	40347
chrX	117300000	117400000	0.0005098340562409991	77294
chrX	117400000	117500000	0.0007517357256115134	49773
chrX	117500000	117600000	0.0007715092827277326	10631
chrX	117600000	117700000	0.0004783082171767302	14298
chrX	117700000	117800000	0.0	NA
chrX	117800000	117900000	0.00039038446040377817	26803
chrX	117900000	118000000	0.0004679288810868118	29815
chrX	118000000	118100000	0.0005927212657770439	53000
chrX	118100000	118200000	0.0002676901106772059	39921
chrX	118200000	118300000	0.00020051497185145505	21133
chrX	118300000	118400000	0.0001283465928637107	72783
chrX	118400000	118500000	0.00014041580932029602	44581
chrX	118500000	118600000	0.0006433284939598614	26471
chrX	118600000	118700000	0.0005259885641774591	40897
chrX	118700000	118800000	0.0004001489493866799	13229
chrX	118800000	118900000	0.0009141837814915141	36878
chrX	118900000	119000000	0.0006754545031041195	35385
chrX	119000000	119100000	0.0005306670241515576	25144
chrX	119100000	119200000	0.0006103361651130803	48826
chrX	119200000	119300000	6.117261627541989e-05	1874
chrX	119300000	119400000	0.00020804463689929034	36215
chrX	119400000	119500000	0.0005501211154091284	38344
chrX	119500000	119600000	0.0008277729211384953	28773
chrX	119600000	119700000	0.00034834654027083044	36035
chrX	119700000	119800000	0.00037707464945261406	44851
chrX	119800000	119900000	0.0007560384790489965	78262
chrX	119900000	120000000	0.00042429321139843425	65493
chrX	120000000	120100000	0.00010615220764424567	4678
chrX	120100000	120200000	0.0002645276121136194	61988
chrX	120200000	120300000	0.00046868470509429824	78949
chrX	120300000	120400000	0.0008130714226883252	78196
chrX	120400000	120500000	0.0009434247533101284	77432
chrX	120500000	120600000	0.0008565187786461012	77204
chrX	120600000	120700000	0.00021389898374216208	79432
chrX	120700000	120800000	0.0003881486528567416	88678
chrX	120800000	120900000	0.00046561685559953645	80903
chrX	120900000	121000000	0.000525953903134207	79332
chrX	121000000	121100000	0.0006942744419704765	83464
chrX	121100000	121200000	0.00037218520068442077	79903
chrX	121200000	121300000	0.0003884056038920755	75811
chrX	121300000	121400000	0.0005014666222166025	74375
chrX	121400000	121500000	0.00028434456412683976	77267
chrX	121500000	121600000	0.0005489203888580222	81218
chrX	121600000	121700000	0.00041637424959932754	71563
chrX	121700000	121800000	0.0002874396007004231	84243
chrX	121800000	121900000	0.0006380124614215673	77265
chrX	121900000	122000000	0.0005322548104135133	85213
chrX	122000000	122100000	0.00040705877758072227	82171
chrX	122100000	122200000	0.0006130391588980198	76885
chrX	122200000	122300000	0.0007823853238641098	82119
chrX	122300000	122400000	0.0005989031571047793	17186
chrX	122400000	122500000	0.0	NA
chrX	122500000	122600000	0.0	NA
chrX	122600000	122700000	0.0004008579565013841	57093
chrX	122700000	122800000	0.00014450489047250416	21285
chrX	122800000	122900000	0.0001878108642508259	16884
chrX	122900000	123000000	0.0004879590165208601	37929
chrX	123000000	123100000	0.0006088768439915534	21411
chrX	123100000	123200000	0.0	NA
chrX	123200000	123300000	0.0007051138597393177	38450
chrX	123300000	123400000	0.0006678360804099186	74654
chrX	123400000	123500000	0.00035764161270104443	65027
chrX	123500000	123600000	0.0002564352601268803	2455
chrX	123600000	123700000	0.0	NA
chrX	123700000	123800000	0.0	NA
chrX	123800000	123900000	0.0	NA
chrX	123900000	124000000	0.0	NA
chrX	124000000	124100000	0.00025738773997072324	1941
chrX	124100000	124200000	0.0003706308397676129	80385
chrX	124200000	124300000	0.000349729077716043	87713
chrX	124300000	124400000	0.00017624536493835314	86602
chrX	124400000	124500000	0.00044206573703909333	75313
chrX	124500000	124600000	0.0007755027136023171	77644
chrX	124600000	124700000	0.0007430307858747718	78830
chrX	124700000	124800000	0.0006958254107642685	79090
chrX	124800000	124900000	0.00046649667710940836	84335
chrX	124900000	125000000	0.00039583445252603717	77285
chrX	125000000	125100000	0.0002964117682407383	77400
chrX	125100000	125200000	0.0006462210863091074	82061
chrX	125200000	125300000	0.0008730702009642886	68702
chrX	125300000	125400000	0.0005566416394502589	72324
chrX	125400000	125500000	0.000560490042869581	76372
chrX	125500000	125600000	0.000541600109521248	73295
chrX	125600000	125700000	0.0006670345674403487	78103
chrX	125700000	125800000	0.0004950488955338146	84456
chrX	125800000	125900000	0.0007632208357752529	84984
chrX	125900000	126000000	0.0006623950793385118	76090
chrX	126000000	126100000	0.0009071699931714521	69628
chrX	126100000	126200000	0.00027344804779130675	82209
chrX	126200000	126300000	0.00034265066699972483	75685
chrX	126300000	126400000	0.0006271644706864041	66387
chrX	126400000	126500000	0.0004876037418348352	78716
chrX	126500000	126600000	0.00021795738796829187	80933
chrX	126600000	126700000	0.0004693463958739038	77666
chrX	126700000	126800000	0.0005268444374537933	77423
chrX	126800000	126900000	0.00037748017388823494	88719
chrX	126900000	127000000	0.0005866642677719833	71594
chrX	127000000	127100000	0.0003057930251798939	86740
chrX	127100000	127200000	0.000371127707795853	82489
chrX	127200000	127300000	0.0002771198957704724	81487
chrX	127300000	127400000	0.00028277911026596653	78164
chrX	127400000	127500000	0.00023432937457396462	86911
chrX	127500000	127600000	0.00021107340646227954	76013
chrX	127600000	127700000	0.00013799810884833347	83845
chrX	127700000	127800000	0.0003383278947400128	82895
chrX	127800000	127900000	0.0003124304187281071	72823
chrX	127900000	128000000	0.0004939507329623732	71949
chrX	128000000	128100000	0.00046576659757336476	82544
chrX	128100000	128200000	0.0002021929808757781	76311
chrX	128200000	128300000	0.0004687567971120828	28145
chrX	128300000	128400000	0.0	NA
chrX	128400000	128500000	0.0	NA
chrX	128500000	128600000	0.0	NA
chrX	128600000	128700000	0.0	NA
chrX	128700000	128800000	0.0	NA
chrX	128800000	128900000	0.0	NA
chrX	128900000	129000000	0.0	NA
chrX	129000000	129100000	0.0	NA
chrX	129100000	129200000	0.0	NA
chrX	129200000	129300000	0.0	NA
chrX	129300000	129400000	0.0	NA
chrX	129400000	129500000	0.0	NA
chrX	129500000	129600000	0.0	NA
chrX	129600000	129700000	0.0	NA
chrX	129700000	129800000	0.0	NA
chrX	129800000	129900000	0.0	NA
chrX	129900000	130000000	0.0	NA
chrX	130000000	130100000	0.0	NA
chrX	130100000	130200000	0.0	NA
chrX	130200000	130300000	0.0	NA
chrX	130300000	130400000	0.0	NA
chrX	130400000	130500000	0.0	NA
chrX	130500000	130600000	0.0	NA
chrX	130600000	130700000	0.0	NA
chrX	130700000	130800000	0.0	NA
chrX	130800000	130900000	0.0	NA
chrX	130900000	131000000	0.0	NA
chrX	131000000	131100000	0.0	NA
chrX	131100000	131200000	0.0	NA
chrX	131200000	131300000	0.0	NA
chrX	131300000	131400000	0.0	NA
chrX	131400000	131500000	0.0	NA
chrX	131500000	131600000	0.0	NA
chrX	131600000	131700000	0.0	NA
chrX	131700000	131800000	0.0	NA
chrX	131800000	131900000	0.0	NA
chrX	131900000	132000000	0.0	NA
chrX	132000000	132100000	0.0	NA
chrX	132100000	132200000	0.0	NA
chrX	132200000	132300000	0.0	NA
chrX	132300000	132400000	0.0	NA
chrX	132400000	132500000	0.0	NA
chrX	132500000	132600000	0.0	NA
chrX	132600000	132700000	0.0	NA
chrX	132700000	132800000	0.0	NA
chrX	132800000	132900000	0.0	NA
chrX	132900000	133000000	0.0	NA
chrX	133000000	133100000	0.0	NA
chrX	133100000	133200000	0.0	NA
chrX	133200000	133300000	0.0	NA
chrX	133300000	133400000	0.0	NA
chrX	133400000	133500000	0.0	NA
chrX	133500000	133600000	0.0	NA
chrX	133600000	133700000	0.0	NA
chrX	133700000	133800000	0.0	NA
chrX	133800000	133900000	0.0	NA
chrX	133900000	134000000	0.0	NA
chrX	134000000	134100000	0.0	NA
chrX	134100000	134200000	0.0	NA
chrX	134200000	134300000	0.0	NA
chrX	134300000	134400000	0.0	NA
chrX	134400000	134500000	0.0	NA
chrX	134500000	134600000	0.0	NA
chrX	134600000	134700000	0.0	NA
chrX	134700000	134800000	0.0	NA
chrX	134800000	134900000	0.0	NA
chrX	134900000	135000000	0.0	NA
chrX	135000000	135100000	0.0	NA
chrX	135100000	135200000	0.0	NA
chrX	135200000	135300000	0.0	NA
chrX	135300000	135400000	0.0	NA
chrX	135400000	135500000	0.0	NA
chrX	135500000	135600000	0.0	NA
chrX	135600000	135700000	0.0	NA
chrX	135700000	135800000	0.0	NA
chrX	135800000	135900000	0.0	NA
chrX	135900000	136000000	0.0	NA
chrX	136000000	136100000	0.0	NA
chrX	136100000	136200000	0.0	NA
chrX	136200000	136300000	0.0	NA
chrX	136300000	136400000	0.0	NA
chrX	136400000	136500000	0.0	NA
chrX	136500000	136600000	0.0	NA
chrX	136600000	136700000	0.0	NA
chrX	136700000	136800000	0.00031237774964585366	2815
chrX	136800000	136900000	0.0003628970157070237	70269
chrX	136900000	137000000	0.0004015123477282244	83240
chrX	137000000	137100000	0.000676859477949131	76557
chrX	137100000	137200000	0.00029393700933429964	69559
chrX	137200000	137300000	0.0003629485943393101	79877
chrX	137300000	137400000	0.0006346583892941383	70831
chrX	137400000	137500000	0.0003612794864968359	81591
chrX	137500000	137600000	0.00036928242109780535	80843
chrX	137600000	137700000	0.0001308104225431684	84750
chrX	137700000	137800000	0.0001518705701963956	11618
chrX	137800000	137900000	0.0	NA
chrX	137900000	138000000	0.0	NA
chrX	138000000	138100000	0.0	NA
chrX	138100000	138200000	0.0	NA
chrX	138200000	138300000	8.64615370682773e-05	10876
chrX	138300000	138400000	0.00039088160695150196	82163
chrX	138400000	138500000	0.0007839984424415106	78737
chrX	138500000	138600000	0.0006494742039260923	73499
chrX	138600000	138700000	0.0003702621245028217	20843
chrX	138700000	138800000	0.00032624823239527155	8013
chrX	138800000	138900000	9.522825722828235e-05	7085
chrX	138900000	139000000	7.227306959757646e-05	63780
chrX	139000000	139100000	0.00018718314744844825	42201
chrX	139100000	139200000	0.0003245732558645709	70268
chrX	139200000	139300000	0.00035766653081170826	78120
chrX	139300000	139400000	0.00016835867001698551	63957
chrX	139400000	139500000	5.648986728018123e-05	76316
chrX	139500000	139600000	0.00012166880334753558	81907
chrX	139600000	139700000	0.00035620562964780987	85526
chrX	139700000	139800000	0.0002404087495838316	65512
chrX	139800000	139900000	0.0012265812510206192	34757
chrX	139900000	140000000	0.00067412365874933	83458
chrX	140000000	140100000	0.0005782604814227507	63624
chrX	140100000	140200000	0.0	NA
chrX	140200000	140300000	0.0005109175055185084	65869
chrX	140300000	140400000	0.0007821117779901548	53147
chrX	140400000	140500000	0.0005731622677776078	74746
chrX	140500000	140600000	0.0011712235891442474	45584
chrX	140600000	140700000	0.0	NA
chrX	140700000	140800000	0.0009190879617977553	29666
chrX	140800000	140900000	0.0007836362494405908	73662
chrX	140900000	141000000	0.00028039240379845205	28070
chrX	141000000	141100000	0.0010978677958459221	81059
chrX	141100000	141200000	0.0011924228157901393	81718
chrX	141200000	141300000	0.0011273824917825835	70325
chrX	141300000	141400000	0.0005881972944216464	79200
chrX	141400000	141500000	0.000775057726778724	70039
chrX	141500000	141600000	0.0006960903753096468	72042
chrX	141600000	141700000	0.0003559889839770053	84230
chrX	141700000	141800000	0.0005656870978295427	81333
chrX	141800000	141900000	0.0002458130782086831	72238
chrX	141900000	142000000	0.0005232486616124076	74115
chrX	142000000	142100000	0.00038568968359309943	79354
chrX	142100000	142200000	0.0005745917247723573	82860
chrX	142200000	142300000	0.0007948984484037173	85677
chrX	142300000	142400000	0.00047376401280969807	83784
chrX	142400000	142500000	0.000715432765155003	82097
chrX	142500000	142600000	0.0008018974647644772	79563
chrX	142600000	142700000	0.0009137541837735454	74762
chrX	142700000	142800000	0.0006729505207391952	70084
chrX	142800000	142900000	0.0007108643598547108	72483
chrX	142900000	143000000	0.0005060159061061621	83030
chrX	143000000	143100000	0.00035933467002768096	79689
chrX	143100000	143200000	0.0003780977305652182	50308
chrX	143200000	143300000	0.00037719710301407125	3317
chrX	143300000	143400000	0.0011395739803774188	83346
chrX	143400000	143500000	0.0006877194985541442	80611
chrX	143500000	143600000	0.0008582252897276944	40018
chrX	143600000	143700000	0.0006320337306956402	85863
chrX	143700000	143800000	0.001033372520204745	81404
chrX	143800000	143900000	0.0008345950843592185	84151
chrX	143900000	144000000	0.0005944653491227731	84696
chrX	144000000	144100000	0.0007699805581736476	86463
chrX	144100000	144200000	0.0006854591782675573	83878
chrX	144200000	144300000	0.0009659550824791308	85733
chrX	144300000	144400000	0.0004720761110490928	76908
chrX	144400000	144500000	0.0003055089670097271	76452
chrX	144500000	144600000	0.0006375767933165184	79929
chrX	144600000	144700000	0.0009735385115845243	87538
chrX	144700000	144800000	0.0005288759124014164	87024
chrX	144800000	144900000	0.0006395772735630056	82454
chrX	144900000	145000000	0.0007425458667424308	75125
chrX	145000000	145100000	0.0007167640553573014	80131
chrX	145100000	145200000	0.0006878213745480243	78751
chrX	145200000	145300000	0.00039150757412256126	83307
chrX	145300000	145400000	0.0008507142787334737	76426
chrX	145400000	145500000	0.0004053481579425778	81886
chrX	145500000	145600000	0.0009772728842868436	83363
chrX	145600000	145700000	0.0009596204138921985	88228
chrX	145700000	145800000	0.0005615548600791057	80064
chrX	145800000	145900000	0.0007423295526930596	62280
chrX	145900000	146000000	0.0005957357779154533	72931
chrX	146000000	146100000	0.0006111922688163831	83332
chrX	146100000	146200000	0.000553071686956272	84928
chrX	146200000	146300000	0.00044314653816355365	65998
chrX	146300000	146400000	0.0005613849272242878	70707
chrX	146400000	146500000	0.0005672421805443449	79162
chrX	146500000	146600000	0.0004451672635533534	82920
chrX	146600000	146700000	0.0007691530750260483	88267
chrX	146700000	146800000	0.00023174789289623254	83557
chrX	146800000	146900000	0.00034670395568794	90871
chrX	146900000	147000000	0.00036544705533356886	68753
chrX	147000000	147100000	0.0005125333620986947	20925
chrX	147100000	147200000	0.00041018563454938426	77770
chrX	147200000	147300000	0.0004518378905925378	69302
chrX	147300000	147400000	0.00036137793089436124	76285
chrX	147400000	147500000	0.0006080250106753444	72248
chrX	147500000	147600000	0.00042413826204899623	71667
chrX	147600000	147700000	0.0	NA
chrX	147700000	147800000	0.0	NA
chrX	147800000	147900000	0.0	NA
chrX	147900000	148000000	0.0	NA
chrX	148000000	148100000	9.061554220928958e-05	16561
chrX	148100000	148200000	0.0001459680058173554	86056
chrX	148200000	148300000	0.00021160841177052407	74065
chrX	148300000	148400000	0.00037428484482263645	84756
chrX	148400000	148500000	0.0002527107041303094	79877
chrX	148500000	148600000	0.0003705023071559982	55149
chrX	148600000	148700000	0.0002844473432708728	12987
chrX	148700000	148800000	0.0002156451102821558	24016
chrX	148800000	148900000	0.00030255388893116826	32428
chrX	148900000	149000000	0.00012208934586587823	2418
chrX	149000000	149100000	1.764027009753717e-05	7879
chrX	149100000	149200000	7.520922446581161e-05	11561
chrX	149200000	149300000	8.73539884160485e-05	80591
chrX	149300000	149400000	0.0002976466701825539	80536
chrX	149400000	149500000	0.0002902851467540646	89618
chrX	149500000	149600000	0.00016828969393638016	27724
chrX	149600000	149700000	0.000991129813014839	13685
chrX	149700000	149800000	0.0005113522357257781	31273
chrX	149800000	149900000	0.0004314870020805452	17578
chrX	149900000	150000000	0.0002800991453454512	1010
chrX	150000000	150100000	0.00031448781941874484	25319
chrX	150100000	150200000	0.0006029492064950207	60222
chrX	150200000	150300000	0.0006028530769316647	75496
chrX	150300000	150400000	0.0007864249351309845	69505
chrX	150400000	150500000	0.0006748143456560962	78099
chrX	150500000	150600000	0.0005150020212296912	71549
chrX	150600000	150700000	0.00048765048190678933	78061
chrX	150700000	150800000	0.00024953728812525844	16602
chrX	150800000	150900000	0.0007531094562958986	38240
chrX	150900000	151000000	0.0004653951861973907	81420
chrX	151000000	151100000	0.0004560999795347461	77446
chrX	151100000	151200000	0.0006769884768548694	62385
chrX	151200000	151300000	0.0007971530794879219	64938
chrX	151300000	151400000	0.0006736351009651348	26120
chrX	151400000	151500000	0.0	NA
chrX	151500000	151600000	0.0	NA
chrX	151600000	151700000	0.0	NA
chrX	151700000	151800000	0.0	NA
chrX	151800000	151900000	0.0	NA
chrX	151900000	152000000	0.0	NA
chrX	152000000	152100000	0.0	NA
chrX	152100000	152200000	0.0	NA
chrX	152200000	152300000	0.0	NA
chrX	152300000	152400000	0.0	NA
chrX	152400000	152500000	0.0	NA
chrX	152500000	152600000	0.0	NA
chrX	152600000	152700000	0.0	NA
chrX	152700000	152800000	0.0	NA
chrX	152800000	152900000	0.0	NA
chrX	152900000	153000000	0.0	NA
chrX	153000000	153100000	0.0	NA
chrX	153100000	153200000	0.0	NA
chrX	153200000	153300000	0.0	NA
chrX	153300000	153400000	0.0	NA
chrX	153400000	153500000	0.0	NA
chrX	153500000	153600000	0.0	NA
chrX	153600000	153700000	0.0	NA
chrX	153700000	153800000	0.0	NA
chrX	153800000	153900000	0.0	NA
chrX	153900000	154000000	0.0	NA
chrX	154000000	154100000	0.0	NA
chrX	154100000	154200000	0.0	NA
chrX	154200000	154300000	0.0	NA
chrX	154300000	154400000	0.0	NA
chrX	154400000	154500000	0.0	NA
chrX	154500000	154600000	0.0	NA
chrX	154600000	154700000	0.0	NA
chrX	154700000	154800000	0.0	NA
chrX	154800000	154900000	0.0	NA
chrX	154900000	155000000	0.0	NA
chrX	155000000	155100000	0.0	NA
chrX	155100000	155200000	0.0003737185985670491	19719
chrX	155200000	155270560	0.000689350105522118	12695
