chrX	0	100000	0.0015173149219201846	1456
chrX	100000	200000	0.002119794703273794	4965
chrX	200000	300000	0.003350439188389327	2964
chrX	300000	400000	0.0016038151936849786	15533
chrX	400000	500000	0.0018066329201991101	29352
chrX	500000	600000	0.0019895063047168796	30548
chrX	600000	700000	0.0015091385757974366	32131
chrX	700000	800000	0.00158277346942429	42139
chrX	800000	900000	0.0009523686864429253	28095
chrX	900000	1000000	0.0015469869118070981	33413
chrX	1000000	1100000	0.0014060266406757634	10800
chrX	1100000	1200000	0.0	NA
chrX	1200000	1300000	0.001351602619813671	14837
chrX	1300000	1400000	0.0010628567576070837	11710
chrX	1400000	1500000	0.0015620382079196888	3621
chrX	1500000	1600000	0.000669748696064486	5994
chrX	1600000	1700000	0.0010219203894801549	13016
chrX	1700000	1800000	0.0015377656600956693	15723
chrX	1800000	1900000	0.001247455831005309	33177
chrX	1900000	2000000	0.0011322156280053738	42559
chrX	2000000	2100000	0.001443528234438499	27331
chrX	2100000	2200000	0.0010328039766909311	5654
chrX	2200000	2300000	0.0	NA
chrX	2300000	2400000	0.0	NA
chrX	2400000	2500000	0.0009488943699324737	45281
chrX	2500000	2600000	0.0009377238578033258	31936
chrX	2600000	2700000	0.0010926651080724974	9973
chrX	2700000	2800000	0.0009861197347589901	6527
chrX	2800000	2900000	0.0005049640797952707	22760
chrX	2900000	3000000	2.8479509685200908e-05	18211
chrX	3000000	3100000	0.0011430193316091333	41962
chrX	3100000	3200000	0.0010725890268797314	67756
chrX	3200000	3300000	0.001397409007078615	40676
chrX	3300000	3400000	0.0008935251040514198	66600
chrX	3400000	3500000	0.0005723819933934882	62692
chrX	3500000	3600000	0.0005492755441105216	14266
chrX	3600000	3700000	0.0011247389722850686	32614
chrX	3700000	3800000	0.0008120720000264911	21192
chrX	3800000	3900000	0.0008090210071950347	25561
chrX	3900000	4000000	0.0011931489068439044	78839
chrX	4000000	4100000	0.0007736804469372696	79245
chrX	4100000	4200000	0.0009771010795510309	79718
chrX	4200000	4300000	0.0008761553223827352	84113
chrX	4300000	4400000	0.0004872816491103323	79369
chrX	4400000	4500000	0.00020387841843360566	77637
chrX	4500000	4600000	0.0005255675269832019	75731
chrX	4600000	4700000	0.0005599022972637221	73578
chrX	4700000	4800000	0.000681294313055545	76081
chrX	4800000	4900000	0.0004687684165193346	77400
chrX	4900000	5000000	0.0006475129572554737	79951
chrX	5000000	5100000	0.0012136873033115297	74083
chrX	5100000	5200000	0.0005572970329317716	78953
chrX	5200000	5300000	0.00027813259725069866	81913
chrX	5300000	5400000	0.0004275853479184073	80640
chrX	5400000	5500000	0.0009479833665299693	79923
chrX	5500000	5600000	0.0007961915245305853	82766
chrX	5600000	5700000	0.0009202138014749645	76600
chrX	5700000	5800000	0.0007258628016300409	79391
chrX	5800000	5900000	0.00030188734833579275	6848
chrX	5900000	6000000	0.0	NA
chrX	6000000	6100000	0.0	NA
chrX	6100000	6200000	0.00014297610918513848	40080
chrX	6200000	6300000	0.00017627056992114773	79340
chrX	6300000	6400000	9.363401234401197e-05	81858
chrX	6400000	6500000	5.540229271171848e-05	76866
chrX	6500000	6600000	0.0001666798468791584	79199
chrX	6600000	6700000	0.000332802125093197	80898
chrX	6700000	6800000	0.0007425624439835722	84914
chrX	6800000	6900000	0.0009117767640922262	73474
chrX	6900000	7000000	0.0005005167507669987	30759
chrX	7000000	7100000	0.0	NA
chrX	7100000	7200000	0.0	NA
chrX	7200000	7300000	0.00019772064795542653	22227
chrX	7300000	7400000	0.00037896961476911446	85565
chrX	7400000	7500000	0.000328766800028141	79549
chrX	7500000	7600000	0.0005203630801119468	81085
chrX	7600000	7700000	0.0008253356540704888	39189
chrX	7700000	7800000	0.0002201843442601956	88353
chrX	7800000	7900000	0.0007850720961315763	55024
chrX	7900000	8000000	0.00030387927803017696	79564
chrX	8000000	8100000	0.0001984301499206804	84815
chrX	8100000	8200000	0.00037038512225128373	69704
chrX	8200000	8300000	0.0006442640827087384	83886
chrX	8300000	8400000	0.0006399897756926095	84731
chrX	8400000	8500000	0.0007501605724396622	60611
chrX	8500000	8600000	0.0	NA
chrX	8600000	8700000	0.0	NA
chrX	8700000	8800000	0.00038452018976145363	64184
chrX	8800000	8900000	0.0006264361626247541	92359
chrX	8900000	9000000	0.0004191243223508394	64487
chrX	9000000	9100000	0.0005269186656943068	81408
chrX	9100000	9200000	0.0002187836386466199	86934
chrX	9200000	9300000	0.00048683671047236766	81300
chrX	9300000	9400000	0.0003122747372880971	65299
chrX	9400000	9500000	0.00015424485602508328	22404
chrX	9500000	9600000	0.0	NA
chrX	9600000	9700000	0.0010885075785843224	5219
chrX	9700000	9800000	0.000385363730054373	11848
chrX	9800000	9900000	0.0	NA
chrX	9900000	10000000	0.0004264057794539755	44001
chrX	10000000	10100000	0.0	NA
chrX	10100000	10200000	0.00041610372194033295	8765
chrX	10200000	10300000	0.0006733443929805388	29283
chrX	10300000	10400000	0.0	NA
chrX	10400000	10500000	0.0	NA
chrX	10500000	10600000	0.0	NA
chrX	10600000	10700000	0.0	NA
chrX	10700000	10800000	0.0	NA
chrX	10800000	10900000	0.0	NA
chrX	10900000	11000000	0.0	NA
chrX	11000000	11100000	0.0	NA
chrX	11100000	11200000	0.0	NA
chrX	11200000	11300000	0.0	NA
chrX	11300000	11400000	0.0	NA
chrX	11400000	11500000	0.0	NA
chrX	11500000	11600000	0.0	NA
chrX	11600000	11700000	0.0	NA
chrX	11700000	11800000	0.0	NA
chrX	11800000	11900000	0.0	NA
chrX	11900000	12000000	0.0	NA
chrX	12000000	12100000	0.0	NA
chrX	12100000	12200000	0.0	NA
chrX	12200000	12300000	0.0	NA
chrX	12300000	12400000	0.0	NA
chrX	12400000	12500000	0.0	NA
chrX	12500000	12600000	0.0	NA
chrX	12600000	12700000	0.0	NA
chrX	12700000	12800000	0.00036160108792672875	43811
chrX	12800000	12900000	0.0007100929086890344	25947
chrX	12900000	13000000	0.00041196698258309247	35930
chrX	13000000	13100000	0.00037385465175655364	74039
chrX	13100000	13200000	0.0002855609487711386	80230
chrX	13200000	13300000	0.00024162698367582823	83862
chrX	13300000	13400000	0.00019366617701503593	73450
chrX	13400000	13500000	0.00045641633571874264	78761
chrX	13500000	13600000	0.0005976689251125997	74737
chrX	13600000	13700000	0.0007560583609062006	22874
chrX	13700000	13800000	0.000529746493006607	9371
chrX	13800000	13900000	0.0	NA
chrX	13900000	14000000	0.00024655742680499077	29364
chrX	14000000	14100000	0.00028799195192714564	65754
chrX	14100000	14200000	0.000328223097344019	79481
chrX	14200000	14300000	0.00015410456040896426	74794
chrX	14300000	14400000	0.00032615788726893935	79874
chrX	14400000	14500000	8.489428132372466e-05	80841
chrX	14500000	14600000	0.00013674828563139992	42635
chrX	14600000	14700000	0.0	NA
chrX	14700000	14800000	0.00013575308527676375	38657
chrX	14800000	14900000	0.00013964789208827788	48752
chrX	14900000	15000000	0.00021633981378594395	42771
chrX	15000000	15100000	0.0002664135267687471	80872
chrX	15100000	15200000	0.00020925423443773184	82204
chrX	15200000	15300000	0.0002453175011278109	58956
chrX	15300000	15400000	0.0004971762916479628	11373
chrX	15400000	15500000	0.0	NA
chrX	15500000	15600000	0.0001259291417321334	10123
chrX	15600000	15700000	0.0002763514477250035	13653
chrX	15700000	15800000	0.000166138709171909	23510
chrX	15800000	15900000	0.0002741480253070579	26088
chrX	15900000	16000000	0.0003943964070712388	81552
chrX	16000000	16100000	0.00019364261889500496	82768
chrX	16100000	16200000	0.0002574616882865076	53837
chrX	16200000	16300000	0.0002360596325939481	72067
chrX	16300000	16400000	0.000733227930511245	72354
chrX	16400000	16500000	0.00047621889401806367	84033
chrX	16500000	16600000	0.0005663420435548469	70365
chrX	16600000	16700000	6.243150718144174e-05	3618
chrX	16700000	16800000	0.0003747630345044197	12512
chrX	16800000	16900000	0.00038248233203440855	11521
chrX	16900000	17000000	0.00035932224390546107	32283
chrX	17000000	17100000	0.0	NA
chrX	17100000	17200000	0.0	NA
chrX	17200000	17300000	0.0	NA
chrX	17300000	17400000	0.0	NA
chrX	17400000	17500000	0.0	NA
chrX	17500000	17600000	0.0	NA
chrX	17600000	17700000	0.0	NA
chrX	17700000	17800000	0.0	NA
chrX	17800000	17900000	0.0	NA
chrX	17900000	18000000	0.0	NA
chrX	18000000	18100000	0.0	NA
chrX	18100000	18200000	0.0	NA
chrX	18200000	18300000	0.0	NA
chrX	18300000	18400000	0.0	NA
chrX	18400000	18500000	0.0	NA
chrX	18500000	18600000	0.0	NA
chrX	18600000	18700000	0.0	NA
chrX	18700000	18800000	0.0	NA
chrX	18800000	18900000	0.00028916661173659935	32737
chrX	18900000	19000000	0.00017452324550375187	7954
chrX	19000000	19100000	1.4864968543808513e-05	4116
chrX	19100000	19200000	0.0001892043135196723	39110
chrX	19200000	19300000	0.0003237795408977609	73116
chrX	19300000	19400000	9.023454694082877e-05	2790
chrX	19400000	19500000	0.0	NA
chrX	19500000	19600000	0.0	NA
chrX	19600000	19700000	0.0	NA
chrX	19700000	19800000	0.0	NA
chrX	19800000	19900000	0.0	NA
chrX	19900000	20000000	0.0	NA
chrX	20000000	20100000	0.0	NA
chrX	20100000	20200000	0.0	NA
chrX	20200000	20300000	0.0	NA
chrX	20300000	20400000	0.0	NA
chrX	20400000	20500000	0.0	NA
chrX	20500000	20600000	0.0	NA
chrX	20600000	20700000	0.0	NA
chrX	20700000	20800000	0.0	NA
chrX	20800000	20900000	0.0	NA
chrX	20900000	21000000	0.0	NA
chrX	21000000	21100000	0.0	NA
chrX	21100000	21200000	0.0	NA
chrX	21200000	21300000	0.0	NA
chrX	21300000	21400000	0.0	NA
chrX	21400000	21500000	0.0	NA
chrX	21500000	21600000	0.0	NA
chrX	21600000	21700000	0.0	NA
chrX	21700000	21800000	0.0	NA
chrX	21800000	21900000	0.0	NA
chrX	21900000	22000000	0.0	NA
chrX	22000000	22100000	0.0	NA
chrX	22100000	22200000	0.0	NA
chrX	22200000	22300000	0.0	NA
chrX	22300000	22400000	0.0	NA
chrX	22400000	22500000	0.0	NA
chrX	22500000	22600000	0.0	NA
chrX	22600000	22700000	0.0	NA
chrX	22700000	22800000	0.0	NA
chrX	22800000	22900000	0.0	NA
chrX	22900000	23000000	0.0	NA
chrX	23000000	23100000	0.0	NA
chrX	23100000	23200000	0.0	NA
chrX	23200000	23300000	0.0	NA
chrX	23300000	23400000	0.0003393499333224888	38178
chrX	23400000	23500000	0.0005476609692761711	60203
chrX	23500000	23600000	0.0004557745251849452	72295
chrX	23600000	23700000	0.0007465340438631878	61975
chrX	23700000	23800000	0.0007506920912887285	25799
chrX	23800000	23900000	0.0004453445242918924	25641
chrX	23900000	24000000	0.0004059280057213995	23844
chrX	24000000	24100000	0.0002966777498445652	10384
chrX	24100000	24200000	0.0004977602390786633	32863
chrX	24200000	24300000	0.0006966367145861747	44739
chrX	24300000	24400000	0.0002999289227206548	68865
chrX	24400000	24500000	0.0005771544166070309	63323
chrX	24500000	24600000	0.0002657321237715389	6730
chrX	24600000	24700000	0.00013133254484525925	7120
chrX	24700000	24800000	8.840354429004512e-05	8397
chrX	24800000	24900000	0.0	NA
chrX	24900000	25000000	0.0	NA
chrX	25000000	25100000	0.00037157920814209907	56512
chrX	25100000	25200000	0.00022862713217810632	78985
chrX	25200000	25300000	0.00035604933113468537	85156
chrX	25300000	25400000	0.000247474816210171	65743
chrX	25400000	25500000	0.00032466831174441513	80410
chrX	25500000	25600000	0.0005612106029496096	86307
chrX	25600000	25700000	0.0005791150275571175	91717
chrX	25700000	25800000	0.0006841731594380554	79346
chrX	25800000	25900000	0.0005114618155432891	84625
chrX	25900000	26000000	0.0007183038469163515	75396
chrX	26000000	26100000	0.00048745072797529707	81360
chrX	26100000	26200000	0.0004493633509060002	73080
chrX	26200000	26300000	0.000666989780496277	74608
chrX	26300000	26400000	0.00043166400236760747	71017
chrX	26400000	26500000	0.00045132548602607017	84539
chrX	26500000	26600000	0.000577250800102787	75100
chrX	26600000	26700000	0.0004316830626825699	85836
chrX	26700000	26800000	0.0005323895007837991	81441
chrX	26800000	26900000	0.000653116566529398	85563
chrX	26900000	27000000	0.0006936846279188616	86586
chrX	27000000	27100000	0.0004459478936168411	78634
chrX	27100000	27200000	0.00034161058937310696	75843
chrX	27200000	27300000	0.00021478326583033037	81114
chrX	27300000	27400000	0.00031124488745856195	74297
chrX	27400000	27500000	0.0005830137648469558	78903
chrX	27500000	27600000	0.0004883664713200779	75188
chrX	27600000	27700000	0.0003732620329983821	82222
chrX	27700000	27800000	0.00043319785278198096	81185
chrX	27800000	27900000	0.00011401250353239843	75740
chrX	27900000	28000000	0.0001435826739360328	83629
chrX	28000000	28100000	0.0002313246743046762	87563
chrX	28100000	28200000	0.0001951939510861425	80671
chrX	28200000	28300000	0.000266208088690596	83213
chrX	28300000	28400000	0.00013068402831174978	81454
chrX	28400000	28500000	0.0004570787059825401	74206
chrX	28500000	28600000	0.0003583099706643079	79862
chrX	28600000	28700000	0.00025592723674696505	5532
chrX	28700000	28800000	0.0	NA
chrX	28800000	28900000	0.0	NA
chrX	28900000	29000000	0.0	NA
chrX	29000000	29100000	0.0	NA
chrX	29100000	29200000	0.0	NA
chrX	29200000	29300000	0.0	NA
chrX	29300000	29400000	0.0	NA
chrX	29400000	29500000	0.0	NA
chrX	29500000	29600000	0.0	NA
chrX	29600000	29700000	0.0	NA
chrX	29700000	29800000	0.0	NA
chrX	29800000	29900000	0.0	NA
chrX	29900000	30000000	3.8057796845911065e-05	17886
chrX	30000000	30100000	8.568945796327193e-05	75211
chrX	30100000	30200000	0.00028444549024837665	82088
chrX	30200000	30300000	0.0003086986649656921	68485
chrX	30300000	30400000	0.00034583201764638004	77006
chrX	30400000	30500000	0.0002287415945832461	81302
chrX	30500000	30600000	0.00024121914472791675	61425
chrX	30600000	30700000	0.0002629938065184895	46509
chrX	30700000	30800000	0.00048658971181580064	29646
chrX	30800000	30900000	0.0002556264181815374	20458
chrX	30900000	31000000	0.000533183254518222	81314
chrX	31000000	31100000	0.0003686101047528167	79204
chrX	31100000	31200000	0.0003879436745521222	32605
chrX	31200000	31300000	0.0	NA
chrX	31300000	31400000	0.0	NA
chrX	31400000	31500000	0.0	NA
chrX	31500000	31600000	0.0	NA
chrX	31600000	31700000	0.0	NA
chrX	31700000	31800000	0.0	NA
chrX	31800000	31900000	0.0	NA
chrX	31900000	32000000	0.0	NA
chrX	32000000	32100000	0.0	NA
chrX	32100000	32200000	0.0	NA
chrX	32200000	32300000	0.0	NA
chrX	32300000	32400000	0.0	NA
chrX	32400000	32500000	0.0	NA
chrX	32500000	32600000	0.0	NA
chrX	32600000	32700000	0.0	NA
chrX	32700000	32800000	0.0	NA
chrX	32800000	32900000	0.0	NA
chrX	32900000	33000000	0.0	NA
chrX	33000000	33100000	0.0	NA
chrX	33100000	33200000	0.0	NA
chrX	33200000	33300000	0.0	NA
chrX	33300000	33400000	0.00036939226906332177	32560
chrX	33400000	33500000	0.00012784307146474305	84705
chrX	33500000	33600000	0.00048174728660526213	81055
chrX	33600000	33700000	0.0004088823219312663	84563
chrX	33700000	33800000	0.0003122035199457032	84785
chrX	33800000	33900000	0.00039042446045984766	85057
chrX	33900000	34000000	0.0006180444932482834	84549
chrX	34000000	34100000	0.0005154853369742682	91089
chrX	34100000	34200000	0.0006850217199835342	76290
chrX	34200000	34300000	0.000649074400169854	83539
chrX	34300000	34400000	0.0006171597246598453	84866
chrX	34400000	34500000	0.0006765061667423741	74386
chrX	34500000	34600000	0.0004700457115452259	83698
chrX	34600000	34700000	0.0003542518204913938	62606
chrX	34700000	34800000	0.00039658250759775054	85644
chrX	34800000	34900000	0.0005485041976275577	79295
chrX	34900000	35000000	0.0004289199377646988	85031
chrX	35000000	35100000	0.0004420836758246776	84520
chrX	35100000	35200000	0.0001482624186584167	83989
chrX	35200000	35300000	0.0001794667503641645	82838
chrX	35300000	35400000	0.00027126487912821105	83294
chrX	35400000	35500000	0.0001504480347032734	83693
chrX	35500000	35600000	9.41304591194927e-05	79453
chrX	35600000	35700000	0.00043228753454199097	72509
chrX	35700000	35800000	0.00017711378795452437	87814
chrX	35800000	35900000	0.0006471295262230544	79834
chrX	35900000	36000000	0.0001727439869811478	28989
chrX	36000000	36100000	0.0	NA
chrX	36100000	36200000	0.0	NA
chrX	36200000	36300000	0.0	NA
chrX	36300000	36400000	0.0	NA
chrX	36400000	36500000	0.0004687832658396658	31231
chrX	36500000	36600000	0.00017693404082764602	87048
chrX	36600000	36700000	0.0001439328753411702	84166
chrX	36700000	36800000	0.00022115494712471282	83505
chrX	36800000	36900000	0.00025602890632873883	90691
chrX	36900000	37000000	0.00013706035111966364	78143
chrX	37000000	37100000	0.00016571878413983689	51870
chrX	37100000	37200000	5.551689102686337e-05	38644
chrX	37200000	37300000	0.00010463867514580272	8119
chrX	37300000	37400000	0.00011689188814547247	41133
chrX	37400000	37500000	3.662820783344389e-05	13968
chrX	37500000	37600000	4.621406026360085e-05	15052
chrX	37600000	37700000	7.794238849931775e-05	49342
chrX	37700000	37800000	0.00015231518635169886	78306
chrX	37800000	37900000	0.000588890110721115	53127
chrX	37900000	38000000	0.00019080899227300472	11123
chrX	38000000	38100000	0.00020803164261151154	25187
chrX	38100000	38200000	0.0005186568093393462	33111
chrX	38200000	38300000	0.0009130859041809109	25710
chrX	38300000	38400000	0.00033350828777915683	39860
chrX	38400000	38500000	0.0	NA
chrX	38500000	38600000	0.0	NA
chrX	38600000	38700000	0.0	NA
chrX	38700000	38800000	0.0	NA
chrX	38800000	38900000	0.0	NA
chrX	38900000	39000000	0.0	NA
chrX	39000000	39100000	0.0	NA
chrX	39100000	39200000	0.0	NA
chrX	39200000	39300000	0.0	NA
chrX	39300000	39400000	0.0	NA
chrX	39400000	39500000	0.0	NA
chrX	39500000	39600000	0.0	NA
chrX	39600000	39700000	0.0	NA
chrX	39700000	39800000	0.0	NA
chrX	39800000	39900000	0.0	NA
chrX	39900000	40000000	0.0	NA
chrX	40000000	40100000	0.0	NA
chrX	40100000	40200000	0.0	NA
chrX	40200000	40300000	0.0	NA
chrX	40300000	40400000	0.0	NA
chrX	40400000	40500000	0.0	NA
chrX	40500000	40600000	0.0	NA
chrX	40600000	40700000	0.0	NA
chrX	40700000	40800000	0.0	NA
chrX	40800000	40900000	0.0	NA
chrX	40900000	41000000	0.0	NA
chrX	41000000	41100000	0.0	NA
chrX	41100000	41200000	0.0	NA
chrX	41200000	41300000	0.0008556774102185645	12017
chrX	41300000	41400000	0.0005234354439980025	25399
chrX	41400000	41500000	0.0	NA
chrX	41500000	41600000	0.0	NA
chrX	41600000	41700000	0.0	NA
chrX	41700000	41800000	6.821156482272142e-05	14731
chrX	41800000	41900000	0.0002728290240975027	80598
chrX	41900000	42000000	0.00042219644485246526	88976
chrX	42000000	42100000	0.00027410358959491883	79880
chrX	42100000	42200000	0.0003471202512388646	79572
chrX	42200000	42300000	0.0001644777957442667	80006
chrX	42300000	42400000	0.0001861646034508453	83348
chrX	42400000	42500000	0.0001913958997771266	81275
chrX	42500000	42600000	0.0005670033344131985	79932
chrX	42600000	42700000	0.0007110162184063135	81058
chrX	42700000	42800000	0.0006523081699145383	79569
chrX	42800000	42900000	0.0007086698600863289	84428
chrX	42900000	43000000	0.0005481548469244566	89394
chrX	43000000	43100000	0.0002009514242511317	44692
chrX	43100000	43200000	0.00019144662078410122	76557
chrX	43200000	43300000	0.0002169720273526618	86165
chrX	43300000	43400000	0.0002973065054148452	85402
chrX	43400000	43500000	0.0004927384664490506	77829
chrX	43500000	43600000	0.0005578769559032719	9768
chrX	43600000	43700000	0.0006217606559913361	17236
chrX	43700000	43800000	6.176214237425668e-05	48087
chrX	43800000	43900000	0.0003480686539982538	61576
chrX	43900000	44000000	0.00036696593078105127	82612
chrX	44000000	44100000	0.0002792217168435492	6075
chrX	44100000	44200000	0.0	NA
chrX	44200000	44300000	0.00048270262241470495	68152
chrX	44300000	44400000	0.0004941462824137722	50725
chrX	44400000	44500000	0.0005534325309623464	45746
chrX	44500000	44600000	0.00020138701271225828	61365
chrX	44600000	44700000	0.0003257590937850025	47804
chrX	44700000	44800000	0.00011050552900502148	18821
chrX	44800000	44900000	0.0	NA
chrX	44900000	45000000	0.0001102532089455073	21963
chrX	45000000	45100000	0.0005155261399631575	38914
chrX	45100000	45200000	0.0001702400236544575	85322
chrX	45200000	45300000	4.116821716997889e-05	85326
chrX	45300000	45400000	0.00022550936166347305	61223
chrX	45400000	45500000	0.00016218286268359446	84098
chrX	45500000	45600000	0.0005222311969063322	76303
chrX	45600000	45700000	0.0004078437505321887	84474
chrX	45700000	45800000	0.000258320407444746	74446
chrX	45800000	45900000	0.00044887312616352887	78444
chrX	45900000	46000000	0.00020509070778034174	21486
chrX	46000000	46100000	0.0	NA
chrX	46100000	46200000	0.0	NA
chrX	46200000	46300000	0.0	NA
chrX	46300000	46400000	0.0	NA
chrX	46400000	46500000	0.0	NA
chrX	46500000	46600000	0.0	NA
chrX	46600000	46700000	0.0	NA
chrX	46700000	46800000	0.0	NA
chrX	46800000	46900000	0.0	NA
chrX	46900000	47000000	0.0	NA
chrX	47000000	47100000	0.0	NA
chrX	47100000	47200000	0.0	NA
chrX	47200000	47300000	0.0	NA
chrX	47300000	47400000	0.0	NA
chrX	47400000	47500000	0.0	NA
chrX	47500000	47600000	0.0	NA
chrX	47600000	47700000	0.0	NA
chrX	47700000	47800000	0.0	NA
chrX	47800000	47900000	0.0	NA
chrX	47900000	48000000	0.0	NA
chrX	48000000	48100000	0.0	NA
chrX	48100000	48200000	0.0	NA
chrX	48200000	48300000	0.0	NA
chrX	48300000	48400000	0.0	NA
chrX	48400000	48500000	0.0	NA
chrX	48500000	48600000	0.0	NA
chrX	48600000	48700000	0.0	NA
chrX	48700000	48800000	0.0	NA
chrX	48800000	48900000	0.0	NA
chrX	48900000	49000000	0.0	NA
chrX	49000000	49100000	0.0	NA
chrX	49100000	49200000	0.0	NA
chrX	49200000	49300000	0.0	NA
chrX	49300000	49400000	0.0	NA
chrX	49400000	49500000	0.0	NA
chrX	49500000	49600000	0.0	NA
chrX	49600000	49700000	0.0	NA
chrX	49700000	49800000	0.0	NA
chrX	49800000	49900000	0.0	NA
chrX	49900000	50000000	0.0	NA
chrX	50000000	50100000	0.0	NA
chrX	50100000	50200000	0.0	NA
chrX	50200000	50300000	0.0	NA
chrX	50300000	50400000	0.0	NA
chrX	50400000	50500000	0.0	NA
chrX	50500000	50600000	0.0	NA
chrX	50600000	50700000	0.0	NA
chrX	50700000	50800000	0.0	NA
chrX	50800000	50900000	0.0	NA
chrX	50900000	51000000	0.0	NA
chrX	51000000	51100000	0.0	NA
chrX	51100000	51200000	0.0	NA
chrX	51200000	51300000	0.0	NA
chrX	51300000	51400000	0.0	NA
chrX	51400000	51500000	0.0	NA
chrX	51500000	51600000	0.0	NA
chrX	51600000	51700000	0.0	NA
chrX	51700000	51800000	0.0	NA
chrX	51800000	51900000	0.0	NA
chrX	51900000	52000000	0.0	NA
chrX	52000000	52100000	0.0	NA
chrX	52100000	52200000	0.0	NA
chrX	52200000	52300000	0.0	NA
chrX	52300000	52400000	0.0	NA
chrX	52400000	52500000	0.0	NA
chrX	52500000	52600000	0.0	NA
chrX	52600000	52700000	0.0	NA
chrX	52700000	52800000	0.0	NA
chrX	52800000	52900000	0.0	NA
chrX	52900000	53000000	0.0	NA
chrX	53000000	53100000	0.0	NA
chrX	53100000	53200000	0.0	NA
chrX	53200000	53300000	0.0	NA
chrX	53300000	53400000	0.0	NA
chrX	53400000	53500000	0.0	NA
chrX	53500000	53600000	0.0	NA
chrX	53600000	53700000	0.0	NA
chrX	53700000	53800000	0.0	NA
chrX	53800000	53900000	0.0	NA
chrX	53900000	54000000	0.0	NA
chrX	54000000	54100000	0.0	NA
chrX	54100000	54200000	0.0	NA
chrX	54200000	54300000	0.0	NA
chrX	54300000	54400000	0.0	NA
chrX	54400000	54500000	0.0	NA
chrX	54500000	54600000	0.0	NA
chrX	54600000	54700000	0.0	NA
chrX	54700000	54800000	0.0	NA
chrX	54800000	54900000	0.0	NA
chrX	54900000	55000000	0.0	NA
chrX	55000000	55100000	0.0	NA
chrX	55100000	55200000	0.0	NA
chrX	55200000	55300000	0.0	NA
chrX	55300000	55400000	0.0	NA
chrX	55400000	55500000	0.0	NA
chrX	55500000	55600000	0.0	NA
chrX	55600000	55700000	0.0	NA
chrX	55700000	55800000	0.0	NA
chrX	55800000	55900000	0.0	NA
chrX	55900000	56000000	0.0	NA
chrX	56000000	56100000	0.0	NA
chrX	56100000	56200000	0.0	NA
chrX	56200000	56300000	0.0	NA
chrX	56300000	56400000	0.0	NA
chrX	56400000	56500000	0.0	NA
chrX	56500000	56600000	0.0	NA
chrX	56600000	56700000	0.0	NA
chrX	56700000	56800000	0.0	NA
chrX	56800000	56900000	0.0	NA
chrX	56900000	57000000	0.0	NA
chrX	57000000	57100000	0.0	NA
chrX	57100000	57200000	0.0	NA
chrX	57200000	57300000	0.0	NA
chrX	57300000	57400000	0.0	NA
chrX	57400000	57500000	0.0	NA
chrX	57500000	57600000	0.0	NA
chrX	57600000	57700000	0.0	NA
chrX	57700000	57800000	0.0	NA
chrX	57800000	57900000	0.0	NA
chrX	57900000	58000000	0.0	NA
chrX	58000000	58100000	0.0	NA
chrX	58100000	58200000	0.0	NA
chrX	58200000	58300000	0.0	NA
chrX	58300000	58400000	0.0	NA
chrX	58400000	58500000	0.0	NA
chrX	58500000	58600000	0.0	NA
chrX	58600000	58700000	0.0	NA
chrX	58700000	58800000	0.0	NA
chrX	58800000	58900000	0.0	NA
chrX	58900000	59000000	0.0	NA
chrX	59000000	59100000	0.0	NA
chrX	59100000	59200000	0.0	NA
chrX	59200000	59300000	0.0	NA
chrX	59300000	59400000	0.0	NA
chrX	59400000	59500000	0.0	NA
chrX	59500000	59600000	0.0	NA
chrX	59600000	59700000	0.0	NA
chrX	59700000	59800000	0.0	NA
chrX	59800000	59900000	0.0	NA
chrX	59900000	60000000	0.0	NA
chrX	60000000	60100000	0.0	NA
chrX	60100000	60200000	0.0	NA
chrX	60200000	60300000	0.0	NA
chrX	60300000	60400000	0.0	NA
chrX	60400000	60500000	0.0	NA
chrX	60500000	60600000	0.0	NA
chrX	60600000	60700000	0.0	NA
chrX	60700000	60800000	0.0	NA
chrX	60800000	60900000	0.0	NA
chrX	60900000	61000000	0.0	NA
chrX	61000000	61100000	0.0	NA
chrX	61100000	61200000	0.0	NA
chrX	61200000	61300000	0.0	NA
chrX	61300000	61400000	0.0	NA
chrX	61400000	61500000	0.0	NA
chrX	61500000	61600000	0.0	NA
chrX	61600000	61700000	0.0	NA
chrX	61700000	61800000	0.0	NA
chrX	61800000	61900000	0.0	NA
chrX	61900000	62000000	0.0	NA
chrX	62000000	62100000	0.0	NA
chrX	62100000	62200000	0.0	NA
chrX	62200000	62300000	0.0	NA
chrX	62300000	62400000	0.0	NA
chrX	62400000	62500000	0.0	NA
chrX	62500000	62600000	0.0	NA
chrX	62600000	62700000	0.0	NA
chrX	62700000	62800000	0.0	NA
chrX	62800000	62900000	0.0	NA
chrX	62900000	63000000	0.0	NA
chrX	63000000	63100000	0.0	NA
chrX	63100000	63200000	0.0	NA
chrX	63200000	63300000	0.0	NA
chrX	63300000	63400000	0.0	NA
chrX	63400000	63500000	0.0	NA
chrX	63500000	63600000	0.0	NA
chrX	63600000	63700000	0.0	NA
chrX	63700000	63800000	0.0	NA
chrX	63800000	63900000	0.0	NA
chrX	63900000	64000000	0.0	NA
chrX	64000000	64100000	0.0	NA
chrX	64100000	64200000	0.0	NA
chrX	64200000	64300000	0.0	NA
chrX	64300000	64400000	0.0	NA
chrX	64400000	64500000	0.0	NA
chrX	64500000	64600000	0.0	NA
chrX	64600000	64700000	0.0	NA
chrX	64700000	64800000	0.0	NA
chrX	64800000	64900000	0.0	NA
chrX	64900000	65000000	0.0	NA
chrX	65000000	65100000	0.0	NA
chrX	65100000	65200000	0.0	NA
chrX	65200000	65300000	0.0	NA
chrX	65300000	65400000	0.0	NA
chrX	65400000	65500000	0.0	NA
chrX	65500000	65600000	0.0	NA
chrX	65600000	65700000	0.0	NA
chrX	65700000	65800000	0.0	NA
chrX	65800000	65900000	0.0	NA
chrX	65900000	66000000	0.0	NA
chrX	66000000	66100000	0.0	NA
chrX	66100000	66200000	0.0	NA
chrX	66200000	66300000	0.0	NA
chrX	66300000	66400000	0.0	NA
chrX	66400000	66500000	0.0	NA
chrX	66500000	66600000	0.0	NA
chrX	66600000	66700000	0.0	NA
chrX	66700000	66800000	0.0	NA
chrX	66800000	66900000	0.0	NA
chrX	66900000	67000000	0.0	NA
chrX	67000000	67100000	0.0	NA
chrX	67100000	67200000	0.0	NA
chrX	67200000	67300000	0.0	NA
chrX	67300000	67400000	0.0	NA
chrX	67400000	67500000	0.0	NA
chrX	67500000	67600000	0.0	NA
chrX	67600000	67700000	0.0	NA
chrX	67700000	67800000	0.0	NA
chrX	67800000	67900000	0.0	NA
chrX	67900000	68000000	0.0	NA
chrX	68000000	68100000	0.0	NA
chrX	68100000	68200000	0.0	NA
chrX	68200000	68300000	0.0	NA
chrX	68300000	68400000	0.0	NA
chrX	68400000	68500000	0.0	NA
chrX	68500000	68600000	0.0	NA
chrX	68600000	68700000	0.0	NA
chrX	68700000	68800000	0.0	NA
chrX	68800000	68900000	0.0	NA
chrX	68900000	69000000	0.0	NA
chrX	69000000	69100000	0.0	NA
chrX	69100000	69200000	0.0	NA
chrX	69200000	69300000	0.0	NA
chrX	69300000	69400000	0.0	NA
chrX	69400000	69500000	0.0	NA
chrX	69500000	69600000	0.0	NA
chrX	69600000	69700000	0.0	NA
chrX	69700000	69800000	0.0	NA
chrX	69800000	69900000	0.0	NA
chrX	69900000	70000000	0.0	NA
chrX	70000000	70100000	0.0	NA
chrX	70100000	70200000	0.0	NA
chrX	70200000	70300000	0.0	NA
chrX	70300000	70400000	0.0	NA
chrX	70400000	70500000	0.0	NA
chrX	70500000	70600000	0.0	NA
chrX	70600000	70700000	0.0	NA
chrX	70700000	70800000	0.0	NA
chrX	70800000	70900000	0.0	NA
chrX	70900000	71000000	0.0	NA
chrX	71000000	71100000	0.0	NA
chrX	71100000	71200000	0.0	NA
chrX	71200000	71300000	0.0	NA
chrX	71300000	71400000	0.0	NA
chrX	71400000	71500000	0.0	NA
chrX	71500000	71600000	0.0	NA
chrX	71600000	71700000	0.0	NA
chrX	71700000	71800000	0.0	NA
chrX	71800000	71900000	0.0	NA
chrX	71900000	72000000	0.0	NA
chrX	72000000	72100000	0.0	NA
chrX	72100000	72200000	0.0	NA
chrX	72200000	72300000	0.0	NA
chrX	72300000	72400000	0.0	NA
chrX	72400000	72500000	0.0	NA
chrX	72500000	72600000	0.0	NA
chrX	72600000	72700000	0.0	NA
chrX	72700000	72800000	0.0	NA
chrX	72800000	72900000	0.0	NA
chrX	72900000	73000000	0.0	NA
chrX	73000000	73100000	0.0	NA
chrX	73100000	73200000	0.0	NA
chrX	73200000	73300000	0.0	NA
chrX	73300000	73400000	0.0	NA
chrX	73400000	73500000	0.0	NA
chrX	73500000	73600000	0.0	NA
chrX	73600000	73700000	0.0	NA
chrX	73700000	73800000	0.0	NA
chrX	73800000	73900000	0.0	NA
chrX	73900000	74000000	0.0	NA
chrX	74000000	74100000	0.0	NA
chrX	74100000	74200000	0.0	NA
chrX	74200000	74300000	0.0	NA
chrX	74300000	74400000	0.0	NA
chrX	74400000	74500000	0.0	NA
chrX	74500000	74600000	0.0	NA
chrX	74600000	74700000	0.0	NA
chrX	74700000	74800000	0.0	NA
chrX	74800000	74900000	0.0	NA
chrX	74900000	75000000	0.0	NA
chrX	75000000	75100000	0.0	NA
chrX	75100000	75200000	0.0	NA
chrX	75200000	75300000	0.0	NA
chrX	75300000	75400000	0.0	NA
chrX	75400000	75500000	0.0	NA
chrX	75500000	75600000	0.0	NA
chrX	75600000	75700000	0.0	NA
chrX	75700000	75800000	0.0	NA
chrX	75800000	75900000	0.0	NA
chrX	75900000	76000000	0.0	NA
chrX	76000000	76100000	0.0	NA
chrX	76100000	76200000	0.0	NA
chrX	76200000	76300000	0.0	NA
chrX	76300000	76400000	0.0	NA
chrX	76400000	76500000	0.0	NA
chrX	76500000	76600000	0.0	NA
chrX	76600000	76700000	0.0	NA
chrX	76700000	76800000	0.0	NA
chrX	76800000	76900000	0.0	NA
chrX	76900000	77000000	0.0	NA
chrX	77000000	77100000	0.0	NA
chrX	77100000	77200000	0.0	NA
chrX	77200000	77300000	0.0	NA
chrX	77300000	77400000	0.0	NA
chrX	77400000	77500000	0.0	NA
chrX	77500000	77600000	0.0	NA
chrX	77600000	77700000	0.0	NA
chrX	77700000	77800000	0.0	NA
chrX	77800000	77900000	0.0	NA
chrX	77900000	78000000	0.00044573560196612387	37998
chrX	78000000	78100000	0.0005032956320746274	69973
chrX	78100000	78200000	0.00020192530495848632	76470
chrX	78200000	78300000	0.00036827729135691025	56319
chrX	78300000	78400000	0.0005191383220256724	79018
chrX	78400000	78500000	0.0006721465849629154	76906
chrX	78500000	78600000	0.0005046020116009463	80798
chrX	78600000	78700000	0.0004525138325704625	72185
chrX	78700000	78800000	0.0003263379400142958	72233
chrX	78800000	78900000	0.00041238258617406787	85322
chrX	78900000	79000000	0.0009669427458151095	71153
chrX	79000000	79100000	0.000559496654447555	74574
chrX	79100000	79200000	0.0011494319977010388	68742
chrX	79200000	79300000	0.0015586538928387208	57453
chrX	79300000	79400000	0.0007017985257792463	71543
chrX	79400000	79500000	0.0005667826289383748	56673
chrX	79500000	79600000	0.00033072546230440995	185
chrX	79600000	79700000	0.0	NA
chrX	79700000	79800000	0.0002408854311492677	70979
chrX	79800000	79900000	0.00019187105883250823	69882
chrX	79900000	80000000	0.0003785812678543363	17079
chrX	80000000	80100000	0.00029033572094037176	22051
chrX	80100000	80200000	0.00029456098967428526	64438
chrX	80200000	80300000	0.0004079393408521719	60867
chrX	80300000	80400000	0.0003192414052327066	49662
chrX	80400000	80500000	0.0	NA
chrX	80500000	80600000	0.0003791660179937845	32793
chrX	80600000	80700000	0.000419834971151078	87081
chrX	80700000	80800000	0.0007148677941973423	78084
chrX	80800000	80900000	0.0004137787118603639	82390
chrX	80900000	81000000	0.0002880439222096934	71089
chrX	81000000	81100000	0.00041394911864938637	65405
chrX	81100000	81200000	0.0003677006124012099	81176
chrX	81200000	81300000	0.000189517229150717	71634
chrX	81300000	81400000	0.00046636102688849007	84901
chrX	81400000	81500000	0.0001421611401977894	80220
chrX	81500000	81600000	0.00010536564210398593	87904
chrX	81600000	81700000	0.0002913372017147134	80926
chrX	81700000	81800000	0.00026495767297907423	75521
chrX	81800000	81900000	0.0002145604671270801	78503
chrX	81900000	82000000	0.0002278530594025054	79390
chrX	82000000	82100000	0.0006914720534992971	70360
chrX	82100000	82200000	0.00048083830281220265	82185
chrX	82200000	82300000	0.000803847191146536	80752
chrX	82300000	82400000	0.00040986178592139065	75059
chrX	82400000	82500000	0.00031805848154512986	81344
chrX	82500000	82600000	0.0001772437550097809	77677
chrX	82600000	82700000	0.0003945627909274796	70306
chrX	82700000	82800000	0.00022437231639724662	86482
chrX	82800000	82900000	0.0002874498773187424	73797
chrX	82900000	83000000	0.00042860322100844213	65746
chrX	83000000	83100000	0.0003511771206549283	71216
chrX	83100000	83200000	0.0002402521902397322	61184
chrX	83200000	83300000	0.0005805692205448009	77716
chrX	83300000	83400000	0.0007363553014313406	10199
chrX	83400000	83500000	0.000595748044877956	50376
chrX	83500000	83600000	0.0005996682594795274	55116
chrX	83600000	83700000	0.0	NA
chrX	83700000	83800000	0.0009093482589052122	35573
chrX	83800000	83900000	0.0006102692075015139	72500
chrX	83900000	84000000	0.00022950543567318583	82759
chrX	84000000	84100000	0.0008665723297743975	76378
chrX	84100000	84200000	0.0008113221824875263	62829
chrX	84200000	84300000	0.0007289997720205936	33244
chrX	84300000	84400000	0.0008830067755324048	26706
chrX	84400000	84500000	0.0005530942999973974	70104
chrX	84500000	84600000	0.0005805451369612609	3887
chrX	84600000	84700000	0.0009254663289882617	46655
chrX	84700000	84800000	0.0005044724252634623	83194
chrX	84800000	84900000	0.0008728080181397464	74517
chrX	84900000	85000000	0.0009880458213701426	65222
chrX	85000000	85100000	0.0008171164827682264	68020
chrX	85100000	85200000	0.00044822490852120233	12413
chrX	85200000	85300000	0.0	NA
chrX	85300000	85400000	0.0003292169516936523	70772
chrX	85400000	85500000	0.00028600002754138097	2548
chrX	85500000	85600000	0.0	NA
chrX	85600000	85700000	0.0	NA
chrX	85700000	85800000	0.0	NA
chrX	85800000	85900000	0.0	NA
chrX	85900000	86000000	0.0	NA
chrX	86000000	86100000	0.0005831938917558391	11229
chrX	86100000	86200000	0.0006868367096076365	76098
chrX	86200000	86300000	0.0005835484486168376	73869
chrX	86300000	86400000	0.0005169664159307491	73342
chrX	86400000	86500000	0.0009522674365513489	79538
chrX	86500000	86600000	0.0006720645343177626	80524
chrX	86600000	86700000	0.0008817094722861211	80310
chrX	86700000	86800000	0.0007062479734722053	54161
chrX	86800000	86900000	0.0	NA
chrX	86900000	87000000	0.0006497526935858031	57181
chrX	87000000	87100000	0.0007319032059862537	71326
chrX	87100000	87200000	0.0006259963584934612	85549
chrX	87200000	87300000	0.0003411855934245309	77545
chrX	87300000	87400000	0.00028847925590571953	87214
chrX	87400000	87500000	0.0003063101301641201	82770
chrX	87500000	87600000	0.00039271405488781213	71770
chrX	87600000	87700000	0.0007022797478762682	84236
chrX	87700000	87800000	0.001600119798448303	73486
chrX	87800000	87900000	0.00041582878984969696	82864
chrX	87900000	88000000	0.0002165357855762187	83275
chrX	88000000	88100000	0.00054360015750376	63045
chrX	88100000	88200000	0.0004277306998255468	81860
chrX	88200000	88300000	0.0006176313153878606	83872
chrX	88300000	88400000	0.0005409719806131834	82143
chrX	88400000	88500000	0.0005355364161225516	47115
chrX	88500000	88600000	0.0	65
chrX	88600000	88700000	0.000664968873797397	62
chrX	88700000	88800000	0.0	51
chrX	88800000	88900000	0.0004377296997434298	1265
chrX	88900000	89000000	0.0014800804290049923	9301
chrX	89000000	89100000	0.0	599
chrX	89100000	89200000	0.0	33
chrX	89200000	89300000	0.000613322234281965	34332
chrX	89300000	89400000	0.0006036216135892928	41558
chrX	89400000	89500000	1.7932066391065606e-05	3412
chrX	89500000	89600000	0.0002675127535149932	1833
chrX	89600000	89700000	0.0009399105741006213	514
chrX	89700000	89800000	0.0009897896623278627	372
chrX	89800000	89900000	0.0004582771030139453	4368
chrX	89900000	90000000	0.00024235681114551092	1360
chrX	90000000	90100000	0.0	782
chrX	90100000	90200000	0.0005397162339762337	7649
chrX	90200000	90300000	0.0007597699938812152	6996
chrX	90300000	90400000	0.0008391703436935322	77222
chrX	90400000	90500000	0.0	228
chrX	90500000	90600000	0.0008788736560543035	66546
chrX	90600000	90700000	0.0006298803830987386	62942
chrX	90700000	90800000	0.0010749265878445917	30386
chrX	90800000	90900000	0.00034109437161677426	1345
chrX	90900000	91000000	0.0011401057665191955	17357
chrX	91000000	91100000	0.00324021103483346	276
chrX	91100000	91200000	0.0	NA
chrX	91200000	91300000	0.0	NA
chrX	91300000	91400000	0.0	NA
chrX	91400000	91500000	0.0	NA
chrX	91500000	91600000	0.0	NA
chrX	91600000	91700000	0.0	NA
chrX	91700000	91800000	0.0	NA
chrX	91800000	91900000	0.0007567143166558371	648
chrX	91900000	92000000	0.0	250
chrX	92000000	92100000	0.0021570796460176995	226
chrX	92100000	92200000	0.0007786060784843943	4282
chrX	92200000	92300000	4.861921431349678e-05	857
chrX	92300000	92400000	0.0005043661734872764	21631
chrX	92400000	92500000	0.0004830213681761556	82097
chrX	92500000	92600000	0.0009076636735467346	80729
chrX	92600000	92700000	0.000454309267421986	82484
chrX	92700000	92800000	0.00067175073680216	84326
chrX	92800000	92900000	0.0006717364336001594	77046
chrX	92900000	93000000	0.0004842360844880159	49011
chrX	93000000	93100000	0.0002964234840709796	90770
chrX	93100000	93200000	0.0006375920555840331	79369
chrX	93200000	93300000	0.00044721392017433074	81587
chrX	93300000	93400000	0.0005748653083497297	82176
chrX	93400000	93500000	0.0005800475228327149	84111
chrX	93500000	93600000	0.0006465567235855155	82435
chrX	93600000	93700000	0.0006040801015697137	86640
chrX	93700000	93800000	0.0006277464415058704	79207
chrX	93800000	93900000	0.00013297240934776112	83504
chrX	93900000	94000000	0.00022933680922758098	79081
chrX	94000000	94100000	0.00038411624611339344	68599
chrX	94100000	94200000	0.0005883882659799309	81259
chrX	94200000	94300000	0.0007143899040248544	82929
chrX	94300000	94400000	0.000766153544867442	79103
chrX	94400000	94500000	0.0008215091362228094	80136
chrX	94500000	94600000	0.0001134494633717474	80477
chrX	94600000	94700000	0.00010232239852513095	83628
chrX	94700000	94800000	9.347015791020309e-05	85075
chrX	94800000	94900000	7.755371453466734e-05	76229
chrX	94900000	95000000	5.5005117177919866e-05	86842
chrX	95000000	95100000	0.0003581300284912495	78596
chrX	95100000	95200000	0.0008127542819937265	82344
chrX	95200000	95300000	0.0006091480657826105	79875
chrX	95300000	95400000	0.00046261199595421925	73828
chrX	95400000	95500000	0.00027784461609896386	76776
chrX	95500000	95600000	0.000573634368654748	66411
chrX	95600000	95700000	0.000491111558086572	80332
chrX	95700000	95800000	0.0006450088769257198	72601
chrX	95800000	95900000	0.0005017059996602491	65373
chrX	95900000	96000000	0.0004697106137922603	29983
chrX	96000000	96100000	0.0	NA
chrX	96100000	96200000	0.0	NA
chrX	96200000	96300000	0.0	NA
chrX	96300000	96400000	0.0	NA
chrX	96400000	96500000	0.0	NA
chrX	96500000	96600000	0.0	NA
chrX	96600000	96700000	0.0	NA
chrX	96700000	96800000	0.0	NA
chrX	96800000	96900000	6.315081137491141e-05	39876
chrX	96900000	97000000	0.00022982397196283336	83338
chrX	97000000	97100000	0.00034562057797485704	82586
chrX	97100000	97200000	0.00023983104369142312	80776
chrX	97200000	97300000	0.00013725909517981537	85277
chrX	97300000	97400000	0.0001465165802208672	81899
chrX	97400000	97500000	0.00015037983350122766	80460
chrX	97500000	97600000	0.00015603567327556242	79157
chrX	97600000	97700000	0.0003191078304664702	75053
chrX	97700000	97800000	0.0003173668109441851	83246
chrX	97800000	97900000	0.0006004773187047947	79038
chrX	97900000	98000000	0.0004177998994255931	74310
chrX	98000000	98100000	0.00031526262857811297	85181
chrX	98100000	98200000	0.00032070904655154855	79778
chrX	98200000	98300000	0.00021713098264531888	89955
chrX	98300000	98400000	0.00013281288958227113	86195
chrX	98400000	98500000	0.00011114607728664273	78522
chrX	98500000	98600000	9.148578396430119e-05	80628
chrX	98600000	98700000	7.166181039386141e-05	86591
chrX	98700000	98800000	7.18702644982766e-05	15641
chrX	98800000	98900000	0.0	NA
chrX	98900000	99000000	0.0	NA
chrX	99000000	99100000	0.0	NA
chrX	99100000	99200000	0.00021120913213328954	3687
chrX	99200000	99300000	0.0002248386684595046	88148
chrX	99300000	99400000	0.00014705710534168757	74942
chrX	99400000	99500000	6.842874389761457e-05	42883
chrX	99500000	99600000	0.0	NA
chrX	99600000	99700000	0.0	NA
chrX	99700000	99800000	0.0	NA
chrX	99800000	99900000	0.0	NA
chrX	99900000	100000000	0.0	NA
chrX	100000000	100100000	0.0	NA
chrX	100100000	100200000	0.0	NA
chrX	100200000	100300000	0.0	NA
chrX	100300000	100400000	0.0	NA
chrX	100400000	100500000	0.0	NA
chrX	100500000	100600000	0.0	NA
chrX	100600000	100700000	0.0	NA
chrX	100700000	100800000	0.0	NA
chrX	100800000	100900000	0.0	NA
chrX	100900000	101000000	0.0	NA
chrX	101000000	101100000	0.0	NA
chrX	101100000	101200000	0.0	NA
chrX	101200000	101300000	0.0	NA
chrX	101300000	101400000	0.0	NA
chrX	101400000	101500000	0.0	NA
chrX	101500000	101600000	0.0	NA
chrX	101600000	101700000	0.0	NA
chrX	101700000	101800000	0.0	NA
chrX	101800000	101900000	0.0	NA
chrX	101900000	102000000	0.0	NA
chrX	102000000	102100000	0.0	NA
chrX	102100000	102200000	0.0	NA
chrX	102200000	102300000	0.0	NA
chrX	102300000	102400000	0.0	NA
chrX	102400000	102500000	0.0	NA
chrX	102500000	102600000	0.0	NA
chrX	102600000	102700000	0.0	NA
chrX	102700000	102800000	0.0	NA
chrX	102800000	102900000	0.0	NA
chrX	102900000	103000000	0.0	NA
chrX	103000000	103100000	0.0	NA
chrX	103100000	103200000	0.0	NA
chrX	103200000	103300000	0.0	NA
chrX	103300000	103400000	0.0	NA
chrX	103400000	103500000	0.0	NA
chrX	103500000	103600000	0.0	NA
chrX	103600000	103700000	0.0	NA
chrX	103700000	103800000	0.0	NA
chrX	103800000	103900000	0.0	NA
chrX	103900000	104000000	0.0	NA
chrX	104000000	104100000	0.0	NA
chrX	104100000	104200000	0.0	NA
chrX	104200000	104300000	0.0	NA
chrX	104300000	104400000	0.0	NA
chrX	104400000	104500000	0.0	NA
chrX	104500000	104600000	0.0	NA
chrX	104600000	104700000	0.0	NA
chrX	104700000	104800000	0.0	NA
chrX	104800000	104900000	0.0	NA
chrX	104900000	105000000	0.0	NA
chrX	105000000	105100000	0.0	NA
chrX	105100000	105200000	0.0	NA
chrX	105200000	105300000	0.0	NA
chrX	105300000	105400000	0.0	NA
chrX	105400000	105500000	0.0	NA
chrX	105500000	105600000	0.0	NA
chrX	105600000	105700000	0.0	NA
chrX	105700000	105800000	0.0	NA
chrX	105800000	105900000	0.0	NA
chrX	105900000	106000000	0.0	NA
chrX	106000000	106100000	0.0	NA
chrX	106100000	106200000	0.0	NA
chrX	106200000	106300000	0.0	NA
chrX	106300000	106400000	0.0	NA
chrX	106400000	106500000	0.0	NA
chrX	106500000	106600000	0.0	NA
chrX	106600000	106700000	0.0	NA
chrX	106700000	106800000	0.0	NA
chrX	106800000	106900000	0.0	NA
chrX	106900000	107000000	0.0	NA
chrX	107000000	107100000	0.0	NA
chrX	107100000	107200000	0.0	NA
chrX	107200000	107300000	0.0	NA
chrX	107300000	107400000	0.0	NA
chrX	107400000	107500000	0.0	NA
chrX	107500000	107600000	0.0	NA
chrX	107600000	107700000	0.0	NA
chrX	107700000	107800000	0.0	NA
chrX	107800000	107900000	0.0	NA
chrX	107900000	108000000	0.0	NA
chrX	108000000	108100000	0.0	NA
chrX	108100000	108200000	0.0	NA
chrX	108200000	108300000	0.0	NA
chrX	108300000	108400000	0.0	NA
chrX	108400000	108500000	0.0	NA
chrX	108500000	108600000	0.0	NA
chrX	108600000	108700000	0.0	NA
chrX	108700000	108800000	0.0	NA
chrX	108800000	108900000	0.0	NA
chrX	108900000	109000000	0.0	NA
chrX	109000000	109100000	0.0	NA
chrX	109100000	109200000	0.0	NA
chrX	109200000	109300000	0.0	NA
chrX	109300000	109400000	0.0	NA
chrX	109400000	109500000	0.0	NA
chrX	109500000	109600000	0.0	NA
chrX	109600000	109700000	0.0	NA
chrX	109700000	109800000	0.0	NA
chrX	109800000	109900000	0.0	NA
chrX	109900000	110000000	0.0	NA
chrX	110000000	110100000	0.0	NA
chrX	110100000	110200000	0.0	NA
chrX	110200000	110300000	0.0	NA
chrX	110300000	110400000	0.0	NA
chrX	110400000	110500000	0.0	NA
chrX	110500000	110600000	0.0	NA
chrX	110600000	110700000	0.0	NA
chrX	110700000	110800000	0.0	NA
chrX	110800000	110900000	0.0	NA
chrX	110900000	111000000	0.0	NA
chrX	111000000	111100000	0.0	NA
chrX	111100000	111200000	0.0	NA
chrX	111200000	111300000	0.0	NA
chrX	111300000	111400000	0.0	NA
chrX	111400000	111500000	0.0	NA
chrX	111500000	111600000	0.0	NA
chrX	111600000	111700000	0.0	NA
chrX	111700000	111800000	0.0004528006016443651	67021
chrX	111800000	111900000	0.0003760142549240194	50947
chrX	111900000	112000000	5.8583976236152834e-05	57531
chrX	112000000	112100000	0.00034503601127182826	28931
chrX	112100000	112200000	0.0005012548915903181	71251
chrX	112200000	112300000	0.0005949698270635309	68433
chrX	112300000	112400000	0.0	NA
chrX	112400000	112500000	0.0	NA
chrX	112500000	112600000	0.0	NA
chrX	112600000	112700000	0.0	NA
chrX	112700000	112800000	0.000552360697473196	29177
chrX	112800000	112900000	0.00028041924834282386	48656
chrX	112900000	113000000	0.0	NA
chrX	113000000	113100000	0.0	NA
chrX	113100000	113200000	0.00011145064638124033	16190
chrX	113200000	113300000	0.0002908003343057543	73176
chrX	113300000	113400000	0.0003021339465647917	76626
chrX	113400000	113500000	0.00024021226140450696	84368
chrX	113500000	113600000	0.0003005350990788479	40927
chrX	113600000	113700000	0.0006383236181319786	83221
chrX	113700000	113800000	0.00024374332096895022	71662
chrX	113800000	113900000	0.00028270600214573056	16058
chrX	113900000	114000000	0.0	NA
chrX	114000000	114100000	0.0	NA
chrX	114100000	114200000	9.858303334166005e-05	41507
chrX	114200000	114300000	0.00015523075124249574	72922
chrX	114300000	114400000	0.00017077131198092494	31462
chrX	114400000	114500000	0.0001799178719587399	23784
chrX	114500000	114600000	0.00023440494351686516	67241
chrX	114600000	114700000	0.00019798301890464913	82924
chrX	114700000	114800000	0.0002144670605362855	38538
chrX	114800000	114900000	7.982140224510869e-05	8330
chrX	114900000	115000000	0.00023252562753545502	26510
chrX	115000000	115100000	0.0004776642493381792	12512
chrX	115100000	115200000	0.00023489550804193948	65562
chrX	115200000	115300000	0.00034137200978819705	69242
chrX	115300000	115400000	0.000839793875207837	71602
chrX	115400000	115500000	0.0007585396972433061	80908
chrX	115500000	115600000	0.0006301658442769387	64329
chrX	115600000	115700000	0.0011728368501371135	61160
chrX	115700000	115800000	0.0007202484613364242	52435
chrX	115800000	115900000	0.0006551438940331887	74698
chrX	115900000	116000000	0.0006783612534529756	73119
chrX	116000000	116100000	0.0007896590326148732	76196
chrX	116100000	116200000	0.0006668457449162656	81446
chrX	116200000	116300000	0.0008329875426103403	78640
chrX	116300000	116400000	0.000634957014782496	71475
chrX	116400000	116500000	0.0008061392559723335	70502
chrX	116500000	116600000	0.0013280660291350253	70238
chrX	116600000	116700000	0.0008250083132282917	74390
chrX	116700000	116800000	0.0002566305424644376	74679
chrX	116800000	116900000	0.000831310770521521	73773
chrX	116900000	117000000	0.0005911836828949971	74148
chrX	117000000	117100000	0.00046175184064406054	22332
chrX	117100000	117200000	0.0	NA
chrX	117200000	117300000	2.726348923092179e-05	40347
chrX	117300000	117400000	0.0006492346682076804	77294
chrX	117400000	117500000	0.0007571700079765645	49773
chrX	117500000	117600000	0.0007517736114342858	10631
chrX	117600000	117700000	0.0004860359564458778	14298
chrX	117700000	117800000	0.0	NA
chrX	117800000	117900000	0.0004203427738843059	26803
chrX	117900000	118000000	0.000576751076080273	29815
chrX	118000000	118100000	0.0003512413108242304	53000
chrX	118100000	118200000	0.00036881503249619745	39921
chrX	118200000	118300000	0.00036944381490327345	21133
chrX	118300000	118400000	0.00021617974700569923	72783
chrX	118400000	118500000	9.543539317552088e-05	44581
chrX	118500000	118600000	0.0005827131577953231	26471
chrX	118600000	118700000	0.0005329284651342763	40897
chrX	118700000	118800000	0.00034692521613202253	13229
chrX	118800000	118900000	0.000970798212788874	36878
chrX	118900000	119000000	0.0004713564326245885	35385
chrX	119000000	119100000	0.0005407885666281517	25144
chrX	119100000	119200000	0.0005838446369887762	48826
chrX	119200000	119300000	0.00014850025276638774	1874
chrX	119300000	119400000	0.00021364850757295004	36215
chrX	119400000	119500000	0.0004851052887800554	38344
chrX	119500000	119600000	0.0007485620961659355	28773
chrX	119600000	119700000	0.00037220149026652953	36035
chrX	119700000	119800000	0.00034104150702501506	44851
chrX	119800000	119900000	0.0007780153214551041	78262
chrX	119900000	120000000	0.00032737528397972627	65493
chrX	120000000	120100000	0.00017106013216024244	4678
chrX	120100000	120200000	0.0002361061110865827	61988
chrX	120200000	120300000	0.0003487983470563828	78949
chrX	120300000	120400000	0.0006406612758044787	78196
chrX	120400000	120500000	0.0009303626357230821	77432
chrX	120500000	120600000	0.0007610476277476767	77204
chrX	120600000	120700000	0.00023183517447561894	79432
chrX	120700000	120800000	7.003952403392849e-05	88678
chrX	120800000	120900000	0.0002721237375193078	80903
chrX	120900000	121000000	0.0003240933685297118	79332
chrX	121000000	121100000	0.000591646105516098	83464
chrX	121100000	121200000	0.000334410406828806	79903
chrX	121200000	121300000	0.00030655644797183745	75811
chrX	121300000	121400000	0.00028837682441397607	74375
chrX	121400000	121500000	0.00017900733364984814	77267
chrX	121500000	121600000	0.0003930832893753998	81218
chrX	121600000	121700000	0.0006227490389402927	71563
chrX	121700000	121800000	0.00023193399795203988	84243
chrX	121800000	121900000	0.000686297215892901	77265
chrX	121900000	122000000	0.0006705604168185556	85213
chrX	122000000	122100000	0.0004815829078726924	82171
chrX	122100000	122200000	0.0007705544507689214	76885
chrX	122200000	122300000	0.0009370013521242061	82119
chrX	122300000	122400000	0.0006043908648614436	17186
chrX	122400000	122500000	0.0	NA
chrX	122500000	122600000	0.0	NA
chrX	122600000	122700000	0.00047299711981159653	57093
chrX	122700000	122800000	0.00010511067426612106	21285
chrX	122800000	122900000	0.00013921100429348666	16884
chrX	122900000	123000000	0.0004356246412387318	37929
chrX	123000000	123100000	0.00043790001368373537	21411
chrX	123100000	123200000	0.0	NA
chrX	123200000	123300000	0.0006015330915064	38450
chrX	123300000	123400000	0.0006007862471030093	74654
chrX	123400000	123500000	0.00033954519296842684	65027
chrX	123500000	123600000	0.00023868224532818815	2455
chrX	123600000	123700000	0.0	NA
chrX	123700000	123800000	0.0	NA
chrX	123800000	123900000	0.0	NA
chrX	123900000	124000000	0.0	NA
chrX	124000000	124100000	0.00021184142737059033	1941
chrX	124100000	124200000	0.00028216183302069307	80385
chrX	124200000	124300000	0.00041377220884459534	87713
chrX	124300000	124400000	0.00016812392809695674	86602
chrX	124400000	124500000	0.0004251001842369655	75313
chrX	124500000	124600000	0.00048366837577173977	77644
chrX	124600000	124700000	0.0004335306266427203	78830
chrX	124700000	124800000	0.0003893964903407836	79090
chrX	124800000	124900000	0.0002156707949395634	84335
chrX	124900000	125000000	0.00013681418400111677	77285
chrX	125000000	125100000	0.000250002833310667	77400
chrX	125100000	125200000	0.0005765421187533366	82061
chrX	125200000	125300000	0.0009555922169839028	68702
chrX	125300000	125400000	0.0005693797987031072	72324
chrX	125400000	125500000	0.0005375925410341452	76372
chrX	125500000	125600000	0.0005229647555001836	73295
chrX	125600000	125700000	0.0006199444009046972	78103
chrX	125700000	125800000	0.00045196117899655864	84456
chrX	125800000	125900000	0.00041269894353694614	84984
chrX	125900000	126000000	0.0003530012934820955	76090
chrX	126000000	126100000	0.0003348654100639085	69628
chrX	126100000	126200000	0.0001570991650728283	82209
chrX	126200000	126300000	0.0002605501333435323	75685
chrX	126300000	126400000	0.0005689162087589015	66387
chrX	126400000	126500000	9.263537228660352e-05	78716
chrX	126500000	126600000	6.430486902638331e-05	80933
chrX	126600000	126700000	6.917836656379716e-05	77666
chrX	126700000	126800000	0.00010899340623881901	77423
chrX	126800000	126900000	6.303659711729293e-05	88719
chrX	126900000	127000000	8.270932240229873e-05	71594
chrX	127000000	127100000	7.265360484448386e-05	86740
chrX	127100000	127200000	0.00010611462708584432	82489
chrX	127200000	127300000	7.482896313888411e-05	81487
chrX	127300000	127400000	0.00010414169667554584	78164
chrX	127400000	127500000	0.00010295367695163859	86911
chrX	127500000	127600000	8.913526102760347e-05	76013
chrX	127600000	127700000	8.106018519971583e-05	83845
chrX	127700000	127800000	0.000300030793553036	82895
chrX	127800000	127900000	0.0005027661397702817	72823
chrX	127900000	128000000	0.00036502768895999173	71949
chrX	128000000	128100000	0.0002684905105368577	82544
chrX	128100000	128200000	0.0001930326042151113	76311
chrX	128200000	128300000	0.000237562061130798	28145
chrX	128300000	128400000	0.0	NA
chrX	128400000	128500000	0.0	NA
chrX	128500000	128600000	0.0	NA
chrX	128600000	128700000	0.0	NA
chrX	128700000	128800000	0.0	NA
chrX	128800000	128900000	0.0	NA
chrX	128900000	129000000	0.0	NA
chrX	129000000	129100000	0.0	NA
chrX	129100000	129200000	0.0	NA
chrX	129200000	129300000	0.0	NA
chrX	129300000	129400000	0.0	NA
chrX	129400000	129500000	0.0	NA
chrX	129500000	129600000	0.0	NA
chrX	129600000	129700000	0.0	NA
chrX	129700000	129800000	0.0	NA
chrX	129800000	129900000	0.0	NA
chrX	129900000	130000000	0.0	NA
chrX	130000000	130100000	0.0	NA
chrX	130100000	130200000	0.0	NA
chrX	130200000	130300000	0.0	NA
chrX	130300000	130400000	0.0	NA
chrX	130400000	130500000	0.0	NA
chrX	130500000	130600000	0.0	NA
chrX	130600000	130700000	0.0	NA
chrX	130700000	130800000	0.0	NA
chrX	130800000	130900000	0.0	NA
chrX	130900000	131000000	0.0	NA
chrX	131000000	131100000	0.0	NA
chrX	131100000	131200000	0.0	NA
chrX	131200000	131300000	0.0	NA
chrX	131300000	131400000	0.0	NA
chrX	131400000	131500000	0.0	NA
chrX	131500000	131600000	0.0	NA
chrX	131600000	131700000	0.0	NA
chrX	131700000	131800000	0.0	NA
chrX	131800000	131900000	0.0	NA
chrX	131900000	132000000	0.0	NA
chrX	132000000	132100000	0.0	NA
chrX	132100000	132200000	0.0	NA
chrX	132200000	132300000	0.0	NA
chrX	132300000	132400000	0.0	NA
chrX	132400000	132500000	0.0	NA
chrX	132500000	132600000	0.0	NA
chrX	132600000	132700000	0.0	NA
chrX	132700000	132800000	0.0	NA
chrX	132800000	132900000	0.0	NA
chrX	132900000	133000000	0.0	NA
chrX	133000000	133100000	0.0	NA
chrX	133100000	133200000	0.0	NA
chrX	133200000	133300000	0.0	NA
chrX	133300000	133400000	0.0	NA
chrX	133400000	133500000	0.0	NA
chrX	133500000	133600000	0.0	NA
chrX	133600000	133700000	0.0	NA
chrX	133700000	133800000	0.0	NA
chrX	133800000	133900000	0.0	NA
chrX	133900000	134000000	0.0	NA
chrX	134000000	134100000	0.0	NA
chrX	134100000	134200000	0.0	NA
chrX	134200000	134300000	0.0	NA
chrX	134300000	134400000	0.0	NA
chrX	134400000	134500000	0.0	NA
chrX	134500000	134600000	0.0	NA
chrX	134600000	134700000	0.0	NA
chrX	134700000	134800000	0.0	NA
chrX	134800000	134900000	0.0	NA
chrX	134900000	135000000	0.0	NA
chrX	135000000	135100000	0.0	NA
chrX	135100000	135200000	0.0	NA
chrX	135200000	135300000	0.0	NA
chrX	135300000	135400000	0.0	NA
chrX	135400000	135500000	0.0	NA
chrX	135500000	135600000	0.0	NA
chrX	135600000	135700000	0.0	NA
chrX	135700000	135800000	0.0	NA
chrX	135800000	135900000	0.0	NA
chrX	135900000	136000000	0.0	NA
chrX	136000000	136100000	0.0	NA
chrX	136100000	136200000	0.0	NA
chrX	136200000	136300000	0.0	NA
chrX	136300000	136400000	0.0	NA
chrX	136400000	136500000	0.0	NA
chrX	136500000	136600000	0.0	NA
chrX	136600000	136700000	0.0	NA
chrX	136700000	136800000	0.0002771805179022156	2815
chrX	136800000	136900000	0.00041389817026449505	70269
chrX	136900000	137000000	0.00042381678005682174	83240
chrX	137000000	137100000	0.000628799914935529	76557
chrX	137100000	137200000	0.00023377856939823667	69559
chrX	137200000	137300000	0.0003929067256696642	79877
chrX	137300000	137400000	0.000630017657547605	70831
chrX	137400000	137500000	0.0006261601780554136	81591
chrX	137500000	137600000	0.0002619328648923376	80843
chrX	137600000	137700000	0.00011342700408839204	84750
chrX	137700000	137800000	0.00011331101466870829	11618
chrX	137800000	137900000	0.0	NA
chrX	137900000	138000000	0.0	NA
chrX	138000000	138100000	0.0	NA
chrX	138100000	138200000	0.0	NA
chrX	138200000	138300000	0.00038877247827181046	10876
chrX	138300000	138400000	0.0005621180703910989	82163
chrX	138400000	138500000	0.0009008560366077683	78737
chrX	138500000	138600000	0.0007305774299829374	73499
chrX	138600000	138700000	0.00026621331912518906	20843
chrX	138700000	138800000	0.0004662379773219397	8013
chrX	138800000	138900000	0.00018698386757295507	7085
chrX	138900000	139000000	0.00028610390170490574	63780
chrX	139000000	139100000	0.0006180374456911922	42201
chrX	139100000	139200000	0.0003188637936561675	70268
chrX	139200000	139300000	0.0003450438371915449	78120
chrX	139300000	139400000	0.00015738713154040722	63957
chrX	139400000	139500000	5.4229735458201086e-05	76316
chrX	139500000	139600000	0.00011043761870276922	81907
chrX	139600000	139700000	0.00023268547453098292	85526
chrX	139700000	139800000	0.00037257470440663884	65512
chrX	139800000	139900000	0.001196351208313963	34757
chrX	139900000	140000000	0.0005703598994851065	83458
chrX	140000000	140100000	0.0004504568782385988	63624
chrX	140100000	140200000	0.0	NA
chrX	140200000	140300000	0.00046028360917323103	65869
chrX	140300000	140400000	0.0006282186877244478	53147
chrX	140400000	140500000	0.0005153799229296318	74746
chrX	140500000	140600000	0.0011095094154304683	45584
chrX	140600000	140700000	0.0	NA
chrX	140700000	140800000	0.0008245306517828313	29666
chrX	140800000	140900000	0.0006715506388354205	73662
chrX	140900000	141000000	0.00020310385092080736	28070
chrX	141000000	141100000	0.00081153255707398	81059
chrX	141100000	141200000	0.0009103488333648915	81718
chrX	141200000	141300000	0.0002627057334056793	70325
chrX	141300000	141400000	0.00028380294169767876	79200
chrX	141400000	141500000	0.0007469084267086293	70039
chrX	141500000	141600000	0.0006840399386907341	72042
chrX	141600000	141700000	0.0005195465215335635	84230
chrX	141700000	141800000	0.0004107490949596214	81333
chrX	141800000	141900000	0.00013870148043771508	72238
chrX	141900000	142000000	0.00045351818120488387	74115
chrX	142000000	142100000	0.0007401460875517169	79354
chrX	142100000	142200000	0.00044404321811044635	82860
chrX	142200000	142300000	0.0005757804352495677	85677
chrX	142300000	142400000	0.00030351124277800464	83784
chrX	142400000	142500000	0.0005551172991982743	82097
chrX	142500000	142600000	0.0006321069411837624	79563
chrX	142600000	142700000	0.0009771827980909734	74762
chrX	142700000	142800000	0.0005863296124850678	70084
chrX	142800000	142900000	0.0003505328896237255	72483
chrX	142900000	143000000	0.0003533467083341255	83030
chrX	143000000	143100000	0.00029323424637841015	79689
chrX	143100000	143200000	0.00023776780645260283	50308
chrX	143200000	143300000	0.0004941978854280712	3317
chrX	143300000	143400000	0.0008854127856776305	83346
chrX	143400000	143500000	0.000569869115855723	80611
chrX	143500000	143600000	0.0006141753754670042	40018
chrX	143600000	143700000	0.00032939523902637087	85863
chrX	143700000	143800000	0.00045957158017149915	81404
chrX	143800000	143900000	0.0005123491459692237	84151
chrX	143900000	144000000	0.000570585574164939	84696
chrX	144000000	144100000	0.0006286407673417144	86463
chrX	144100000	144200000	0.0006456798365880607	83878
chrX	144200000	144300000	0.0007252396823184828	85733
chrX	144300000	144400000	0.0002808949676943694	76908
chrX	144400000	144500000	0.0001824502198834082	76452
chrX	144500000	144600000	0.0006477733637726295	79929
chrX	144600000	144700000	0.0010121594311122222	87538
chrX	144700000	144800000	0.00047411804930601927	87024
chrX	144800000	144900000	0.0005160426504687999	82454
chrX	144900000	145000000	0.0005576699652625733	75125
chrX	145000000	145100000	0.0006404890281637505	80131
chrX	145100000	145200000	0.0007059754406905887	78751
chrX	145200000	145300000	0.00038511643363513373	83307
chrX	145300000	145400000	0.000720235742314203	76426
chrX	145400000	145500000	0.00034399824574258333	81886
chrX	145500000	145600000	0.0007291141195839557	83363
chrX	145600000	145700000	0.000840488340018565	88228
chrX	145700000	145800000	0.00048090365426956645	80064
chrX	145800000	145900000	0.0007070678261163506	62280
chrX	145900000	146000000	0.0005372718313176095	72931
chrX	146000000	146100000	0.0005883725718558872	83332
chrX	146100000	146200000	0.0003575681030949642	84928
chrX	146200000	146300000	0.00033443663630423643	65998
chrX	146300000	146400000	0.0004506644544238524	70707
chrX	146400000	146500000	0.00017779718427723447	79162
chrX	146500000	146600000	0.00020197283790760064	82920
chrX	146600000	146700000	0.0007115223964609772	88267
chrX	146700000	146800000	7.531364764340932e-05	83557
chrX	146800000	146900000	0.00012893494479450054	90871
chrX	146900000	147000000	0.00030779199172425276	68753
chrX	147000000	147100000	0.0004242595736653462	20925
chrX	147100000	147200000	0.00015730144443015727	77770
chrX	147200000	147300000	0.00034068723871668693	69302
chrX	147300000	147400000	0.00020256735763509215	76285
chrX	147400000	147500000	0.00018781555538719487	72248
chrX	147500000	147600000	8.455591026626789e-05	71667
chrX	147600000	147700000	0.0	NA
chrX	147700000	147800000	0.0	NA
chrX	147800000	147900000	0.0	NA
chrX	147900000	148000000	0.0	NA
chrX	148000000	148100000	0.00019652226696201304	16561
chrX	148100000	148200000	0.00035157002440957326	86056
chrX	148200000	148300000	0.0002503994239294313	74065
chrX	148300000	148400000	0.0003849440250775592	84756
chrX	148400000	148500000	0.0002800303273300241	79877
chrX	148500000	148600000	0.00036178703117837403	55149
chrX	148600000	148700000	0.00020018331421840205	12987
chrX	148700000	148800000	0.00031244703823182194	24016
chrX	148800000	148900000	0.0003358249530944667	32428
chrX	148900000	149000000	5.060728744939276e-05	2418
chrX	149000000	149100000	2.0763611020189148e-05	7879
chrX	149100000	149200000	7.578033831226282e-05	11561
chrX	149200000	149300000	7.427584857218178e-05	80591
chrX	149300000	149400000	0.0001953741075147389	80536
chrX	149400000	149500000	0.000237949534730844	89618
chrX	149500000	149600000	0.0001322560477083635	27724
chrX	149600000	149700000	0.0008546622310251334	13685
chrX	149700000	149800000	0.00031336936015092875	31273
chrX	149800000	149900000	0.00020231878763925405	17578
chrX	149900000	150000000	0.00040581031787389273	1010
chrX	150000000	150100000	0.0002880698428404436	25319
chrX	150100000	150200000	0.0006079807344404655	60222
chrX	150200000	150300000	0.0007268916536068378	75496
chrX	150300000	150400000	0.0006999117821890894	69505
chrX	150400000	150500000	0.0004662828982467819	78099
chrX	150500000	150600000	0.0002235310214347033	71549
chrX	150600000	150700000	0.00012968097149395325	78061
chrX	150700000	150800000	0.00015382050778071552	16602
chrX	150800000	150900000	0.0004870038262497246	38240
chrX	150900000	151000000	0.0004248358091248754	81420
chrX	151000000	151100000	0.0006075795426898471	77446
chrX	151100000	151200000	0.0003839802077928655	62385
chrX	151200000	151300000	0.0004816368703643359	64938
chrX	151300000	151400000	0.00024875070524703785	26120
chrX	151400000	151500000	0.0	NA
chrX	151500000	151600000	0.0	NA
chrX	151600000	151700000	0.0	NA
chrX	151700000	151800000	0.0	NA
chrX	151800000	151900000	0.0	NA
chrX	151900000	152000000	0.0	NA
chrX	152000000	152100000	0.0	NA
chrX	152100000	152200000	0.0	NA
chrX	152200000	152300000	0.0	NA
chrX	152300000	152400000	0.0	NA
chrX	152400000	152500000	0.0	NA
chrX	152500000	152600000	0.0	NA
chrX	152600000	152700000	0.0	NA
chrX	152700000	152800000	0.0	NA
chrX	152800000	152900000	0.0	NA
chrX	152900000	153000000	0.0	NA
chrX	153000000	153100000	0.0	NA
chrX	153100000	153200000	0.0	NA
chrX	153200000	153300000	0.0	NA
chrX	153300000	153400000	0.0	NA
chrX	153400000	153500000	0.0	NA
chrX	153500000	153600000	0.0	NA
chrX	153600000	153700000	0.0	NA
chrX	153700000	153800000	0.0	NA
chrX	153800000	153900000	0.0	NA
chrX	153900000	154000000	0.0	NA
chrX	154000000	154100000	0.0	NA
chrX	154100000	154200000	0.0	NA
chrX	154200000	154300000	0.0	NA
chrX	154300000	154400000	0.0	NA
chrX	154400000	154500000	0.0	NA
chrX	154500000	154600000	0.0	NA
chrX	154600000	154700000	0.0	NA
chrX	154700000	154800000	0.0	NA
chrX	154800000	154900000	0.0	NA
chrX	154900000	155000000	0.0	NA
chrX	155000000	155100000	0.0	NA
chrX	155100000	155200000	0.00029021791254849944	19719
chrX	155200000	155270560	0.0005444884365304755	12695
