chrX	0	100000	0.002482524214330144	1456
chrX	100000	200000	0.0020897404925222284	4965
chrX	200000	300000	0.0034297160414340166	2964
chrX	300000	400000	0.001568940346637009	15533
chrX	400000	500000	0.0018085587289832937	29352
chrX	500000	600000	0.0020020985929262644	30548
chrX	600000	700000	0.001556068076321541	32131
chrX	700000	800000	0.001688895649270275	42139
chrX	800000	900000	0.0009438519386237206	28095
chrX	900000	1000000	0.001511143085007962	33413
chrX	1000000	1100000	0.001420318791387973	10800
chrX	1100000	1200000	0.0	NA
chrX	1200000	1300000	0.001408900952494798	14837
chrX	1300000	1400000	0.0010062893081761004	11710
chrX	1400000	1500000	0.0015617691845982795	3621
chrX	1500000	1600000	0.0004764572898744812	5994
chrX	1600000	1700000	0.0010392213384756669	13016
chrX	1700000	1800000	0.0017775734314058767	15723
chrX	1800000	1900000	0.001235238010203161	33177
chrX	1900000	2000000	0.0012857242291009479	42559
chrX	2000000	2100000	0.001414873263620591	27331
chrX	2100000	2200000	0.0015001663779286574	5654
chrX	2200000	2300000	0.0	NA
chrX	2300000	2400000	0.0	NA
chrX	2400000	2500000	0.001171238725663025	45281
chrX	2500000	2600000	0.0009802342780799698	31936
chrX	2600000	2700000	0.001196239730470833	9973
chrX	2700000	2800000	0.0009827173076491582	6527
chrX	2800000	2900000	0.0004982101604776261	22760
chrX	2900000	3000000	6.159207015417703e-05	18211
chrX	3000000	3100000	0.0011264545044883572	41962
chrX	3100000	3200000	0.0009916561763533191	67756
chrX	3200000	3300000	0.0013212910262211035	40676
chrX	3300000	3400000	0.0008628250892401833	66600
chrX	3400000	3500000	0.0005747318182837015	62692
chrX	3500000	3600000	0.0005293846388519302	14266
chrX	3600000	3700000	0.0011681245702750529	32614
chrX	3700000	3800000	0.0007904964730965289	21192
chrX	3800000	3900000	0.0008357085158196522	25561
chrX	3900000	4000000	0.0011632313500438808	78839
chrX	4000000	4100000	0.0007566920448752148	79245
chrX	4100000	4200000	0.0007761681580761736	79718
chrX	4200000	4300000	0.0008422268640048455	84113
chrX	4300000	4400000	0.0005117135892732178	79369
chrX	4400000	4500000	0.0002992732980695826	77637
chrX	4500000	4600000	0.0006183585002701184	75731
chrX	4600000	4700000	0.0006087213508217624	73578
chrX	4700000	4800000	0.0007033549727991819	76081
chrX	4800000	4900000	0.0004976655963931084	77400
chrX	4900000	5000000	0.0005016280018681239	79951
chrX	5000000	5100000	0.001105966731008914	74083
chrX	5100000	5200000	0.0005328519569497419	78953
chrX	5200000	5300000	0.0002818606364614338	81913
chrX	5300000	5400000	0.00046729265605613326	80640
chrX	5400000	5500000	0.0008657488389749556	79923
chrX	5500000	5600000	0.0007724263334647498	82766
chrX	5600000	5700000	0.0009299965515542666	76600
chrX	5700000	5800000	0.00047244645370520097	79391
chrX	5800000	5900000	0.00022320116549529351	6848
chrX	5900000	6000000	0.0	NA
chrX	6000000	6100000	0.0	NA
chrX	6100000	6200000	0.00016336599039118554	40080
chrX	6200000	6300000	0.00026558958668675126	79340
chrX	6300000	6400000	0.00021063144497789893	81858
chrX	6400000	6500000	0.00013117424054074882	76866
chrX	6500000	6600000	0.00015244962566576836	79199
chrX	6600000	6700000	0.00038449580458455344	80898
chrX	6700000	6800000	0.0007615717575761497	84914
chrX	6800000	6900000	0.0008376385400012291	73474
chrX	6900000	7000000	0.00048394078452469085	30759
chrX	7000000	7100000	0.0	NA
chrX	7100000	7200000	0.0	NA
chrX	7200000	7300000	0.0001517544347911291	22227
chrX	7300000	7400000	0.00039518723621838434	85565
chrX	7400000	7500000	0.0003320019394602119	79549
chrX	7500000	7600000	0.0005043391456205396	81085
chrX	7600000	7700000	0.0007566208103806015	39189
chrX	7700000	7800000	0.00017966604577047366	88353
chrX	7800000	7900000	0.0007265113685913944	55024
chrX	7900000	8000000	0.0003085481643149236	79564
chrX	8000000	8100000	0.0003733362062422308	84815
chrX	8100000	8200000	0.00043531270568943563	69704
chrX	8200000	8300000	0.0006864726503103643	83886
chrX	8300000	8400000	0.0006820379484769308	84731
chrX	8400000	8500000	0.0008615381404367024	60611
chrX	8500000	8600000	0.0	NA
chrX	8600000	8700000	0.0	NA
chrX	8700000	8800000	0.00039108172059870434	64184
chrX	8800000	8900000	0.0006385314261654889	92359
chrX	8900000	9000000	0.00041075580665101525	64487
chrX	9000000	9100000	0.0005360241951889332	81408
chrX	9100000	9200000	0.0002300533843656341	86934
chrX	9200000	9300000	0.0005095964167188838	81300
chrX	9300000	9400000	0.00040643505009309067	65299
chrX	9400000	9500000	0.0003718450995386044	22404
chrX	9500000	9600000	0.0	NA
chrX	9600000	9700000	0.0011163509101016105	5219
chrX	9700000	9800000	0.0003949548428036957	11848
chrX	9800000	9900000	0.0	NA
chrX	9900000	10000000	0.00044032324430754463	44001
chrX	10000000	10100000	0.0	NA
chrX	10100000	10200000	0.0003580769508720515	8765
chrX	10200000	10300000	0.0005724230492416555	29283
chrX	10300000	10400000	0.0	NA
chrX	10400000	10500000	0.0	NA
chrX	10500000	10600000	0.0	NA
chrX	10600000	10700000	0.0	NA
chrX	10700000	10800000	0.0	NA
chrX	10800000	10900000	0.0	NA
chrX	10900000	11000000	0.0	NA
chrX	11000000	11100000	0.0	NA
chrX	11100000	11200000	0.0	NA
chrX	11200000	11300000	0.0	NA
chrX	11300000	11400000	0.0	NA
chrX	11400000	11500000	0.0	NA
chrX	11500000	11600000	0.0	NA
chrX	11600000	11700000	0.0	NA
chrX	11700000	11800000	0.0	NA
chrX	11800000	11900000	0.0	NA
chrX	11900000	12000000	0.0	NA
chrX	12000000	12100000	0.0	NA
chrX	12100000	12200000	0.0	NA
chrX	12200000	12300000	0.0	NA
chrX	12300000	12400000	0.0	NA
chrX	12400000	12500000	0.0	NA
chrX	12500000	12600000	0.0	NA
chrX	12600000	12700000	0.0	NA
chrX	12700000	12800000	0.0004247764990199365	43811
chrX	12800000	12900000	0.0007359393297782945	25947
chrX	12900000	13000000	0.00031256743858290895	35930
chrX	13000000	13100000	0.0004387818872128136	74039
chrX	13100000	13200000	0.0002632682609823798	80230
chrX	13200000	13300000	0.0003471861304338109	83862
chrX	13300000	13400000	0.000172450469328078	73450
chrX	13400000	13500000	0.0005708707304774623	78761
chrX	13500000	13600000	0.0006788440918084453	74737
chrX	13600000	13700000	0.0005960776883023612	22874
chrX	13700000	13800000	0.00043812403984190497	9371
chrX	13800000	13900000	0.0	NA
chrX	13900000	14000000	0.0002692235622816774	29364
chrX	14000000	14100000	0.00030061679158570293	65754
chrX	14100000	14200000	0.0005029416298705056	79481
chrX	14200000	14300000	0.0002799975715268584	74794
chrX	14300000	14400000	0.0004049234687489933	79874
chrX	14400000	14500000	0.00012246372320059943	80841
chrX	14500000	14600000	0.0001764154683958816	42635
chrX	14600000	14700000	0.0	NA
chrX	14700000	14800000	0.0001967031399080369	38657
chrX	14800000	14900000	0.00020692587615821732	48752
chrX	14900000	15000000	0.0002881515115823057	42771
chrX	15000000	15100000	0.00027897845203365957	80872
chrX	15100000	15200000	0.00023860828251745275	82204
chrX	15200000	15300000	0.0003450894327481272	58956
chrX	15300000	15400000	0.0004459735779694172	11373
chrX	15400000	15500000	0.0	NA
chrX	15500000	15600000	0.0001393462389251914	10123
chrX	15600000	15700000	0.00021338806428544118	13653
chrX	15700000	15800000	0.00014458873764026933	23510
chrX	15800000	15900000	0.0002658704673076929	26088
chrX	15900000	16000000	0.0003921959801944695	81552
chrX	16000000	16100000	0.00019894967459243497	82768
chrX	16100000	16200000	0.00030968324556132035	53837
chrX	16200000	16300000	0.00036783680295705595	72067
chrX	16300000	16400000	0.0008276393684927508	72354
chrX	16400000	16500000	0.0004989284988231528	84033
chrX	16500000	16600000	0.0004708831481897533	70365
chrX	16600000	16700000	8.497991225861308e-05	3618
chrX	16700000	16800000	0.00041976593754811207	12512
chrX	16800000	16900000	0.0004068822954107087	11521
chrX	16900000	17000000	0.0003912890878926508	32283
chrX	17000000	17100000	0.0	NA
chrX	17100000	17200000	0.0	NA
chrX	17200000	17300000	0.0	NA
chrX	17300000	17400000	0.0	NA
chrX	17400000	17500000	0.0	NA
chrX	17500000	17600000	0.0	NA
chrX	17600000	17700000	0.0	NA
chrX	17700000	17800000	0.0	NA
chrX	17800000	17900000	0.0	NA
chrX	17900000	18000000	0.0	NA
chrX	18000000	18100000	0.0	NA
chrX	18100000	18200000	0.0	NA
chrX	18200000	18300000	0.0	NA
chrX	18300000	18400000	0.0	NA
chrX	18400000	18500000	0.0	NA
chrX	18500000	18600000	0.0	NA
chrX	18600000	18700000	0.0	NA
chrX	18700000	18800000	0.0	NA
chrX	18800000	18900000	0.00027680102697638095	32737
chrX	18900000	19000000	0.00012888574713407121	7954
chrX	19000000	19100000	1.8248860319381248e-05	4116
chrX	19100000	19200000	0.00013114345857503769	39110
chrX	19200000	19300000	0.00029452147007399054	73116
chrX	19300000	19400000	0.00010408112660090749	2790
chrX	19400000	19500000	0.0	NA
chrX	19500000	19600000	0.0	NA
chrX	19600000	19700000	0.0	NA
chrX	19700000	19800000	0.0	NA
chrX	19800000	19900000	0.0	NA
chrX	19900000	20000000	0.0	NA
chrX	20000000	20100000	0.0	NA
chrX	20100000	20200000	0.0	NA
chrX	20200000	20300000	0.0	NA
chrX	20300000	20400000	0.0	NA
chrX	20400000	20500000	0.0	NA
chrX	20500000	20600000	0.0	NA
chrX	20600000	20700000	0.0	NA
chrX	20700000	20800000	0.0	NA
chrX	20800000	20900000	0.0	NA
chrX	20900000	21000000	0.0	NA
chrX	21000000	21100000	0.0	NA
chrX	21100000	21200000	0.0	NA
chrX	21200000	21300000	0.0	NA
chrX	21300000	21400000	0.0	NA
chrX	21400000	21500000	0.0	NA
chrX	21500000	21600000	0.0	NA
chrX	21600000	21700000	0.0	NA
chrX	21700000	21800000	0.0	NA
chrX	21800000	21900000	0.0	NA
chrX	21900000	22000000	0.0	NA
chrX	22000000	22100000	0.0	NA
chrX	22100000	22200000	0.0	NA
chrX	22200000	22300000	0.0	NA
chrX	22300000	22400000	0.0	NA
chrX	22400000	22500000	0.0	NA
chrX	22500000	22600000	0.0	NA
chrX	22600000	22700000	0.0	NA
chrX	22700000	22800000	0.0	NA
chrX	22800000	22900000	0.0	NA
chrX	22900000	23000000	0.0	NA
chrX	23000000	23100000	0.0	NA
chrX	23100000	23200000	0.0	NA
chrX	23200000	23300000	0.0	NA
chrX	23300000	23400000	0.0004220924381404038	38178
chrX	23400000	23500000	0.0005887418427193444	60203
chrX	23500000	23600000	0.0004774264274973497	72295
chrX	23600000	23700000	0.0007836420722931554	61975
chrX	23700000	23800000	0.0008153362819003658	25799
chrX	23800000	23900000	0.0004532274074053049	25641
chrX	23900000	24000000	0.0004134466123242222	23844
chrX	24000000	24100000	0.00030496499556301285	10384
chrX	24100000	24200000	0.00054103562998983	32863
chrX	24200000	24300000	0.000700080733804634	44739
chrX	24300000	24400000	0.00032335358794427553	68865
chrX	24400000	24500000	0.0006182538024823706	63323
chrX	24500000	24600000	0.00037252569591575456	6730
chrX	24600000	24700000	0.00011735667343044912	7120
chrX	24700000	24800000	8.645538383247943e-05	8397
chrX	24800000	24900000	0.0	NA
chrX	24900000	25000000	0.0	NA
chrX	25000000	25100000	0.00037730697847634096	56512
chrX	25100000	25200000	0.00023476201112031155	78985
chrX	25200000	25300000	0.00034726183206619114	85156
chrX	25300000	25400000	0.00023983504391347475	65743
chrX	25400000	25500000	0.00031430339098821136	80410
chrX	25500000	25600000	0.0005211384658732658	86307
chrX	25600000	25700000	0.00043582244342951814	91717
chrX	25700000	25800000	0.0006014827096509472	79346
chrX	25800000	25900000	0.00035427584037711895	84625
chrX	25900000	26000000	0.0003842115546655193	75396
chrX	26000000	26100000	0.00037550102878204373	81360
chrX	26100000	26200000	0.0004544884533731075	73080
chrX	26200000	26300000	0.0006803959753514451	74608
chrX	26300000	26400000	0.00047536294063500674	71017
chrX	26400000	26500000	0.0004898763503645425	84539
chrX	26500000	26600000	0.0006116480810850575	75100
chrX	26600000	26700000	0.00044722238655909425	85836
chrX	26700000	26800000	0.0005553692770251672	81441
chrX	26800000	26900000	0.0006240794877172037	85563
chrX	26900000	27000000	0.0006456268470825704	86586
chrX	27000000	27100000	0.0004722391346162032	78634
chrX	27100000	27200000	0.000367385412758439	75843
chrX	27200000	27300000	0.00026111243698789913	81114
chrX	27300000	27400000	0.0003517148295842475	74297
chrX	27400000	27500000	0.0006198223143844691	78903
chrX	27500000	27600000	0.0005384430550630287	75188
chrX	27600000	27700000	0.0004071701832894147	82222
chrX	27700000	27800000	0.00046566965369932193	81185
chrX	27800000	27900000	0.00012417047871009042	75740
chrX	27900000	28000000	0.0001411853278261449	83629
chrX	28000000	28100000	0.0003238166530622914	87563
chrX	28100000	28200000	0.00020292509959952563	80671
chrX	28200000	28300000	0.00023703662050264694	83213
chrX	28300000	28400000	0.00013483155684958678	81454
chrX	28400000	28500000	0.0004667296708981785	74206
chrX	28500000	28600000	0.0004315058030358428	79862
chrX	28600000	28700000	0.00028675763133259146	5532
chrX	28700000	28800000	0.0	NA
chrX	28800000	28900000	0.0	NA
chrX	28900000	29000000	0.0	NA
chrX	29000000	29100000	0.0	NA
chrX	29100000	29200000	0.0	NA
chrX	29200000	29300000	0.0	NA
chrX	29300000	29400000	0.0	NA
chrX	29400000	29500000	0.0	NA
chrX	29500000	29600000	0.0	NA
chrX	29600000	29700000	0.0	NA
chrX	29700000	29800000	0.0	NA
chrX	29800000	29900000	0.0	NA
chrX	29900000	30000000	5.672342927790955e-05	17886
chrX	30000000	30100000	8.410002632545862e-05	75211
chrX	30100000	30200000	0.0002358348277959626	82088
chrX	30200000	30300000	0.00029649267705804	68485
chrX	30300000	30400000	0.0003376640305201129	77006
chrX	30400000	30500000	0.0003332179382526025	81302
chrX	30500000	30600000	0.00025224810130470497	61425
chrX	30600000	30700000	0.00028631968110510905	46509
chrX	30700000	30800000	0.0005206267741924335	29646
chrX	30800000	30900000	0.0002739423535274032	20458
chrX	30900000	31000000	0.0005461861255915606	81314
chrX	31000000	31100000	0.0002236902281020498	79204
chrX	31100000	31200000	0.00031336453531220527	32605
chrX	31200000	31300000	0.0	NA
chrX	31300000	31400000	0.0	NA
chrX	31400000	31500000	0.0	NA
chrX	31500000	31600000	0.0	NA
chrX	31600000	31700000	0.0	NA
chrX	31700000	31800000	0.0	NA
chrX	31800000	31900000	0.0	NA
chrX	31900000	32000000	0.0	NA
chrX	32000000	32100000	0.0	NA
chrX	32100000	32200000	0.0	NA
chrX	32200000	32300000	0.0	NA
chrX	32300000	32400000	0.0	NA
chrX	32400000	32500000	0.0	NA
chrX	32500000	32600000	0.0	NA
chrX	32600000	32700000	0.0	NA
chrX	32700000	32800000	0.0	NA
chrX	32800000	32900000	0.0	NA
chrX	32900000	33000000	0.0	NA
chrX	33000000	33100000	0.0	NA
chrX	33100000	33200000	0.0	NA
chrX	33200000	33300000	0.0	NA
chrX	33300000	33400000	0.00037457697835056305	32560
chrX	33400000	33500000	0.0001229317986587668	84705
chrX	33500000	33600000	0.0004451028033664087	81055
chrX	33600000	33700000	0.00043546112804736297	84563
chrX	33700000	33800000	0.0003913455635180173	84785
chrX	33800000	33900000	0.0005392314425036309	85057
chrX	33900000	34000000	0.0006123139256387644	84549
chrX	34000000	34100000	0.00048619451467630013	91089
chrX	34100000	34200000	0.0006724141118965237	76290
chrX	34200000	34300000	0.0005443342111991063	83539
chrX	34300000	34400000	0.0006326997738986177	84866
chrX	34400000	34500000	0.0007112628237317449	74386
chrX	34500000	34600000	0.0005344526100415301	83698
chrX	34600000	34700000	0.00034643562577168325	62606
chrX	34700000	34800000	0.0003981944439723589	85644
chrX	34800000	34900000	0.000602746564839394	79295
chrX	34900000	35000000	0.00036573311252490343	85031
chrX	35000000	35100000	0.0004538859896528937	84520
chrX	35100000	35200000	0.00016024431899197143	83989
chrX	35200000	35300000	0.00027530541810060773	82838
chrX	35300000	35400000	0.0004518833698130851	83294
chrX	35400000	35500000	0.00029831355685572616	83693
chrX	35500000	35600000	0.00014960106439369496	79453
chrX	35600000	35700000	0.0004016405089323293	72509
chrX	35700000	35800000	0.0001748672779767231	87814
chrX	35800000	35900000	0.0005846092906932842	79834
chrX	35900000	36000000	0.00019954900016758232	28989
chrX	36000000	36100000	0.0	NA
chrX	36100000	36200000	0.0	NA
chrX	36200000	36300000	0.0	NA
chrX	36300000	36400000	0.0	NA
chrX	36400000	36500000	0.0004480193859034303	31231
chrX	36500000	36600000	0.000172921500777049	87048
chrX	36600000	36700000	0.00025806187699194214	84166
chrX	36700000	36800000	0.00033379647629387454	83505
chrX	36800000	36900000	0.0003048412872940401	90691
chrX	36900000	37000000	0.00017579446550860557	78143
chrX	37000000	37100000	0.00019327813624877023	51870
chrX	37100000	37200000	0.00011213934964943204	38644
chrX	37200000	37300000	0.0002569151348975985	8119
chrX	37300000	37400000	0.0002392563085464942	41133
chrX	37400000	37500000	7.848770492225071e-05	13968
chrX	37500000	37600000	6.790475856205229e-05	15052
chrX	37600000	37700000	0.0001245392054859745	49342
chrX	37700000	37800000	0.00016852356281272986	78306
chrX	37800000	37900000	0.000600852174883927	53127
chrX	37900000	38000000	0.00026342702795879023	11123
chrX	38000000	38100000	0.0002634454210626705	25187
chrX	38100000	38200000	0.0005695292181057897	33111
chrX	38200000	38300000	0.0009443642423981912	25710
chrX	38300000	38400000	0.0003437728365541749	39860
chrX	38400000	38500000	0.0	NA
chrX	38500000	38600000	0.0	NA
chrX	38600000	38700000	0.0	NA
chrX	38700000	38800000	0.0	NA
chrX	38800000	38900000	0.0	NA
chrX	38900000	39000000	0.0	NA
chrX	39000000	39100000	0.0	NA
chrX	39100000	39200000	0.0	NA
chrX	39200000	39300000	0.0	NA
chrX	39300000	39400000	0.0	NA
chrX	39400000	39500000	0.0	NA
chrX	39500000	39600000	0.0	NA
chrX	39600000	39700000	0.0	NA
chrX	39700000	39800000	0.0	NA
chrX	39800000	39900000	0.0	NA
chrX	39900000	40000000	0.0	NA
chrX	40000000	40100000	0.0	NA
chrX	40100000	40200000	0.0	NA
chrX	40200000	40300000	0.0	NA
chrX	40300000	40400000	0.0	NA
chrX	40400000	40500000	0.0	NA
chrX	40500000	40600000	0.0	NA
chrX	40600000	40700000	0.0	NA
chrX	40700000	40800000	0.0	NA
chrX	40800000	40900000	0.0	NA
chrX	40900000	41000000	0.0	NA
chrX	41000000	41100000	0.0	NA
chrX	41100000	41200000	0.0	NA
chrX	41200000	41300000	0.0008436834879249009	12017
chrX	41300000	41400000	0.00048085033662388844	25399
chrX	41400000	41500000	0.0	NA
chrX	41500000	41600000	0.0	NA
chrX	41600000	41700000	0.0	NA
chrX	41700000	41800000	5.290442809575225e-05	14731
chrX	41800000	41900000	0.0003123930738127822	80598
chrX	41900000	42000000	0.00045789021637501423	88976
chrX	42000000	42100000	0.00026600547721852266	79880
chrX	42100000	42200000	0.00015007062266504025	79572
chrX	42200000	42300000	0.0001159459311890333	80006
chrX	42300000	42400000	0.00017708365807402257	83348
chrX	42400000	42500000	0.00020509827234028178	81275
chrX	42500000	42600000	0.0006334247542576503	79932
chrX	42600000	42700000	0.0006620795771075762	81058
chrX	42700000	42800000	0.0005344742689830853	79569
chrX	42800000	42900000	0.0006570466630663062	84428
chrX	42900000	43000000	0.0004486533574847719	89394
chrX	43000000	43100000	0.0001822959324111868	44692
chrX	43100000	43200000	0.00018880165171459768	76557
chrX	43200000	43300000	0.00021091817559542355	86165
chrX	43300000	43400000	0.00028615997660070235	85402
chrX	43400000	43500000	0.0004902008488972363	77829
chrX	43500000	43600000	0.0005334359107944015	9768
chrX	43600000	43700000	0.00039832841143831315	17236
chrX	43700000	43800000	5.295881896901044e-05	48087
chrX	43800000	43900000	0.0003658150379122279	61576
chrX	43900000	44000000	0.00033522950943692015	82612
chrX	44000000	44100000	0.00030108815014475397	6075
chrX	44100000	44200000	0.0	NA
chrX	44200000	44300000	0.0005873452154462194	68152
chrX	44300000	44400000	0.0004628201057709037	50725
chrX	44400000	44500000	0.0006053622626346991	45746
chrX	44500000	44600000	0.0002740264551972715	61365
chrX	44600000	44700000	0.00036837677178818556	47804
chrX	44700000	44800000	0.00016287172865583386	18821
chrX	44800000	44900000	0.0	NA
chrX	44900000	45000000	0.00014833409075354584	21963
chrX	45000000	45100000	0.0005961310496419846	38914
chrX	45100000	45200000	0.0002400862159653823	85322
chrX	45200000	45300000	6.13154950415952e-05	85326
chrX	45300000	45400000	0.00021939737221236724	61223
chrX	45400000	45500000	0.0001577652837615941	84098
chrX	45500000	45600000	0.0005297106081738548	76303
chrX	45600000	45700000	0.00041200149390187486	84474
chrX	45700000	45800000	0.000243147351219607	74446
chrX	45800000	45900000	0.000536863834464429	78444
chrX	45900000	46000000	0.00022504886066766658	21486
chrX	46000000	46100000	0.0	NA
chrX	46100000	46200000	0.0	NA
chrX	46200000	46300000	0.0	NA
chrX	46300000	46400000	0.0	NA
chrX	46400000	46500000	0.0	NA
chrX	46500000	46600000	0.0	NA
chrX	46600000	46700000	0.0	NA
chrX	46700000	46800000	0.0	NA
chrX	46800000	46900000	0.0	NA
chrX	46900000	47000000	0.0	NA
chrX	47000000	47100000	0.0	NA
chrX	47100000	47200000	0.0	NA
chrX	47200000	47300000	0.0	NA
chrX	47300000	47400000	0.0	NA
chrX	47400000	47500000	0.0	NA
chrX	47500000	47600000	0.0	NA
chrX	47600000	47700000	0.0	NA
chrX	47700000	47800000	0.0	NA
chrX	47800000	47900000	0.0	NA
chrX	47900000	48000000	0.0	NA
chrX	48000000	48100000	0.0	NA
chrX	48100000	48200000	0.0	NA
chrX	48200000	48300000	0.0	NA
chrX	48300000	48400000	0.0	NA
chrX	48400000	48500000	0.0	NA
chrX	48500000	48600000	0.0	NA
chrX	48600000	48700000	0.0	NA
chrX	48700000	48800000	0.0	NA
chrX	48800000	48900000	0.0	NA
chrX	48900000	49000000	0.0	NA
chrX	49000000	49100000	0.0	NA
chrX	49100000	49200000	0.0	NA
chrX	49200000	49300000	0.0	NA
chrX	49300000	49400000	0.0	NA
chrX	49400000	49500000	0.0	NA
chrX	49500000	49600000	0.0	NA
chrX	49600000	49700000	0.0	NA
chrX	49700000	49800000	0.0	NA
chrX	49800000	49900000	0.0	NA
chrX	49900000	50000000	0.0	NA
chrX	50000000	50100000	0.0	NA
chrX	50100000	50200000	0.0	NA
chrX	50200000	50300000	0.0	NA
chrX	50300000	50400000	0.0	NA
chrX	50400000	50500000	0.0	NA
chrX	50500000	50600000	0.0	NA
chrX	50600000	50700000	0.0	NA
chrX	50700000	50800000	0.0	NA
chrX	50800000	50900000	0.0	NA
chrX	50900000	51000000	0.0	NA
chrX	51000000	51100000	0.0	NA
chrX	51100000	51200000	0.0	NA
chrX	51200000	51300000	0.0	NA
chrX	51300000	51400000	0.0	NA
chrX	51400000	51500000	0.0	NA
chrX	51500000	51600000	0.0	NA
chrX	51600000	51700000	0.0	NA
chrX	51700000	51800000	0.0	NA
chrX	51800000	51900000	0.0	NA
chrX	51900000	52000000	0.0	NA
chrX	52000000	52100000	0.0	NA
chrX	52100000	52200000	0.0	NA
chrX	52200000	52300000	0.0	NA
chrX	52300000	52400000	0.0	NA
chrX	52400000	52500000	0.0	NA
chrX	52500000	52600000	0.0	NA
chrX	52600000	52700000	0.0	NA
chrX	52700000	52800000	0.0	NA
chrX	52800000	52900000	0.0	NA
chrX	52900000	53000000	0.0	NA
chrX	53000000	53100000	0.0	NA
chrX	53100000	53200000	0.0	NA
chrX	53200000	53300000	0.0	NA
chrX	53300000	53400000	0.0	NA
chrX	53400000	53500000	0.0	NA
chrX	53500000	53600000	0.0	NA
chrX	53600000	53700000	0.0	NA
chrX	53700000	53800000	0.0	NA
chrX	53800000	53900000	0.0	NA
chrX	53900000	54000000	0.0	NA
chrX	54000000	54100000	0.0	NA
chrX	54100000	54200000	0.0	NA
chrX	54200000	54300000	0.0	NA
chrX	54300000	54400000	0.0	NA
chrX	54400000	54500000	0.0	NA
chrX	54500000	54600000	0.0	NA
chrX	54600000	54700000	0.0	NA
chrX	54700000	54800000	0.0	NA
chrX	54800000	54900000	0.0	NA
chrX	54900000	55000000	0.0	NA
chrX	55000000	55100000	0.0	NA
chrX	55100000	55200000	0.0	NA
chrX	55200000	55300000	0.0	NA
chrX	55300000	55400000	0.0	NA
chrX	55400000	55500000	0.0	NA
chrX	55500000	55600000	0.0	NA
chrX	55600000	55700000	0.0	NA
chrX	55700000	55800000	0.0	NA
chrX	55800000	55900000	0.0	NA
chrX	55900000	56000000	0.0	NA
chrX	56000000	56100000	0.0	NA
chrX	56100000	56200000	0.0	NA
chrX	56200000	56300000	0.0	NA
chrX	56300000	56400000	0.0	NA
chrX	56400000	56500000	0.0	NA
chrX	56500000	56600000	0.0	NA
chrX	56600000	56700000	0.0	NA
chrX	56700000	56800000	0.0	NA
chrX	56800000	56900000	0.0	NA
chrX	56900000	57000000	0.0	NA
chrX	57000000	57100000	0.0	NA
chrX	57100000	57200000	0.0	NA
chrX	57200000	57300000	0.0	NA
chrX	57300000	57400000	0.0	NA
chrX	57400000	57500000	0.0	NA
chrX	57500000	57600000	0.0	NA
chrX	57600000	57700000	0.0	NA
chrX	57700000	57800000	0.0	NA
chrX	57800000	57900000	0.0	NA
chrX	57900000	58000000	0.0	NA
chrX	58000000	58100000	0.0	NA
chrX	58100000	58200000	0.0	NA
chrX	58200000	58300000	0.0	NA
chrX	58300000	58400000	0.0	NA
chrX	58400000	58500000	0.0	NA
chrX	58500000	58600000	0.0	NA
chrX	58600000	58700000	0.0	NA
chrX	58700000	58800000	0.0	NA
chrX	58800000	58900000	0.0	NA
chrX	58900000	59000000	0.0	NA
chrX	59000000	59100000	0.0	NA
chrX	59100000	59200000	0.0	NA
chrX	59200000	59300000	0.0	NA
chrX	59300000	59400000	0.0	NA
chrX	59400000	59500000	0.0	NA
chrX	59500000	59600000	0.0	NA
chrX	59600000	59700000	0.0	NA
chrX	59700000	59800000	0.0	NA
chrX	59800000	59900000	0.0	NA
chrX	59900000	60000000	0.0	NA
chrX	60000000	60100000	0.0	NA
chrX	60100000	60200000	0.0	NA
chrX	60200000	60300000	0.0	NA
chrX	60300000	60400000	0.0	NA
chrX	60400000	60500000	0.0	NA
chrX	60500000	60600000	0.0	NA
chrX	60600000	60700000	0.0	NA
chrX	60700000	60800000	0.0	NA
chrX	60800000	60900000	0.0	NA
chrX	60900000	61000000	0.0	NA
chrX	61000000	61100000	0.0	NA
chrX	61100000	61200000	0.0	NA
chrX	61200000	61300000	0.0	NA
chrX	61300000	61400000	0.0	NA
chrX	61400000	61500000	0.0	NA
chrX	61500000	61600000	0.0	NA
chrX	61600000	61700000	0.0	NA
chrX	61700000	61800000	0.0	NA
chrX	61800000	61900000	0.0	NA
chrX	61900000	62000000	0.0	NA
chrX	62000000	62100000	0.0	NA
chrX	62100000	62200000	0.0	NA
chrX	62200000	62300000	0.0	NA
chrX	62300000	62400000	0.0	NA
chrX	62400000	62500000	0.0	NA
chrX	62500000	62600000	0.0	NA
chrX	62600000	62700000	0.0	NA
chrX	62700000	62800000	0.0	NA
chrX	62800000	62900000	0.0	NA
chrX	62900000	63000000	0.0	NA
chrX	63000000	63100000	0.0	NA
chrX	63100000	63200000	0.0	NA
chrX	63200000	63300000	0.0	NA
chrX	63300000	63400000	0.0	NA
chrX	63400000	63500000	0.0	NA
chrX	63500000	63600000	0.0	NA
chrX	63600000	63700000	0.0	NA
chrX	63700000	63800000	0.0	NA
chrX	63800000	63900000	0.0	NA
chrX	63900000	64000000	0.0	NA
chrX	64000000	64100000	0.0	NA
chrX	64100000	64200000	0.0	NA
chrX	64200000	64300000	0.0	NA
chrX	64300000	64400000	0.0	NA
chrX	64400000	64500000	0.0	NA
chrX	64500000	64600000	0.0	NA
chrX	64600000	64700000	0.0	NA
chrX	64700000	64800000	0.0	NA
chrX	64800000	64900000	0.0	NA
chrX	64900000	65000000	0.0	NA
chrX	65000000	65100000	0.0	NA
chrX	65100000	65200000	0.0	NA
chrX	65200000	65300000	0.0	NA
chrX	65300000	65400000	0.0	NA
chrX	65400000	65500000	0.0	NA
chrX	65500000	65600000	0.0	NA
chrX	65600000	65700000	0.0	NA
chrX	65700000	65800000	0.0	NA
chrX	65800000	65900000	0.0	NA
chrX	65900000	66000000	0.0	NA
chrX	66000000	66100000	0.0	NA
chrX	66100000	66200000	0.0	NA
chrX	66200000	66300000	0.0	NA
chrX	66300000	66400000	0.0	NA
chrX	66400000	66500000	0.0	NA
chrX	66500000	66600000	0.0	NA
chrX	66600000	66700000	0.0	NA
chrX	66700000	66800000	0.0	NA
chrX	66800000	66900000	0.0	NA
chrX	66900000	67000000	0.0	NA
chrX	67000000	67100000	0.0	NA
chrX	67100000	67200000	0.0	NA
chrX	67200000	67300000	0.0	NA
chrX	67300000	67400000	0.0	NA
chrX	67400000	67500000	0.0	NA
chrX	67500000	67600000	0.0	NA
chrX	67600000	67700000	0.0	NA
chrX	67700000	67800000	0.0	NA
chrX	67800000	67900000	0.0	NA
chrX	67900000	68000000	0.0	NA
chrX	68000000	68100000	0.0	NA
chrX	68100000	68200000	0.0	NA
chrX	68200000	68300000	0.0	NA
chrX	68300000	68400000	0.0	NA
chrX	68400000	68500000	0.0	NA
chrX	68500000	68600000	0.0	NA
chrX	68600000	68700000	0.0	NA
chrX	68700000	68800000	0.0	NA
chrX	68800000	68900000	0.0	NA
chrX	68900000	69000000	0.0	NA
chrX	69000000	69100000	0.0	NA
chrX	69100000	69200000	0.0	NA
chrX	69200000	69300000	0.0	NA
chrX	69300000	69400000	0.0	NA
chrX	69400000	69500000	0.0	NA
chrX	69500000	69600000	0.0	NA
chrX	69600000	69700000	0.0	NA
chrX	69700000	69800000	0.0	NA
chrX	69800000	69900000	0.0	NA
chrX	69900000	70000000	0.0	NA
chrX	70000000	70100000	0.0	NA
chrX	70100000	70200000	0.0	NA
chrX	70200000	70300000	0.0	NA
chrX	70300000	70400000	0.0	NA
chrX	70400000	70500000	0.0	NA
chrX	70500000	70600000	0.0	NA
chrX	70600000	70700000	0.0	NA
chrX	70700000	70800000	0.0	NA
chrX	70800000	70900000	0.0	NA
chrX	70900000	71000000	0.0	NA
chrX	71000000	71100000	0.0	NA
chrX	71100000	71200000	0.0	NA
chrX	71200000	71300000	0.0	NA
chrX	71300000	71400000	0.0	NA
chrX	71400000	71500000	0.0	NA
chrX	71500000	71600000	0.0	NA
chrX	71600000	71700000	0.0	NA
chrX	71700000	71800000	0.0	NA
chrX	71800000	71900000	0.0	NA
chrX	71900000	72000000	0.0	NA
chrX	72000000	72100000	0.0	NA
chrX	72100000	72200000	0.0	NA
chrX	72200000	72300000	0.0	NA
chrX	72300000	72400000	0.0	NA
chrX	72400000	72500000	0.0	NA
chrX	72500000	72600000	0.0	NA
chrX	72600000	72700000	0.0	NA
chrX	72700000	72800000	0.0	NA
chrX	72800000	72900000	0.0	NA
chrX	72900000	73000000	0.0	NA
chrX	73000000	73100000	0.0	NA
chrX	73100000	73200000	0.0	NA
chrX	73200000	73300000	0.0	NA
chrX	73300000	73400000	0.0	NA
chrX	73400000	73500000	0.0	NA
chrX	73500000	73600000	0.0	NA
chrX	73600000	73700000	0.0	NA
chrX	73700000	73800000	0.0	NA
chrX	73800000	73900000	0.0	NA
chrX	73900000	74000000	0.0	NA
chrX	74000000	74100000	0.0	NA
chrX	74100000	74200000	0.0	NA
chrX	74200000	74300000	0.0	NA
chrX	74300000	74400000	0.0	NA
chrX	74400000	74500000	0.0	NA
chrX	74500000	74600000	0.0	NA
chrX	74600000	74700000	0.0	NA
chrX	74700000	74800000	0.0	NA
chrX	74800000	74900000	0.0	NA
chrX	74900000	75000000	0.0	NA
chrX	75000000	75100000	0.0	NA
chrX	75100000	75200000	0.0	NA
chrX	75200000	75300000	0.0	NA
chrX	75300000	75400000	0.0	NA
chrX	75400000	75500000	0.0	NA
chrX	75500000	75600000	0.0	NA
chrX	75600000	75700000	0.0	NA
chrX	75700000	75800000	0.0	NA
chrX	75800000	75900000	0.0	NA
chrX	75900000	76000000	0.0	NA
chrX	76000000	76100000	0.0	NA
chrX	76100000	76200000	0.0	NA
chrX	76200000	76300000	0.0	NA
chrX	76300000	76400000	0.0	NA
chrX	76400000	76500000	0.0	NA
chrX	76500000	76600000	0.0	NA
chrX	76600000	76700000	0.0	NA
chrX	76700000	76800000	0.0	NA
chrX	76800000	76900000	0.0	NA
chrX	76900000	77000000	0.0	NA
chrX	77000000	77100000	0.0	NA
chrX	77100000	77200000	0.0	NA
chrX	77200000	77300000	0.0	NA
chrX	77300000	77400000	0.0	NA
chrX	77400000	77500000	0.0	NA
chrX	77500000	77600000	0.0	NA
chrX	77600000	77700000	0.0	NA
chrX	77700000	77800000	0.0	NA
chrX	77800000	77900000	0.0	NA
chrX	77900000	78000000	0.0004546226885635013	37998
chrX	78000000	78100000	0.000489386555710251	69973
chrX	78100000	78200000	0.00021898198719297608	76470
chrX	78200000	78300000	0.0003648769658564935	56319
chrX	78300000	78400000	0.0004578869595534059	79018
chrX	78400000	78500000	0.0006663179135920905	76906
chrX	78500000	78600000	0.0005498232400448818	80798
chrX	78600000	78700000	0.0004420306874724959	72185
chrX	78700000	78800000	0.0004360999629717294	72233
chrX	78800000	78900000	0.0005930180290749105	85322
chrX	78900000	79000000	0.0008960506741928603	71153
chrX	79000000	79100000	0.0005632592104886817	74574
chrX	79100000	79200000	0.0011704402071336065	68742
chrX	79200000	79300000	0.001548257211343927	57453
chrX	79300000	79400000	0.0006792841138935673	71543
chrX	79400000	79500000	0.0005585454703183713	56673
chrX	79500000	79600000	0.0	185
chrX	79600000	79700000	0.0	NA
chrX	79700000	79800000	0.000213940250629284	70979
chrX	79800000	79900000	0.00016337976277453755	69882
chrX	79900000	80000000	0.0002919516100043556	17079
chrX	80000000	80100000	0.000310502937260976	22051
chrX	80100000	80200000	0.0004219494353933946	64438
chrX	80200000	80300000	0.00046289782897685394	60867
chrX	80300000	80400000	0.0003881947264496308	49662
chrX	80400000	80500000	0.0	NA
chrX	80500000	80600000	0.0003418541238105814	32793
chrX	80600000	80700000	0.00041200706722917263	87081
chrX	80700000	80800000	0.000723783399479528	78084
chrX	80800000	80900000	0.0004274238831006348	82390
chrX	80900000	81000000	0.0003019056999491301	71089
chrX	81000000	81100000	0.00044222352770109647	65405
chrX	81100000	81200000	0.000415389727873573	81176
chrX	81200000	81300000	0.00022093691248372188	71634
chrX	81300000	81400000	0.0005553680496727359	84901
chrX	81400000	81500000	0.00013487841051663187	80220
chrX	81500000	81600000	0.00010031363136980942	87904
chrX	81600000	81700000	0.0003719081017278903	80926
chrX	81700000	81800000	0.0003317142600405806	75521
chrX	81800000	81900000	0.00035948517725082404	78503
chrX	81900000	82000000	0.00040839251946586837	79390
chrX	82000000	82100000	0.0007990889620674985	70360
chrX	82100000	82200000	0.000520072256065946	82185
chrX	82200000	82300000	0.0007841849457696243	80752
chrX	82300000	82400000	0.00029917165971394443	75059
chrX	82400000	82500000	0.000608384265631197	81344
chrX	82500000	82600000	0.00030304263742150284	77677
chrX	82600000	82700000	0.0003693110100733057	70306
chrX	82700000	82800000	0.00021384773980253523	86482
chrX	82800000	82900000	0.00031180486643268336	73797
chrX	82900000	83000000	0.00043608431905531786	65746
chrX	83000000	83100000	0.0003460108603960101	71216
chrX	83100000	83200000	0.00024958812174115695	61184
chrX	83200000	83300000	0.00047486235158427146	77716
chrX	83300000	83400000	0.0005204780660013971	10199
chrX	83400000	83500000	0.0006348307448561837	50376
chrX	83500000	83600000	0.0006222015649815949	55116
chrX	83600000	83700000	0.0	NA
chrX	83700000	83800000	0.0011469120267451006	35573
chrX	83800000	83900000	0.0006228236824983731	72500
chrX	83900000	84000000	0.00025118019047653764	82759
chrX	84000000	84100000	0.0008955317216068005	76378
chrX	84100000	84200000	0.0007278015570064323	62829
chrX	84200000	84300000	0.0007876634988237474	33244
chrX	84300000	84400000	0.0008302982211749803	26706
chrX	84400000	84500000	0.00040809090824270447	70104
chrX	84500000	84600000	0.0003177361541720726	3887
chrX	84600000	84700000	0.0008930033817657326	46655
chrX	84700000	84800000	0.000466397066569158	83194
chrX	84800000	84900000	0.0009241931938057249	74517
chrX	84900000	85000000	0.0009531562435056614	65222
chrX	85000000	85100000	0.000770503434370331	68020
chrX	85100000	85200000	0.0005201195830618121	12413
chrX	85200000	85300000	0.0	NA
chrX	85300000	85400000	0.00045822203988369134	70772
chrX	85400000	85500000	0.0004204626076016141	2548
chrX	85500000	85600000	0.0	NA
chrX	85600000	85700000	0.0	NA
chrX	85700000	85800000	0.0	NA
chrX	85800000	85900000	0.0	NA
chrX	85900000	86000000	0.0	NA
chrX	86000000	86100000	0.0006343797430555607	11229
chrX	86100000	86200000	0.0006739168232759431	76098
chrX	86200000	86300000	0.000720607400510146	73869
chrX	86300000	86400000	0.0006541642971231304	73342
chrX	86400000	86500000	0.0012060258956841478	79538
chrX	86500000	86600000	0.0008229809929150945	80524
chrX	86600000	86700000	0.0010017538731038071	80310
chrX	86700000	86800000	0.0007426727603085087	54161
chrX	86800000	86900000	0.0	NA
chrX	86900000	87000000	0.0007377654032285644	57181
chrX	87000000	87100000	0.0007856010791244656	71326
chrX	87100000	87200000	0.0007151610395211041	85549
chrX	87200000	87300000	0.0005606923192208424	77545
chrX	87300000	87400000	0.00048405476415779345	87214
chrX	87400000	87500000	0.0007068917960887279	82770
chrX	87500000	87600000	0.0007831530104093643	71770
chrX	87600000	87700000	0.0007621508509848266	84236
chrX	87700000	87800000	0.0017504798085260353	73486
chrX	87800000	87900000	0.0003983513314100917	82864
chrX	87900000	88000000	0.00015588270279761834	83275
chrX	88000000	88100000	0.0004992198487410802	63045
chrX	88100000	88200000	0.00035820805095544667	81860
chrX	88200000	88300000	0.0005971684744099844	83872
chrX	88300000	88400000	0.0005845546300882011	82143
chrX	88400000	88500000	0.0006103816444231998	47115
chrX	88500000	88600000	0.0002902757619738751	65
chrX	88600000	88700000	0.0003043213633597078	62
chrX	88700000	88800000	0.0	51
chrX	88800000	88900000	0.0006903678765860881	1265
chrX	88900000	89000000	0.0008429278440821128	9301
chrX	89000000	89100000	0.0	599
chrX	89100000	89200000	0.0	33
chrX	89200000	89300000	0.0006073771058965576	34332
chrX	89300000	89400000	0.0006396931174940908	41558
chrX	89400000	89500000	2.2014158579886642e-05	3412
chrX	89500000	89600000	7.921067736402943e-05	1833
chrX	89600000	89700000	0.0010183854762079562	514
chrX	89700000	89800000	0.0010786501656860758	372
chrX	89800000	89900000	0.00042027454426376263	4368
chrX	89900000	90000000	0.00029200359389038635	1360
chrX	90000000	90100000	0.0	782
chrX	90100000	90200000	0.00047619400007306193	7649
chrX	90200000	90300000	0.0007021596733237888	6996
chrX	90300000	90400000	0.0008662438393334318	77222
chrX	90400000	90500000	0.00016393184218407657	228
chrX	90500000	90600000	0.0009326935661903823	66546
chrX	90600000	90700000	0.0005377417444711502	62942
chrX	90700000	90800000	0.0009312523872978105	30386
chrX	90800000	90900000	0.00034522724008590605	1345
chrX	90900000	91000000	0.0011601720872408238	17357
chrX	91000000	91100000	0.0031824159797908774	276
chrX	91100000	91200000	0.0	NA
chrX	91200000	91300000	0.0	NA
chrX	91300000	91400000	0.0	NA
chrX	91400000	91500000	0.0	NA
chrX	91500000	91600000	0.0	NA
chrX	91600000	91700000	0.0	NA
chrX	91700000	91800000	0.0	NA
chrX	91800000	91900000	0.0005643184364358368	648
chrX	91900000	92000000	0.0	250
chrX	92000000	92100000	0.0021825728120602058	226
chrX	92100000	92200000	0.0007335078241813767	4282
chrX	92200000	92300000	2.2016247991017367e-05	857
chrX	92300000	92400000	0.0005804599842419426	21631
chrX	92400000	92500000	0.0005615122671545334	82097
chrX	92500000	92600000	0.0010140256392509148	80729
chrX	92600000	92700000	0.0005268706745402508	82484
chrX	92700000	92800000	0.0008762126892169386	84326
chrX	92800000	92900000	0.0006737763153312993	77046
chrX	92900000	93000000	0.0003989349586391132	49011
chrX	93000000	93100000	0.0002928385191247368	90770
chrX	93100000	93200000	0.0005420290728204055	79369
chrX	93200000	93300000	0.00034512571595916527	81587
chrX	93300000	93400000	0.0006350932043892611	82176
chrX	93400000	93500000	0.0006074781834037959	84111
chrX	93500000	93600000	0.0006825863127969637	82435
chrX	93600000	93700000	0.0006477402543100543	86640
chrX	93700000	93800000	0.00062136548750224	79207
chrX	93800000	93900000	0.00017725150472924078	83504
chrX	93900000	94000000	0.0002389307002465758	79081
chrX	94000000	94100000	0.00041808661132282913	68599
chrX	94100000	94200000	0.0005766884344249281	81259
chrX	94200000	94300000	0.0006749275788010204	82929
chrX	94300000	94400000	0.0007897672145790012	79103
chrX	94400000	94500000	0.0008273311829907128	80136
chrX	94500000	94600000	0.00014584870593185146	80477
chrX	94600000	94700000	7.568493870364441e-05	83628
chrX	94700000	94800000	7.20341097477809e-05	85075
chrX	94800000	94900000	0.00015391038660794078	76229
chrX	94900000	95000000	9.276691796627165e-05	86842
chrX	95000000	95100000	0.0003868269989163363	78596
chrX	95100000	95200000	0.0006889250093552701	82344
chrX	95200000	95300000	0.0005879672162956774	79875
chrX	95300000	95400000	0.0004663757997328576	73828
chrX	95400000	95500000	0.00027196654090671634	76776
chrX	95500000	95600000	0.0005783419305218804	66411
chrX	95600000	95700000	0.0004821209411311429	80332
chrX	95700000	95800000	0.0006492179503986345	72601
chrX	95800000	95900000	0.0005599988532184005	65373
chrX	95900000	96000000	0.0005730650782972887	29983
chrX	96000000	96100000	0.0	NA
chrX	96100000	96200000	0.0	NA
chrX	96200000	96300000	0.0	NA
chrX	96300000	96400000	0.0	NA
chrX	96400000	96500000	0.0	NA
chrX	96500000	96600000	0.0	NA
chrX	96600000	96700000	0.0	NA
chrX	96700000	96800000	0.0	NA
chrX	96800000	96900000	7.383625988092292e-05	39876
chrX	96900000	97000000	0.0002831539546992922	83338
chrX	97000000	97100000	0.00035471958435535005	82586
chrX	97100000	97200000	0.000258231898117461	80776
chrX	97200000	97300000	7.205733999284279e-05	85277
chrX	97300000	97400000	9.689141470647793e-05	81899
chrX	97400000	97500000	0.00012777160259326483	80460
chrX	97500000	97600000	0.00014266460409675661	79157
chrX	97600000	97700000	0.00031594803882764404	75053
chrX	97700000	97800000	0.00030827347491437835	83246
chrX	97800000	97900000	0.0005401430185400818	79038
chrX	97900000	98000000	0.0004483657556074731	74310
chrX	98000000	98100000	0.00033910139007099	85181
chrX	98100000	98200000	0.0003537331819068353	79778
chrX	98200000	98300000	0.00023832221591478574	89955
chrX	98300000	98400000	0.0001170875686864552	86195
chrX	98400000	98500000	9.468506579999915e-05	78522
chrX	98500000	98600000	0.00010267557802427946	80628
chrX	98600000	98700000	9.94378432183529e-05	86591
chrX	98700000	98800000	0.00012121711356788975	15641
chrX	98800000	98900000	0.0	NA
chrX	98900000	99000000	0.0	NA
chrX	99000000	99100000	0.0	NA
chrX	99100000	99200000	0.00010697842959076977	3687
chrX	99200000	99300000	0.00021632327008961979	88148
chrX	99300000	99400000	0.00012104239317938663	74942
chrX	99400000	99500000	7.49736338321163e-05	42883
chrX	99500000	99600000	0.0	NA
chrX	99600000	99700000	0.0	NA
chrX	99700000	99800000	0.0	NA
chrX	99800000	99900000	0.0	NA
chrX	99900000	100000000	0.0	NA
chrX	100000000	100100000	0.0	NA
chrX	100100000	100200000	0.0	NA
chrX	100200000	100300000	0.0	NA
chrX	100300000	100400000	0.0	NA
chrX	100400000	100500000	0.0	NA
chrX	100500000	100600000	0.0	NA
chrX	100600000	100700000	0.0	NA
chrX	100700000	100800000	0.0	NA
chrX	100800000	100900000	0.0	NA
chrX	100900000	101000000	0.0	NA
chrX	101000000	101100000	0.0	NA
chrX	101100000	101200000	0.0	NA
chrX	101200000	101300000	0.0	NA
chrX	101300000	101400000	0.0	NA
chrX	101400000	101500000	0.0	NA
chrX	101500000	101600000	0.0	NA
chrX	101600000	101700000	0.0	NA
chrX	101700000	101800000	0.0	NA
chrX	101800000	101900000	0.0	NA
chrX	101900000	102000000	0.0	NA
chrX	102000000	102100000	0.0	NA
chrX	102100000	102200000	0.0	NA
chrX	102200000	102300000	0.0	NA
chrX	102300000	102400000	0.0	NA
chrX	102400000	102500000	0.0	NA
chrX	102500000	102600000	0.0	NA
chrX	102600000	102700000	0.0	NA
chrX	102700000	102800000	0.0	NA
chrX	102800000	102900000	0.0	NA
chrX	102900000	103000000	0.0	NA
chrX	103000000	103100000	0.0	NA
chrX	103100000	103200000	0.0	NA
chrX	103200000	103300000	0.0	NA
chrX	103300000	103400000	0.0	NA
chrX	103400000	103500000	0.0	NA
chrX	103500000	103600000	0.0	NA
chrX	103600000	103700000	0.0	NA
chrX	103700000	103800000	0.0	NA
chrX	103800000	103900000	0.0	NA
chrX	103900000	104000000	0.0	NA
chrX	104000000	104100000	0.0	NA
chrX	104100000	104200000	0.0	NA
chrX	104200000	104300000	0.0	NA
chrX	104300000	104400000	0.0	NA
chrX	104400000	104500000	0.0	NA
chrX	104500000	104600000	0.0	NA
chrX	104600000	104700000	0.0	NA
chrX	104700000	104800000	0.0	NA
chrX	104800000	104900000	0.0	NA
chrX	104900000	105000000	0.0	NA
chrX	105000000	105100000	0.0	NA
chrX	105100000	105200000	0.0	NA
chrX	105200000	105300000	0.0	NA
chrX	105300000	105400000	0.0	NA
chrX	105400000	105500000	0.0	NA
chrX	105500000	105600000	0.0	NA
chrX	105600000	105700000	0.0	NA
chrX	105700000	105800000	0.0	NA
chrX	105800000	105900000	0.0	NA
chrX	105900000	106000000	0.0	NA
chrX	106000000	106100000	0.0	NA
chrX	106100000	106200000	0.0	NA
chrX	106200000	106300000	0.0	NA
chrX	106300000	106400000	0.0	NA
chrX	106400000	106500000	0.0	NA
chrX	106500000	106600000	0.0	NA
chrX	106600000	106700000	0.0	NA
chrX	106700000	106800000	0.0	NA
chrX	106800000	106900000	0.0	NA
chrX	106900000	107000000	0.0	NA
chrX	107000000	107100000	0.0	NA
chrX	107100000	107200000	0.0	NA
chrX	107200000	107300000	0.0	NA
chrX	107300000	107400000	0.0	NA
chrX	107400000	107500000	0.0	NA
chrX	107500000	107600000	0.0	NA
chrX	107600000	107700000	0.0	NA
chrX	107700000	107800000	0.0	NA
chrX	107800000	107900000	0.0	NA
chrX	107900000	108000000	0.0	NA
chrX	108000000	108100000	0.0	NA
chrX	108100000	108200000	0.0	NA
chrX	108200000	108300000	0.0	NA
chrX	108300000	108400000	0.0	NA
chrX	108400000	108500000	0.0	NA
chrX	108500000	108600000	0.0	NA
chrX	108600000	108700000	0.0	NA
chrX	108700000	108800000	0.0	NA
chrX	108800000	108900000	0.0	NA
chrX	108900000	109000000	0.0	NA
chrX	109000000	109100000	0.0	NA
chrX	109100000	109200000	0.0	NA
chrX	109200000	109300000	0.0	NA
chrX	109300000	109400000	0.0	NA
chrX	109400000	109500000	0.0	NA
chrX	109500000	109600000	0.0	NA
chrX	109600000	109700000	0.0	NA
chrX	109700000	109800000	0.0	NA
chrX	109800000	109900000	0.0	NA
chrX	109900000	110000000	0.0	NA
chrX	110000000	110100000	0.0	NA
chrX	110100000	110200000	0.0	NA
chrX	110200000	110300000	0.0	NA
chrX	110300000	110400000	0.0	NA
chrX	110400000	110500000	0.0	NA
chrX	110500000	110600000	0.0	NA
chrX	110600000	110700000	0.0	NA
chrX	110700000	110800000	0.0	NA
chrX	110800000	110900000	0.0	NA
chrX	110900000	111000000	0.0	NA
chrX	111000000	111100000	0.0	NA
chrX	111100000	111200000	0.0	NA
chrX	111200000	111300000	0.0	NA
chrX	111300000	111400000	0.0	NA
chrX	111400000	111500000	0.0	NA
chrX	111500000	111600000	0.0	NA
chrX	111600000	111700000	0.0	NA
chrX	111700000	111800000	0.00039617197399058443	67021
chrX	111800000	111900000	0.00033870267131543805	50947
chrX	111900000	112000000	5.323587956478578e-05	57531
chrX	112000000	112100000	0.0003510226317517315	28931
chrX	112100000	112200000	0.0004976726277956607	71251
chrX	112200000	112300000	0.0005364682153354941	68433
chrX	112300000	112400000	0.0	NA
chrX	112400000	112500000	0.0	NA
chrX	112500000	112600000	0.0	NA
chrX	112600000	112700000	0.0	NA
chrX	112700000	112800000	0.0005345014308523301	29177
chrX	112800000	112900000	0.00025783445354341173	48656
chrX	112900000	113000000	0.0	NA
chrX	113000000	113100000	0.0	NA
chrX	113100000	113200000	0.00021582210797542882	16190
chrX	113200000	113300000	0.0004623126254406536	73176
chrX	113300000	113400000	0.00022408698728722118	76626
chrX	113400000	113500000	0.00021673755790956612	84368
chrX	113500000	113600000	0.0002779256498833601	40927
chrX	113600000	113700000	0.0006383397272353305	83221
chrX	113700000	113800000	0.000251728295327097	71662
chrX	113800000	113900000	0.00032475492870241143	16058
chrX	113900000	114000000	0.0	NA
chrX	114000000	114100000	0.0	NA
chrX	114100000	114200000	7.130721149861378e-05	41507
chrX	114200000	114300000	9.87036007137611e-05	72922
chrX	114300000	114400000	0.00015712846992989678	31462
chrX	114400000	114500000	0.00015154358680052185	23784
chrX	114500000	114600000	0.00027494669807746414	67241
chrX	114600000	114700000	0.00030174524542179066	82924
chrX	114700000	114800000	0.00029875880783145097	38538
chrX	114800000	114900000	0.0003064514215389661	8330
chrX	114900000	115000000	0.0003222368070093743	26510
chrX	115000000	115100000	0.0005503001036345632	12512
chrX	115100000	115200000	0.0002401792307703056	65562
chrX	115200000	115300000	0.0003476251488555061	69242
chrX	115300000	115400000	0.0008948662584352123	71602
chrX	115400000	115500000	0.0007064805473153734	80908
chrX	115500000	115600000	0.0005597656487818112	64329
chrX	115600000	115700000	0.0011866801584461436	61160
chrX	115700000	115800000	0.000824089655005199	52435
chrX	115800000	115900000	0.0006520102737980297	74698
chrX	115900000	116000000	0.0007422109366032759	73119
chrX	116000000	116100000	0.0008044652611742234	76196
chrX	116100000	116200000	0.0006762966995962023	81446
chrX	116200000	116300000	0.0008198036887647039	78640
chrX	116300000	116400000	0.0007021348073437808	71475
chrX	116400000	116500000	0.0008218000124023919	70502
chrX	116500000	116600000	0.0014360109014027011	70238
chrX	116600000	116700000	0.0008872184392326848	74390
chrX	116700000	116800000	0.0003185144848823884	74679
chrX	116800000	116900000	0.0010350002896746867	73773
chrX	116900000	117000000	0.0005891352236397992	74148
chrX	117000000	117100000	0.0004551746179801697	22332
chrX	117100000	117200000	0.0	NA
chrX	117200000	117300000	3.641812487809313e-05	40347
chrX	117300000	117400000	0.000665404894686769	77294
chrX	117400000	117500000	0.0007867885519215001	49773
chrX	117500000	117600000	0.0007570631009026731	10631
chrX	117600000	117700000	0.0005203700917839593	14298
chrX	117700000	117800000	0.0	NA
chrX	117800000	117900000	0.00036277469442864193	26803
chrX	117900000	118000000	0.0005744016824927724	29815
chrX	118000000	118100000	0.0005333129905575608	53000
chrX	118100000	118200000	0.0003720555644567833	39921
chrX	118200000	118300000	0.0004260187766445081	21133
chrX	118300000	118400000	0.0003133982233912005	72783
chrX	118400000	118500000	9.356158862273026e-05	44581
chrX	118500000	118600000	0.000557276346730523	26471
chrX	118600000	118700000	0.0005852759065731731	40897
chrX	118700000	118800000	0.00030955162149208396	13229
chrX	118800000	118900000	0.0009186795810103459	36878
chrX	118900000	119000000	0.000427889798025848	35385
chrX	119000000	119100000	0.00046000624900126004	25144
chrX	119100000	119200000	0.0005162767145441078	48826
chrX	119200000	119300000	0.00018516014770621	1874
chrX	119300000	119400000	0.00019467939984561128	36215
chrX	119400000	119500000	0.0004637921917051463	38344
chrX	119500000	119600000	0.0007241427452592398	28773
chrX	119600000	119700000	0.00035234287918392164	36035
chrX	119700000	119800000	0.0003588922354327133	44851
chrX	119800000	119900000	0.0008092200173660459	78262
chrX	119900000	120000000	0.00035082314167879673	65493
chrX	120000000	120100000	0.00014677485213998964	4678
chrX	120100000	120200000	0.00024846996731999393	61988
chrX	120200000	120300000	0.0003778799413048125	78949
chrX	120300000	120400000	0.0007662524886780913	78196
chrX	120400000	120500000	0.0008854528562039714	77432
chrX	120500000	120600000	0.0007501275602058332	77204
chrX	120600000	120700000	0.0002505932280919594	79432
chrX	120700000	120800000	0.00013565540038890518	88678
chrX	120800000	120900000	0.0003150540287698949	80903
chrX	120900000	121000000	0.0003782776661312437	79332
chrX	121000000	121100000	0.0005987980119409955	83464
chrX	121100000	121200000	0.0003359171827826861	79903
chrX	121200000	121300000	0.00025090769601137075	75811
chrX	121300000	121400000	0.0003204518033628544	74375
chrX	121400000	121500000	0.0003221254554355577	77267
chrX	121500000	121600000	0.0005977390456711659	81218
chrX	121600000	121700000	0.0005737604344347209	71563
chrX	121700000	121800000	0.00032901440863448316	84243
chrX	121800000	121900000	0.0006400022698744678	77265
chrX	121900000	122000000	0.0006601930160227454	85213
chrX	122000000	122100000	0.0005082994644339677	82171
chrX	122100000	122200000	0.0007810664122406346	76885
chrX	122200000	122300000	0.0009547602050612528	82119
chrX	122300000	122400000	0.0006350265876997813	17186
chrX	122400000	122500000	0.0	NA
chrX	122500000	122600000	0.0	NA
chrX	122600000	122700000	0.0004626552390230916	57093
chrX	122700000	122800000	0.00011944176928819315	21285
chrX	122800000	122900000	0.00016315547151931278	16884
chrX	122900000	123000000	0.00042845457430901814	37929
chrX	123000000	123100000	0.0005633298550094092	21411
chrX	123100000	123200000	0.0	NA
chrX	123200000	123300000	0.0006929478663904644	38450
chrX	123300000	123400000	0.0006994664646493383	74654
chrX	123400000	123500000	0.0003388184140968685	65027
chrX	123500000	123600000	0.00020377578076536692	2455
chrX	123600000	123700000	0.0	NA
chrX	123700000	123800000	0.0	NA
chrX	123800000	123900000	0.0	NA
chrX	123900000	124000000	0.0	NA
chrX	124000000	124100000	0.0001386823235121622	1941
chrX	124100000	124200000	0.00026686262389206115	80385
chrX	124200000	124300000	0.0003555949117685732	87713
chrX	124300000	124400000	0.00016037054229121748	86602
chrX	124400000	124500000	0.00037451608512657124	75313
chrX	124500000	124600000	0.0005855739951268357	77644
chrX	124600000	124700000	0.0005021667402381569	78830
chrX	124700000	124800000	0.0003979521322791588	79090
chrX	124800000	124900000	0.00016958636968011096	84335
chrX	124900000	125000000	0.0001510377948481953	77285
chrX	125000000	125100000	0.0002723254188809252	77400
chrX	125100000	125200000	0.0004844598050802452	82061
chrX	125200000	125300000	0.0008966521636225006	68702
chrX	125300000	125400000	0.0005251401139715037	72324
chrX	125400000	125500000	0.0005925999231359579	76372
chrX	125500000	125600000	0.0005738383093784561	73295
chrX	125600000	125700000	0.0007159044558376211	78103
chrX	125700000	125800000	0.00045227035608093666	84456
chrX	125800000	125900000	0.00044903331097935543	84984
chrX	125900000	126000000	0.0003913462765814862	76090
chrX	126000000	126100000	0.00036564484829171225	69628
chrX	126100000	126200000	0.0001646276249180901	82209
chrX	126200000	126300000	0.0002785176015334277	75685
chrX	126300000	126400000	0.000528521730871247	66387
chrX	126400000	126500000	0.00012450504450884153	78716
chrX	126500000	126600000	7.172194355210178e-05	80933
chrX	126600000	126700000	0.00011353012088138649	77666
chrX	126700000	126800000	0.00011292093368040282	77423
chrX	126800000	126900000	9.828886537562037e-05	88719
chrX	126900000	127000000	0.00017170547477451042	71594
chrX	127000000	127100000	9.21136396923939e-05	86740
chrX	127100000	127200000	0.00013255599535027965	82489
chrX	127200000	127300000	0.00011554105979631896	81487
chrX	127300000	127400000	0.00013121902376522313	78164
chrX	127400000	127500000	0.00010174508745265263	86911
chrX	127500000	127600000	0.00013026097382571643	76013
chrX	127600000	127700000	0.0001017086624513627	83845
chrX	127700000	127800000	0.00027808374475617723	82895
chrX	127800000	127900000	0.0004500493565865041	72823
chrX	127900000	128000000	0.00037023829285486265	71949
chrX	128000000	128100000	0.00030678729083604924	82544
chrX	128100000	128200000	0.0001811945050178464	76311
chrX	128200000	128300000	0.00024091643247162037	28145
chrX	128300000	128400000	0.0	NA
chrX	128400000	128500000	0.0	NA
chrX	128500000	128600000	0.0	NA
chrX	128600000	128700000	0.0	NA
chrX	128700000	128800000	0.0	NA
chrX	128800000	128900000	0.0	NA
chrX	128900000	129000000	0.0	NA
chrX	129000000	129100000	0.0	NA
chrX	129100000	129200000	0.0	NA
chrX	129200000	129300000	0.0	NA
chrX	129300000	129400000	0.0	NA
chrX	129400000	129500000	0.0	NA
chrX	129500000	129600000	0.0	NA
chrX	129600000	129700000	0.0	NA
chrX	129700000	129800000	0.0	NA
chrX	129800000	129900000	0.0	NA
chrX	129900000	130000000	0.0	NA
chrX	130000000	130100000	0.0	NA
chrX	130100000	130200000	0.0	NA
chrX	130200000	130300000	0.0	NA
chrX	130300000	130400000	0.0	NA
chrX	130400000	130500000	0.0	NA
chrX	130500000	130600000	0.0	NA
chrX	130600000	130700000	0.0	NA
chrX	130700000	130800000	0.0	NA
chrX	130800000	130900000	0.0	NA
chrX	130900000	131000000	0.0	NA
chrX	131000000	131100000	0.0	NA
chrX	131100000	131200000	0.0	NA
chrX	131200000	131300000	0.0	NA
chrX	131300000	131400000	0.0	NA
chrX	131400000	131500000	0.0	NA
chrX	131500000	131600000	0.0	NA
chrX	131600000	131700000	0.0	NA
chrX	131700000	131800000	0.0	NA
chrX	131800000	131900000	0.0	NA
chrX	131900000	132000000	0.0	NA
chrX	132000000	132100000	0.0	NA
chrX	132100000	132200000	0.0	NA
chrX	132200000	132300000	0.0	NA
chrX	132300000	132400000	0.0	NA
chrX	132400000	132500000	0.0	NA
chrX	132500000	132600000	0.0	NA
chrX	132600000	132700000	0.0	NA
chrX	132700000	132800000	0.0	NA
chrX	132800000	132900000	0.0	NA
chrX	132900000	133000000	0.0	NA
chrX	133000000	133100000	0.0	NA
chrX	133100000	133200000	0.0	NA
chrX	133200000	133300000	0.0	NA
chrX	133300000	133400000	0.0	NA
chrX	133400000	133500000	0.0	NA
chrX	133500000	133600000	0.0	NA
chrX	133600000	133700000	0.0	NA
chrX	133700000	133800000	0.0	NA
chrX	133800000	133900000	0.0	NA
chrX	133900000	134000000	0.0	NA
chrX	134000000	134100000	0.0	NA
chrX	134100000	134200000	0.0	NA
chrX	134200000	134300000	0.0	NA
chrX	134300000	134400000	0.0	NA
chrX	134400000	134500000	0.0	NA
chrX	134500000	134600000	0.0	NA
chrX	134600000	134700000	0.0	NA
chrX	134700000	134800000	0.0	NA
chrX	134800000	134900000	0.0	NA
chrX	134900000	135000000	0.0	NA
chrX	135000000	135100000	0.0	NA
chrX	135100000	135200000	0.0	NA
chrX	135200000	135300000	0.0	NA
chrX	135300000	135400000	0.0	NA
chrX	135400000	135500000	0.0	NA
chrX	135500000	135600000	0.0	NA
chrX	135600000	135700000	0.0	NA
chrX	135700000	135800000	0.0	NA
chrX	135800000	135900000	0.0	NA
chrX	135900000	136000000	0.0	NA
chrX	136000000	136100000	0.0	NA
chrX	136100000	136200000	0.0	NA
chrX	136200000	136300000	0.0	NA
chrX	136300000	136400000	0.0	NA
chrX	136400000	136500000	0.0	NA
chrX	136500000	136600000	0.0	NA
chrX	136600000	136700000	0.0	NA
chrX	136700000	136800000	0.00035294173971743597	2815
chrX	136800000	136900000	0.0004586405390646347	70269
chrX	136900000	137000000	0.0004397701706234433	83240
chrX	137000000	137100000	0.0006394380542536517	76557
chrX	137100000	137200000	0.00027458316620740646	69559
chrX	137200000	137300000	0.0004699611096805272	79877
chrX	137300000	137400000	0.0007042515166156785	70831
chrX	137400000	137500000	0.0006566004391791228	81591
chrX	137500000	137600000	0.0003518561078182231	80843
chrX	137600000	137700000	0.00014170953626622344	84750
chrX	137700000	137800000	0.00013654185027818004	11618
chrX	137800000	137900000	0.0	NA
chrX	137900000	138000000	0.0	NA
chrX	138000000	138100000	0.0	NA
chrX	138100000	138200000	0.0	NA
chrX	138200000	138300000	0.0005743417506898808	10876
chrX	138300000	138400000	0.0005861379204152281	82163
chrX	138400000	138500000	0.0008517511543228161	78737
chrX	138500000	138600000	0.0005883449747016618	73499
chrX	138600000	138700000	0.00021655935473433597	20843
chrX	138700000	138800000	0.00039264586780533747	8013
chrX	138800000	138900000	0.0002376228583602653	7085
chrX	138900000	139000000	0.00031004748156613314	63780
chrX	139000000	139100000	0.0006173850796150276	42201
chrX	139100000	139200000	0.0003522107709203792	70268
chrX	139200000	139300000	0.00034977634795041966	78120
chrX	139300000	139400000	0.00016185065715690791	63957
chrX	139400000	139500000	5.7257084048370014e-05	76316
chrX	139500000	139600000	0.00012023366057428161	81907
chrX	139600000	139700000	0.0003369056879431528	85526
chrX	139700000	139800000	0.0003235417484744121	65512
chrX	139800000	139900000	0.0011547299992521545	34757
chrX	139900000	140000000	0.0005925561236401128	83458
chrX	140000000	140100000	0.0004913384326991151	63624
chrX	140100000	140200000	0.0	NA
chrX	140200000	140300000	0.0004566934476128163	65869
chrX	140300000	140400000	0.0005961630332767555	53147
chrX	140400000	140500000	0.0004861219244117996	74746
chrX	140500000	140600000	0.0010323446981128908	45584
chrX	140600000	140700000	0.0	NA
chrX	140700000	140800000	0.000859209471317354	29666
chrX	140800000	140900000	0.0005439161017701036	73662
chrX	140900000	141000000	0.00012332792713377636	28070
chrX	141000000	141100000	0.0007864603009485828	81059
chrX	141100000	141200000	0.0010035234577343746	81718
chrX	141200000	141300000	0.0006563570689160094	70325
chrX	141300000	141400000	0.0004232985742419708	79200
chrX	141400000	141500000	0.0007371531561154214	70039
chrX	141500000	141600000	0.0006807923490173313	72042
chrX	141600000	141700000	0.000574499783942034	84230
chrX	141700000	141800000	0.0002842285520833453	81333
chrX	141800000	141900000	0.00013665519689370627	72238
chrX	141900000	142000000	0.0004206328294722285	74115
chrX	142000000	142100000	0.0007245524682792887	79354
chrX	142100000	142200000	0.0004795432124548297	82860
chrX	142200000	142300000	0.0007310349813489624	85677
chrX	142300000	142400000	0.0003301991884492435	83784
chrX	142400000	142500000	0.0005797362773843195	82097
chrX	142500000	142600000	0.000609933287989056	79563
chrX	142600000	142700000	0.0009912425781551095	74762
chrX	142700000	142800000	0.0006262745262737723	70084
chrX	142800000	142900000	0.0005891767861197783	72483
chrX	142900000	143000000	0.00036550726585471893	83030
chrX	143000000	143100000	0.0002976869074483929	79689
chrX	143100000	143200000	6.435827003769989e-05	50308
chrX	143200000	143300000	0.000351479662746379	3317
chrX	143300000	143400000	0.0006425244387111919	83346
chrX	143400000	143500000	0.0006631115858916829	80611
chrX	143500000	143600000	0.0007981089551929842	40018
chrX	143600000	143700000	0.00040281313340480225	85863
chrX	143700000	143800000	0.000786760634777003	81404
chrX	143800000	143900000	0.0007024658952023124	84151
chrX	143900000	144000000	0.0005658544260532103	84696
chrX	144000000	144100000	0.0006258269030500746	86463
chrX	144100000	144200000	0.0006884297054836741	83878
chrX	144200000	144300000	0.000713978286648505	85733
chrX	144300000	144400000	0.0003590642669826716	76908
chrX	144400000	144500000	0.00024358371023537164	76452
chrX	144500000	144600000	0.0005804387692369874	79929
chrX	144600000	144700000	0.0009090997359596195	87538
chrX	144700000	144800000	0.000537695955485712	87024
chrX	144800000	144900000	0.0005309067098121802	82454
chrX	144900000	145000000	0.00061958445392117	75125
chrX	145000000	145100000	0.0006899483766491389	80131
chrX	145100000	145200000	0.0007205396316477974	78751
chrX	145200000	145300000	0.00037822194401031814	83307
chrX	145300000	145400000	0.000709838729894138	76426
chrX	145400000	145500000	0.00030361496366466923	81886
chrX	145500000	145600000	0.0008134311732193156	83363
chrX	145600000	145700000	0.0008950550034927488	88228
chrX	145700000	145800000	0.00044786497845748487	80064
chrX	145800000	145900000	0.0006567072970170356	62280
chrX	145900000	146000000	0.0005681649418828757	72931
chrX	146000000	146100000	0.0005754399348017586	83332
chrX	146100000	146200000	0.0003613144579610286	84928
chrX	146200000	146300000	0.00033963293341650677	65998
chrX	146300000	146400000	0.0005569724476154968	70707
chrX	146400000	146500000	0.0003685732940239936	79162
chrX	146500000	146600000	0.0003584177546034328	82920
chrX	146600000	146700000	0.0007238655573435701	88267
chrX	146700000	146800000	9.56892616658938e-05	83557
chrX	146800000	146900000	0.00011194645632890355	90871
chrX	146900000	147000000	0.0002140375441135692	68753
chrX	147000000	147100000	0.00034111472861726467	20925
chrX	147100000	147200000	0.00021756507572205023	77770
chrX	147200000	147300000	0.00036548499279025724	69302
chrX	147300000	147400000	0.0002382916335930168	76285
chrX	147400000	147500000	0.00030568811450387066	72248
chrX	147500000	147600000	0.00015258751821012646	71667
chrX	147600000	147700000	0.0	NA
chrX	147700000	147800000	0.0	NA
chrX	147800000	147900000	0.0	NA
chrX	147900000	148000000	0.0	NA
chrX	148000000	148100000	0.00011138000367071165	16561
chrX	148100000	148200000	0.00014889487536522093	86056
chrX	148200000	148300000	0.00012899720377471317	74065
chrX	148300000	148400000	0.0003319374760768786	84756
chrX	148400000	148500000	0.0002661661936854148	79877
chrX	148500000	148600000	0.00029316967443764226	55149
chrX	148600000	148700000	0.00015572971547814316	12987
chrX	148700000	148800000	0.00019587121613443687	24016
chrX	148800000	148900000	0.00023583935926169865	32428
chrX	148900000	149000000	6.844443849921632e-05	2418
chrX	149000000	149100000	2.6159362058228645e-05	7879
chrX	149100000	149200000	6.116235044659009e-05	11561
chrX	149200000	149300000	8.220716001420014e-05	80591
chrX	149300000	149400000	0.00016979007942383474	80536
chrX	149400000	149500000	0.00022355042467663003	89618
chrX	149500000	149600000	0.00015582296706477658	27724
chrX	149600000	149700000	0.0008068329875018095	13685
chrX	149700000	149800000	0.0004320011845944454	31273
chrX	149800000	149900000	0.00031199662814653255	17578
chrX	149900000	150000000	0.0004912243245887932	1010
chrX	150000000	150100000	0.0003282393389904565	25319
chrX	150100000	150200000	0.0005969974586094943	60222
chrX	150200000	150300000	0.0007416945077018518	75496
chrX	150300000	150400000	0.000696523413254801	69505
chrX	150400000	150500000	0.0004325700509571632	78099
chrX	150500000	150600000	0.00020031886616522987	71549
chrX	150600000	150700000	0.00013437552517415763	78061
chrX	150700000	150800000	7.819017031364713e-05	16602
chrX	150800000	150900000	0.0004915378166739968	38240
chrX	150900000	151000000	0.0004825267936181289	81420
chrX	151000000	151100000	0.000546779845953122	77446
chrX	151100000	151200000	0.0003291331881749569	62385
chrX	151200000	151300000	0.0004786236492299221	64938
chrX	151300000	151400000	0.00048580812312789515	26120
chrX	151400000	151500000	0.0	NA
chrX	151500000	151600000	0.0	NA
chrX	151600000	151700000	0.0	NA
chrX	151700000	151800000	0.0	NA
chrX	151800000	151900000	0.0	NA
chrX	151900000	152000000	0.0	NA
chrX	152000000	152100000	0.0	NA
chrX	152100000	152200000	0.0	NA
chrX	152200000	152300000	0.0	NA
chrX	152300000	152400000	0.0	NA
chrX	152400000	152500000	0.0	NA
chrX	152500000	152600000	0.0	NA
chrX	152600000	152700000	0.0	NA
chrX	152700000	152800000	0.0	NA
chrX	152800000	152900000	0.0	NA
chrX	152900000	153000000	0.0	NA
chrX	153000000	153100000	0.0	NA
chrX	153100000	153200000	0.0	NA
chrX	153200000	153300000	0.0	NA
chrX	153300000	153400000	0.0	NA
chrX	153400000	153500000	0.0	NA
chrX	153500000	153600000	0.0	NA
chrX	153600000	153700000	0.0	NA
chrX	153700000	153800000	0.0	NA
chrX	153800000	153900000	0.0	NA
chrX	153900000	154000000	0.0	NA
chrX	154000000	154100000	0.0	NA
chrX	154100000	154200000	0.0	NA
chrX	154200000	154300000	0.0	NA
chrX	154300000	154400000	0.0	NA
chrX	154400000	154500000	0.0	NA
chrX	154500000	154600000	0.0	NA
chrX	154600000	154700000	0.0	NA
chrX	154700000	154800000	0.0	NA
chrX	154800000	154900000	0.0	NA
chrX	154900000	155000000	0.0	NA
chrX	155000000	155100000	0.0	NA
chrX	155100000	155200000	0.0003164952761501251	19719
chrX	155200000	155270560	0.0005997932699129875	12695
