chrX	0	100000	0.004683160875821426	1456
chrX	100000	200000	0.0024148690541883244	4965
chrX	200000	300000	0.003724763888935787	2964
chrX	300000	400000	0.0020785363368806624	15533
chrX	400000	500000	0.002338285780296822	29352
chrX	500000	600000	0.0024072863877688984	30548
chrX	600000	700000	0.002159722678689843	32131
chrX	700000	800000	0.0022272489863910147	42139
chrX	800000	900000	0.0016556064027372869	28095
chrX	900000	1000000	0.001896581432261794	33413
chrX	1000000	1100000	0.0014879838136718866	10800
chrX	1100000	1200000	0.0	NA
chrX	1200000	1300000	0.0018902769000002995	14837
chrX	1300000	1400000	0.0015203080594214018	11710
chrX	1400000	1500000	0.002539900805674617	3621
chrX	1500000	1600000	0.0014801011742907764	5994
chrX	1600000	1700000	0.001936950121823505	13016
chrX	1700000	1800000	0.002118070258998613	15723
chrX	1800000	1900000	0.001659972091460911	33177
chrX	1900000	2000000	0.0015604930088288405	42559
chrX	2000000	2100000	0.0018522991349156732	27331
chrX	2100000	2200000	0.002295539880687036	5654
chrX	2200000	2300000	0.0	NA
chrX	2300000	2400000	0.0	NA
chrX	2400000	2500000	0.0014191688453672059	45281
chrX	2500000	2600000	0.0012956114480838225	31936
chrX	2600000	2700000	0.0013530945563028517	9973
chrX	2700000	2800000	0.001121050648279112	6527
chrX	2800000	2900000	0.0013659376369587434	22760
chrX	2900000	3000000	0.0010115782517682978	18211
chrX	3000000	3100000	0.0015293793495696519	41962
chrX	3100000	3200000	0.001308526926895262	67756
chrX	3200000	3300000	0.00175940302399472	40676
chrX	3300000	3400000	0.0009992073615061297	66600
chrX	3400000	3500000	0.0008763364182928115	62692
chrX	3500000	3600000	0.0007557000804563178	14266
chrX	3600000	3700000	0.0013648359794524295	32614
chrX	3700000	3800000	0.001194763725024411	21192
chrX	3800000	3900000	0.0009041936313593355	25561
chrX	3900000	4000000	0.0014332224938185176	78839
chrX	4000000	4100000	0.0008252761724569311	79245
chrX	4100000	4200000	0.0014314156316779759	79718
chrX	4200000	4300000	0.0013438314499021695	84113
chrX	4300000	4400000	0.0008393607220177461	79369
chrX	4400000	4500000	0.0005992473924568622	77637
chrX	4500000	4600000	0.0010569957515681452	75731
chrX	4600000	4700000	0.0009861389515409516	73578
chrX	4700000	4800000	0.0009214971370829123	76081
chrX	4800000	4900000	0.0007120813425485899	77400
chrX	4900000	5000000	0.0011361240322458085	79951
chrX	5000000	5100000	0.0012528314358136482	74083
chrX	5100000	5200000	0.0006973838924260687	78953
chrX	5200000	5300000	0.0008343455639453908	81913
chrX	5300000	5400000	0.0012447087189059614	80640
chrX	5400000	5500000	0.0012196254946898212	79923
chrX	5500000	5600000	0.0012839282499040035	82766
chrX	5600000	5700000	0.001146682287458866	76600
chrX	5700000	5800000	0.0009694536800499047	79391
chrX	5800000	5900000	0.000734719548221649	6848
chrX	5900000	6000000	0.0	NA
chrX	6000000	6100000	0.0	NA
chrX	6100000	6200000	0.0007096982015951423	40080
chrX	6200000	6300000	0.0007091364474176313	79340
chrX	6300000	6400000	0.0009696239369419201	81858
chrX	6400000	6500000	0.0008325939314861518	76866
chrX	6500000	6600000	0.0007366311880744265	79199
chrX	6600000	6700000	0.0007090344164485075	80898
chrX	6700000	6800000	0.0007317298885908068	84914
chrX	6800000	6900000	0.0008179457784173468	73474
chrX	6900000	7000000	0.0005511924458001552	30759
chrX	7000000	7100000	0.0	NA
chrX	7100000	7200000	0.0	NA
chrX	7200000	7300000	0.0002959530506612471	22227
chrX	7300000	7400000	0.0006617914858926961	85565
chrX	7400000	7500000	0.000504032056196373	79549
chrX	7500000	7600000	0.0007796676260452782	81085
chrX	7600000	7700000	0.0012755064308334358	39189
chrX	7700000	7800000	0.0005723326439216185	88353
chrX	7800000	7900000	0.0009488224533335778	55024
chrX	7900000	8000000	0.0005570769366944759	79564
chrX	8000000	8100000	0.0005154590318874859	84815
chrX	8100000	8200000	0.0005652377593440035	69704
chrX	8200000	8300000	0.0009089801507296007	83886
chrX	8300000	8400000	0.0008960290156940653	84731
chrX	8400000	8500000	0.0009125531498540645	60611
chrX	8500000	8600000	0.0	NA
chrX	8600000	8700000	0.0	NA
chrX	8700000	8800000	0.0006946381322172474	64184
chrX	8800000	8900000	0.0008119491710204894	92359
chrX	8900000	9000000	0.0008182859698768647	64487
chrX	9000000	9100000	0.0007216750823537408	81408
chrX	9100000	9200000	0.0004916118145325239	86934
chrX	9200000	9300000	0.0007896155950395994	81300
chrX	9300000	9400000	0.0007756633593380851	65299
chrX	9400000	9500000	0.0007003098308877586	22404
chrX	9500000	9600000	0.0	NA
chrX	9600000	9700000	0.001254030910666598	5219
chrX	9700000	9800000	0.0006762612778260529	11848
chrX	9800000	9900000	0.0	NA
chrX	9900000	10000000	0.0011270613513806866	44001
chrX	10000000	10100000	0.0	NA
chrX	10100000	10200000	0.0010303128629248466	8765
chrX	10200000	10300000	0.001048990813725778	29283
chrX	10300000	10400000	0.0	NA
chrX	10400000	10500000	0.0	NA
chrX	10500000	10600000	0.0	NA
chrX	10600000	10700000	0.0	NA
chrX	10700000	10800000	0.0	NA
chrX	10800000	10900000	0.0	NA
chrX	10900000	11000000	0.0	NA
chrX	11000000	11100000	0.0	NA
chrX	11100000	11200000	0.0	NA
chrX	11200000	11300000	0.0	NA
chrX	11300000	11400000	0.0	NA
chrX	11400000	11500000	0.0	NA
chrX	11500000	11600000	0.0	NA
chrX	11600000	11700000	0.0	NA
chrX	11700000	11800000	0.0	NA
chrX	11800000	11900000	0.0	NA
chrX	11900000	12000000	0.0	NA
chrX	12000000	12100000	0.0	NA
chrX	12100000	12200000	0.0	NA
chrX	12200000	12300000	0.0	NA
chrX	12300000	12400000	0.0	NA
chrX	12400000	12500000	0.0	NA
chrX	12500000	12600000	0.0	NA
chrX	12600000	12700000	0.0	NA
chrX	12700000	12800000	0.0008753728317685165	43811
chrX	12800000	12900000	0.001311488456950465	25947
chrX	12900000	13000000	0.0009537217557910198	35930
chrX	13000000	13100000	0.0007734850107906395	74039
chrX	13100000	13200000	0.0003401875155217331	80230
chrX	13200000	13300000	0.0005493973587689785	83862
chrX	13300000	13400000	0.00032393456993603164	73450
chrX	13400000	13500000	0.001005322943424276	78761
chrX	13500000	13600000	0.0007934947819187733	74737
chrX	13600000	13700000	0.0010588229546014242	22874
chrX	13700000	13800000	0.0006892771330001553	9371
chrX	13800000	13900000	0.0	NA
chrX	13900000	14000000	0.0005423911016979481	29364
chrX	14000000	14100000	0.0007029461010981783	65754
chrX	14100000	14200000	0.0007727698078481792	79481
chrX	14200000	14300000	0.0005078748071182583	74794
chrX	14300000	14400000	0.0007081587194577057	79874
chrX	14400000	14500000	0.0005478891889627461	80841
chrX	14500000	14600000	0.00033451119746890436	42635
chrX	14600000	14700000	0.0	NA
chrX	14700000	14800000	0.0004325590327437197	38657
chrX	14800000	14900000	0.0005728470531043683	48752
chrX	14900000	15000000	0.0006529061713430462	42771
chrX	15000000	15100000	0.0005268263995839833	80872
chrX	15100000	15200000	0.0005099399340466203	82204
chrX	15200000	15300000	0.0006986117176083125	58956
chrX	15300000	15400000	0.0006219022314603595	11373
chrX	15400000	15500000	0.0	NA
chrX	15500000	15600000	0.0005151976807041528	10123
chrX	15600000	15700000	0.0007053525540095745	13653
chrX	15700000	15800000	0.00037242860472483635	23510
chrX	15800000	15900000	0.0004111317337687364	26088
chrX	15900000	16000000	0.0005346404850160426	81552
chrX	16000000	16100000	0.00042241010699265656	82768
chrX	16100000	16200000	0.0006470493526137018	53837
chrX	16200000	16300000	0.0007615515215152865	72067
chrX	16300000	16400000	0.000893344263745599	72354
chrX	16400000	16500000	0.0005558227591106337	84033
chrX	16500000	16600000	0.0008338790105945238	70365
chrX	16600000	16700000	0.0005583241239820727	3618
chrX	16700000	16800000	0.0006118429893624055	12512
chrX	16800000	16900000	0.00038509654089978495	11521
chrX	16900000	17000000	0.0005789913054423275	32283
chrX	17000000	17100000	0.0	NA
chrX	17100000	17200000	0.0	NA
chrX	17200000	17300000	0.0	NA
chrX	17300000	17400000	0.0	NA
chrX	17400000	17500000	0.0	NA
chrX	17500000	17600000	0.0	NA
chrX	17600000	17700000	0.0	NA
chrX	17700000	17800000	0.0	NA
chrX	17800000	17900000	0.0	NA
chrX	17900000	18000000	0.0	NA
chrX	18000000	18100000	0.0	NA
chrX	18100000	18200000	0.0	NA
chrX	18200000	18300000	0.0	NA
chrX	18300000	18400000	0.0	NA
chrX	18400000	18500000	0.0	NA
chrX	18500000	18600000	0.0	NA
chrX	18600000	18700000	0.0	NA
chrX	18700000	18800000	0.0	NA
chrX	18800000	18900000	0.0005610208158568978	32737
chrX	18900000	19000000	0.0006485582340325094	7954
chrX	19000000	19100000	0.0001778287867035293	4116
chrX	19100000	19200000	0.0008471518816605256	39110
chrX	19200000	19300000	0.0010159187046987078	73116
chrX	19300000	19400000	0.0010103401580169855	2790
chrX	19400000	19500000	0.0	NA
chrX	19500000	19600000	0.0	NA
chrX	19600000	19700000	0.0	NA
chrX	19700000	19800000	0.0	NA
chrX	19800000	19900000	0.0	NA
chrX	19900000	20000000	0.0	NA
chrX	20000000	20100000	0.0	NA
chrX	20100000	20200000	0.0	NA
chrX	20200000	20300000	0.0	NA
chrX	20300000	20400000	0.0	NA
chrX	20400000	20500000	0.0	NA
chrX	20500000	20600000	0.0	NA
chrX	20600000	20700000	0.0	NA
chrX	20700000	20800000	0.0	NA
chrX	20800000	20900000	0.0	NA
chrX	20900000	21000000	0.0	NA
chrX	21000000	21100000	0.0	NA
chrX	21100000	21200000	0.0	NA
chrX	21200000	21300000	0.0	NA
chrX	21300000	21400000	0.0	NA
chrX	21400000	21500000	0.0	NA
chrX	21500000	21600000	0.0	NA
chrX	21600000	21700000	0.0	NA
chrX	21700000	21800000	0.0	NA
chrX	21800000	21900000	0.0	NA
chrX	21900000	22000000	0.0	NA
chrX	22000000	22100000	0.0	NA
chrX	22100000	22200000	0.0	NA
chrX	22200000	22300000	0.0	NA
chrX	22300000	22400000	0.0	NA
chrX	22400000	22500000	0.0	NA
chrX	22500000	22600000	0.0	NA
chrX	22600000	22700000	0.0	NA
chrX	22700000	22800000	0.0	NA
chrX	22800000	22900000	0.0	NA
chrX	22900000	23000000	0.0	NA
chrX	23000000	23100000	0.0	NA
chrX	23100000	23200000	0.0	NA
chrX	23200000	23300000	0.0	NA
chrX	23300000	23400000	0.0007860637527273934	38178
chrX	23400000	23500000	0.0007974493081837075	60203
chrX	23500000	23600000	0.0005117135155567137	72295
chrX	23600000	23700000	0.001522443908312728	61975
chrX	23700000	23800000	0.0013028609800904867	25799
chrX	23800000	23900000	0.0007428222607538704	25641
chrX	23900000	24000000	0.000661115432127007	23844
chrX	24000000	24100000	0.0005541822859573529	10384
chrX	24100000	24200000	0.0006524115317166931	32863
chrX	24200000	24300000	0.0008421920378239498	44739
chrX	24300000	24400000	0.0005448646155733609	68865
chrX	24400000	24500000	0.0006092438654371381	63323
chrX	24500000	24600000	0.0003413195989228271	6730
chrX	24600000	24700000	0.0002068671458425092	7120
chrX	24700000	24800000	0.0001629518783417129	8397
chrX	24800000	24900000	0.0	NA
chrX	24900000	25000000	0.0	NA
chrX	25000000	25100000	0.0003525759244443988	56512
chrX	25100000	25200000	0.00040957055109189255	78985
chrX	25200000	25300000	0.0005922996017591958	85156
chrX	25300000	25400000	0.00027621139596363677	65743
chrX	25400000	25500000	0.00026721268677344753	80410
chrX	25500000	25600000	0.0004814475486111394	86307
chrX	25600000	25700000	0.000700919757686916	91717
chrX	25700000	25800000	0.0008712109737302595	79346
chrX	25800000	25900000	0.0007905238609722736	84625
chrX	25900000	26000000	0.0011370829910738252	75396
chrX	26000000	26100000	0.0007330531096464346	81360
chrX	26100000	26200000	0.0008349048399665276	73080
chrX	26200000	26300000	0.0006252083432488634	74608
chrX	26300000	26400000	0.0007921607605776789	71017
chrX	26400000	26500000	0.000643456443813935	84539
chrX	26500000	26600000	0.0007712263548518563	75100
chrX	26600000	26700000	0.0005076849811271882	85836
chrX	26700000	26800000	0.0004773872997945603	81441
chrX	26800000	26900000	0.0005555451744305341	85563
chrX	26900000	27000000	0.000879460391570849	86586
chrX	27000000	27100000	0.0009504384954414377	78634
chrX	27100000	27200000	0.0007953571002878404	75843
chrX	27200000	27300000	0.0007447852457695863	81114
chrX	27300000	27400000	0.0008913754539449941	74297
chrX	27400000	27500000	0.0010149728612311901	78903
chrX	27500000	27600000	0.0007410548495330214	75188
chrX	27600000	27700000	0.0007797742148846607	82222
chrX	27700000	27800000	0.0007105695829932697	81185
chrX	27800000	27900000	0.0005838793132116736	75740
chrX	27900000	28000000	0.0005113374012556402	83629
chrX	28000000	28100000	0.0006825177615236269	87563
chrX	28100000	28200000	0.00042601396384158195	80671
chrX	28200000	28300000	0.0007856155710872003	83213
chrX	28300000	28400000	0.0005644860867248991	81454
chrX	28400000	28500000	0.0008410439689148809	74206
chrX	28500000	28600000	0.0008217887281749488	79862
chrX	28600000	28700000	0.0003098508820015716	5532
chrX	28700000	28800000	0.0	NA
chrX	28800000	28900000	0.0	NA
chrX	28900000	29000000	0.0	NA
chrX	29000000	29100000	0.0	NA
chrX	29100000	29200000	0.0	NA
chrX	29200000	29300000	0.0	NA
chrX	29300000	29400000	0.0	NA
chrX	29400000	29500000	0.0	NA
chrX	29500000	29600000	0.0	NA
chrX	29600000	29700000	0.0	NA
chrX	29700000	29800000	0.0	NA
chrX	29800000	29900000	0.0	NA
chrX	29900000	30000000	0.0003144929470372874	17886
chrX	30000000	30100000	0.0006146200488014865	75211
chrX	30100000	30200000	0.0007357384957637602	82088
chrX	30200000	30300000	0.0007304522282355091	68485
chrX	30300000	30400000	0.0007280586890134752	77006
chrX	30400000	30500000	0.0009521476666173763	81302
chrX	30500000	30600000	0.0010059502169593886	61425
chrX	30600000	30700000	0.0006502046264696529	46509
chrX	30700000	30800000	0.0006148883649578048	29646
chrX	30800000	30900000	0.0004367702710514703	20458
chrX	30900000	31000000	0.0008462053309832196	81314
chrX	31000000	31100000	0.0008293466615004415	79204
chrX	31100000	31200000	0.00040663646633913467	32605
chrX	31200000	31300000	0.0	NA
chrX	31300000	31400000	0.0	NA
chrX	31400000	31500000	0.0	NA
chrX	31500000	31600000	0.0	NA
chrX	31600000	31700000	0.0	NA
chrX	31700000	31800000	0.0	NA
chrX	31800000	31900000	0.0	NA
chrX	31900000	32000000	0.0	NA
chrX	32000000	32100000	0.0	NA
chrX	32100000	32200000	0.0	NA
chrX	32200000	32300000	0.0	NA
chrX	32300000	32400000	0.0	NA
chrX	32400000	32500000	0.0	NA
chrX	32500000	32600000	0.0	NA
chrX	32600000	32700000	0.0	NA
chrX	32700000	32800000	0.0	NA
chrX	32800000	32900000	0.0	NA
chrX	32900000	33000000	0.0	NA
chrX	33000000	33100000	0.0	NA
chrX	33100000	33200000	0.0	NA
chrX	33200000	33300000	0.0	NA
chrX	33300000	33400000	0.0005831128725207128	32560
chrX	33400000	33500000	0.0007819652161780697	84705
chrX	33500000	33600000	0.0008464747291877313	81055
chrX	33600000	33700000	0.0007474270136915523	84563
chrX	33700000	33800000	0.0006683596584016613	84785
chrX	33800000	33900000	0.0007748422210478016	85057
chrX	33900000	34000000	0.0007795205375998053	84549
chrX	34000000	34100000	0.000650492491872343	91089
chrX	34100000	34200000	0.0008614138732073532	76290
chrX	34200000	34300000	0.0008081006867378225	83539
chrX	34300000	34400000	0.0008428535338848552	84866
chrX	34400000	34500000	0.0008245361352153402	74386
chrX	34500000	34600000	0.0007966427025797512	83698
chrX	34600000	34700000	0.0006285919564155637	62606
chrX	34700000	34800000	0.000837877148224566	85644
chrX	34800000	34900000	0.0008813027608131921	79295
chrX	34900000	35000000	0.0007396036861167666	85031
chrX	35000000	35100000	0.0007721867134111961	84520
chrX	35100000	35200000	0.0003816457516761885	83989
chrX	35200000	35300000	0.00048452136278691094	82838
chrX	35300000	35400000	0.0007149509681163314	83294
chrX	35400000	35500000	0.0005060135434613492	83693
chrX	35500000	35600000	0.0003827232085540012	79453
chrX	35600000	35700000	0.0007605670555451772	72509
chrX	35700000	35800000	0.0006328012314602386	87814
chrX	35800000	35900000	0.0011840341597214395	79834
chrX	35900000	36000000	0.0007641965715274765	28989
chrX	36000000	36100000	0.0	NA
chrX	36100000	36200000	0.0	NA
chrX	36200000	36300000	0.0	NA
chrX	36300000	36400000	0.0	NA
chrX	36400000	36500000	0.0005701334634977668	31231
chrX	36500000	36600000	0.0007005385963657617	87048
chrX	36600000	36700000	0.0010481589888777089	84166
chrX	36700000	36800000	0.0008510035631852733	83505
chrX	36800000	36900000	0.0007234290843550176	90691
chrX	36900000	37000000	0.0005540365666330653	78143
chrX	37000000	37100000	0.0006056071724830789	51870
chrX	37100000	37200000	0.0008644551548537974	38644
chrX	37200000	37300000	0.0006398566116342179	8119
chrX	37300000	37400000	0.0008065822483898382	41133
chrX	37400000	37500000	0.0005402793660620201	13968
chrX	37500000	37600000	0.000392268160396752	15052
chrX	37600000	37700000	0.0005967168470854598	49342
chrX	37700000	37800000	0.0008929554543479852	78306
chrX	37800000	37900000	0.0008511902482780295	53127
chrX	37900000	38000000	0.0005469060532253008	11123
chrX	38000000	38100000	0.0006527918459332037	25187
chrX	38100000	38200000	0.000706905216257828	33111
chrX	38200000	38300000	0.0011238718639187528	25710
chrX	38300000	38400000	0.0009225528279973128	39860
chrX	38400000	38500000	0.0	NA
chrX	38500000	38600000	0.0	NA
chrX	38600000	38700000	0.0	NA
chrX	38700000	38800000	0.0	NA
chrX	38800000	38900000	0.0	NA
chrX	38900000	39000000	0.0	NA
chrX	39000000	39100000	0.0	NA
chrX	39100000	39200000	0.0	NA
chrX	39200000	39300000	0.0	NA
chrX	39300000	39400000	0.0	NA
chrX	39400000	39500000	0.0	NA
chrX	39500000	39600000	0.0	NA
chrX	39600000	39700000	0.0	NA
chrX	39700000	39800000	0.0	NA
chrX	39800000	39900000	0.0	NA
chrX	39900000	40000000	0.0	NA
chrX	40000000	40100000	0.0	NA
chrX	40100000	40200000	0.0	NA
chrX	40200000	40300000	0.0	NA
chrX	40300000	40400000	0.0	NA
chrX	40400000	40500000	0.0	NA
chrX	40500000	40600000	0.0	NA
chrX	40600000	40700000	0.0	NA
chrX	40700000	40800000	0.0	NA
chrX	40800000	40900000	0.0	NA
chrX	40900000	41000000	0.0	NA
chrX	41000000	41100000	0.0	NA
chrX	41100000	41200000	0.0	NA
chrX	41200000	41300000	0.0012478291283622878	12017
chrX	41300000	41400000	0.0007622881010036064	25399
chrX	41400000	41500000	0.0	NA
chrX	41500000	41600000	0.0	NA
chrX	41600000	41700000	0.0	NA
chrX	41700000	41800000	0.0001785480840759012	14731
chrX	41800000	41900000	0.00044484409812299433	80598
chrX	41900000	42000000	0.0006501064319768937	88976
chrX	42000000	42100000	0.0004889966308929611	79880
chrX	42100000	42200000	0.0005517173257243177	79572
chrX	42200000	42300000	0.00041683000630484405	80006
chrX	42300000	42400000	0.0005039873616105113	83348
chrX	42400000	42500000	0.0003089953819739673	81275
chrX	42500000	42600000	0.0007318710478552288	79932
chrX	42600000	42700000	0.0007054699925429468	81058
chrX	42700000	42800000	0.0007897510305494759	79569
chrX	42800000	42900000	0.000990661071494289	84428
chrX	42900000	43000000	0.0007358172588768056	89394
chrX	43000000	43100000	0.00043696352766301106	44692
chrX	43100000	43200000	0.0003903876295413313	76557
chrX	43200000	43300000	0.0003089442753581917	86165
chrX	43300000	43400000	0.0006417863929956211	85402
chrX	43400000	43500000	0.00065902481982618	77829
chrX	43500000	43600000	0.0006364845397372504	9768
chrX	43600000	43700000	0.0005707548895372122	17236
chrX	43700000	43800000	0.0003486834130375279	48087
chrX	43800000	43900000	0.0005231152199827013	61576
chrX	43900000	44000000	0.0005212646943839103	82612
chrX	44000000	44100000	0.00040000411865855295	6075
chrX	44100000	44200000	0.0	NA
chrX	44200000	44300000	0.0008080109077636434	68152
chrX	44300000	44400000	0.0006421615515804822	50725
chrX	44400000	44500000	0.0008152788540064594	45746
chrX	44500000	44600000	0.0005624910679864609	61365
chrX	44600000	44700000	0.0007754384057391986	47804
chrX	44700000	44800000	0.0007631755987046733	18821
chrX	44800000	44900000	0.0	NA
chrX	44900000	45000000	0.0005824186002108252	21963
chrX	45000000	45100000	0.0008091451035737029	38914
chrX	45100000	45200000	0.0006969369374582704	85322
chrX	45200000	45300000	0.0007279777503293657	85326
chrX	45300000	45400000	0.0005815489300064484	61223
chrX	45400000	45500000	0.00047654994666355917	84098
chrX	45500000	45600000	0.0006769573703767847	76303
chrX	45600000	45700000	0.0006490231717704977	84474
chrX	45700000	45800000	0.00044024499277700536	74446
chrX	45800000	45900000	0.0007971581879737695	78444
chrX	45900000	46000000	0.0004253676599313231	21486
chrX	46000000	46100000	0.0	NA
chrX	46100000	46200000	0.0	NA
chrX	46200000	46300000	0.0	NA
chrX	46300000	46400000	0.0	NA
chrX	46400000	46500000	0.0	NA
chrX	46500000	46600000	0.0	NA
chrX	46600000	46700000	0.0	NA
chrX	46700000	46800000	0.0	NA
chrX	46800000	46900000	0.0	NA
chrX	46900000	47000000	0.0	NA
chrX	47000000	47100000	0.0	NA
chrX	47100000	47200000	0.0	NA
chrX	47200000	47300000	0.0	NA
chrX	47300000	47400000	0.0	NA
chrX	47400000	47500000	0.0	NA
chrX	47500000	47600000	0.0	NA
chrX	47600000	47700000	0.0	NA
chrX	47700000	47800000	0.0	NA
chrX	47800000	47900000	0.0	NA
chrX	47900000	48000000	0.0	NA
chrX	48000000	48100000	0.0	NA
chrX	48100000	48200000	0.0	NA
chrX	48200000	48300000	0.0	NA
chrX	48300000	48400000	0.0	NA
chrX	48400000	48500000	0.0	NA
chrX	48500000	48600000	0.0	NA
chrX	48600000	48700000	0.0	NA
chrX	48700000	48800000	0.0	NA
chrX	48800000	48900000	0.0	NA
chrX	48900000	49000000	0.0	NA
chrX	49000000	49100000	0.0	NA
chrX	49100000	49200000	0.0	NA
chrX	49200000	49300000	0.0	NA
chrX	49300000	49400000	0.0	NA
chrX	49400000	49500000	0.0	NA
chrX	49500000	49600000	0.0	NA
chrX	49600000	49700000	0.0	NA
chrX	49700000	49800000	0.0	NA
chrX	49800000	49900000	0.0	NA
chrX	49900000	50000000	0.0	NA
chrX	50000000	50100000	0.0	NA
chrX	50100000	50200000	0.0	NA
chrX	50200000	50300000	0.0	NA
chrX	50300000	50400000	0.0	NA
chrX	50400000	50500000	0.0	NA
chrX	50500000	50600000	0.0	NA
chrX	50600000	50700000	0.0	NA
chrX	50700000	50800000	0.0	NA
chrX	50800000	50900000	0.0	NA
chrX	50900000	51000000	0.0	NA
chrX	51000000	51100000	0.0	NA
chrX	51100000	51200000	0.0	NA
chrX	51200000	51300000	0.0	NA
chrX	51300000	51400000	0.0	NA
chrX	51400000	51500000	0.0	NA
chrX	51500000	51600000	0.0	NA
chrX	51600000	51700000	0.0	NA
chrX	51700000	51800000	0.0	NA
chrX	51800000	51900000	0.0	NA
chrX	51900000	52000000	0.0	NA
chrX	52000000	52100000	0.0	NA
chrX	52100000	52200000	0.0	NA
chrX	52200000	52300000	0.0	NA
chrX	52300000	52400000	0.0	NA
chrX	52400000	52500000	0.0	NA
chrX	52500000	52600000	0.0	NA
chrX	52600000	52700000	0.0	NA
chrX	52700000	52800000	0.0	NA
chrX	52800000	52900000	0.0	NA
chrX	52900000	53000000	0.0	NA
chrX	53000000	53100000	0.0	NA
chrX	53100000	53200000	0.0	NA
chrX	53200000	53300000	0.0	NA
chrX	53300000	53400000	0.0	NA
chrX	53400000	53500000	0.0	NA
chrX	53500000	53600000	0.0	NA
chrX	53600000	53700000	0.0	NA
chrX	53700000	53800000	0.0	NA
chrX	53800000	53900000	0.0	NA
chrX	53900000	54000000	0.0	NA
chrX	54000000	54100000	0.0	NA
chrX	54100000	54200000	0.0	NA
chrX	54200000	54300000	0.0	NA
chrX	54300000	54400000	0.0	NA
chrX	54400000	54500000	0.0	NA
chrX	54500000	54600000	0.0	NA
chrX	54600000	54700000	0.0	NA
chrX	54700000	54800000	0.0	NA
chrX	54800000	54900000	0.0	NA
chrX	54900000	55000000	0.0	NA
chrX	55000000	55100000	0.0	NA
chrX	55100000	55200000	0.0	NA
chrX	55200000	55300000	0.0	NA
chrX	55300000	55400000	0.0	NA
chrX	55400000	55500000	0.0	NA
chrX	55500000	55600000	0.0	NA
chrX	55600000	55700000	0.0	NA
chrX	55700000	55800000	0.0	NA
chrX	55800000	55900000	0.0	NA
chrX	55900000	56000000	0.0	NA
chrX	56000000	56100000	0.0	NA
chrX	56100000	56200000	0.0	NA
chrX	56200000	56300000	0.0	NA
chrX	56300000	56400000	0.0	NA
chrX	56400000	56500000	0.0	NA
chrX	56500000	56600000	0.0	NA
chrX	56600000	56700000	0.0	NA
chrX	56700000	56800000	0.0	NA
chrX	56800000	56900000	0.0	NA
chrX	56900000	57000000	0.0	NA
chrX	57000000	57100000	0.0	NA
chrX	57100000	57200000	0.0	NA
chrX	57200000	57300000	0.0	NA
chrX	57300000	57400000	0.0	NA
chrX	57400000	57500000	0.0	NA
chrX	57500000	57600000	0.0	NA
chrX	57600000	57700000	0.0	NA
chrX	57700000	57800000	0.0	NA
chrX	57800000	57900000	0.0	NA
chrX	57900000	58000000	0.0	NA
chrX	58000000	58100000	0.0	NA
chrX	58100000	58200000	0.0	NA
chrX	58200000	58300000	0.0	NA
chrX	58300000	58400000	0.0	NA
chrX	58400000	58500000	0.0	NA
chrX	58500000	58600000	0.0	NA
chrX	58600000	58700000	0.0	NA
chrX	58700000	58800000	0.0	NA
chrX	58800000	58900000	0.0	NA
chrX	58900000	59000000	0.0	NA
chrX	59000000	59100000	0.0	NA
chrX	59100000	59200000	0.0	NA
chrX	59200000	59300000	0.0	NA
chrX	59300000	59400000	0.0	NA
chrX	59400000	59500000	0.0	NA
chrX	59500000	59600000	0.0	NA
chrX	59600000	59700000	0.0	NA
chrX	59700000	59800000	0.0	NA
chrX	59800000	59900000	0.0	NA
chrX	59900000	60000000	0.0	NA
chrX	60000000	60100000	0.0	NA
chrX	60100000	60200000	0.0	NA
chrX	60200000	60300000	0.0	NA
chrX	60300000	60400000	0.0	NA
chrX	60400000	60500000	0.0	NA
chrX	60500000	60600000	0.0	NA
chrX	60600000	60700000	0.0	NA
chrX	60700000	60800000	0.0	NA
chrX	60800000	60900000	0.0	NA
chrX	60900000	61000000	0.0	NA
chrX	61000000	61100000	0.0	NA
chrX	61100000	61200000	0.0	NA
chrX	61200000	61300000	0.0	NA
chrX	61300000	61400000	0.0	NA
chrX	61400000	61500000	0.0	NA
chrX	61500000	61600000	0.0	NA
chrX	61600000	61700000	0.0	NA
chrX	61700000	61800000	0.0	NA
chrX	61800000	61900000	0.0	NA
chrX	61900000	62000000	0.0	NA
chrX	62000000	62100000	0.0	NA
chrX	62100000	62200000	0.0	NA
chrX	62200000	62300000	0.0	NA
chrX	62300000	62400000	0.0	NA
chrX	62400000	62500000	0.0	NA
chrX	62500000	62600000	0.0	NA
chrX	62600000	62700000	0.0	NA
chrX	62700000	62800000	0.0	NA
chrX	62800000	62900000	0.0	NA
chrX	62900000	63000000	0.0	NA
chrX	63000000	63100000	0.0	NA
chrX	63100000	63200000	0.0	NA
chrX	63200000	63300000	0.0	NA
chrX	63300000	63400000	0.0	NA
chrX	63400000	63500000	0.0	NA
chrX	63500000	63600000	0.0	NA
chrX	63600000	63700000	0.0	NA
chrX	63700000	63800000	0.0	NA
chrX	63800000	63900000	0.0	NA
chrX	63900000	64000000	0.0	NA
chrX	64000000	64100000	0.0	NA
chrX	64100000	64200000	0.0	NA
chrX	64200000	64300000	0.0	NA
chrX	64300000	64400000	0.0	NA
chrX	64400000	64500000	0.0	NA
chrX	64500000	64600000	0.0	NA
chrX	64600000	64700000	0.0	NA
chrX	64700000	64800000	0.0	NA
chrX	64800000	64900000	0.0	NA
chrX	64900000	65000000	0.0	NA
chrX	65000000	65100000	0.0	NA
chrX	65100000	65200000	0.0	NA
chrX	65200000	65300000	0.0	NA
chrX	65300000	65400000	0.0	NA
chrX	65400000	65500000	0.0	NA
chrX	65500000	65600000	0.0	NA
chrX	65600000	65700000	0.0	NA
chrX	65700000	65800000	0.0	NA
chrX	65800000	65900000	0.0	NA
chrX	65900000	66000000	0.0	NA
chrX	66000000	66100000	0.0	NA
chrX	66100000	66200000	0.0	NA
chrX	66200000	66300000	0.0	NA
chrX	66300000	66400000	0.0	NA
chrX	66400000	66500000	0.0	NA
chrX	66500000	66600000	0.0	NA
chrX	66600000	66700000	0.0	NA
chrX	66700000	66800000	0.0	NA
chrX	66800000	66900000	0.0	NA
chrX	66900000	67000000	0.0	NA
chrX	67000000	67100000	0.0	NA
chrX	67100000	67200000	0.0	NA
chrX	67200000	67300000	0.0	NA
chrX	67300000	67400000	0.0	NA
chrX	67400000	67500000	0.0	NA
chrX	67500000	67600000	0.0	NA
chrX	67600000	67700000	0.0	NA
chrX	67700000	67800000	0.0	NA
chrX	67800000	67900000	0.0	NA
chrX	67900000	68000000	0.0	NA
chrX	68000000	68100000	0.0	NA
chrX	68100000	68200000	0.0	NA
chrX	68200000	68300000	0.0	NA
chrX	68300000	68400000	0.0	NA
chrX	68400000	68500000	0.0	NA
chrX	68500000	68600000	0.0	NA
chrX	68600000	68700000	0.0	NA
chrX	68700000	68800000	0.0	NA
chrX	68800000	68900000	0.0	NA
chrX	68900000	69000000	0.0	NA
chrX	69000000	69100000	0.0	NA
chrX	69100000	69200000	0.0	NA
chrX	69200000	69300000	0.0	NA
chrX	69300000	69400000	0.0	NA
chrX	69400000	69500000	0.0	NA
chrX	69500000	69600000	0.0	NA
chrX	69600000	69700000	0.0	NA
chrX	69700000	69800000	0.0	NA
chrX	69800000	69900000	0.0	NA
chrX	69900000	70000000	0.0	NA
chrX	70000000	70100000	0.0	NA
chrX	70100000	70200000	0.0	NA
chrX	70200000	70300000	0.0	NA
chrX	70300000	70400000	0.0	NA
chrX	70400000	70500000	0.0	NA
chrX	70500000	70600000	0.0	NA
chrX	70600000	70700000	0.0	NA
chrX	70700000	70800000	0.0	NA
chrX	70800000	70900000	0.0	NA
chrX	70900000	71000000	0.0	NA
chrX	71000000	71100000	0.0	NA
chrX	71100000	71200000	0.0	NA
chrX	71200000	71300000	0.0	NA
chrX	71300000	71400000	0.0	NA
chrX	71400000	71500000	0.0	NA
chrX	71500000	71600000	0.0	NA
chrX	71600000	71700000	0.0	NA
chrX	71700000	71800000	0.0	NA
chrX	71800000	71900000	0.0	NA
chrX	71900000	72000000	0.0	NA
chrX	72000000	72100000	0.0	NA
chrX	72100000	72200000	0.0	NA
chrX	72200000	72300000	0.0	NA
chrX	72300000	72400000	0.0	NA
chrX	72400000	72500000	0.0	NA
chrX	72500000	72600000	0.0	NA
chrX	72600000	72700000	0.0	NA
chrX	72700000	72800000	0.0	NA
chrX	72800000	72900000	0.0	NA
chrX	72900000	73000000	0.0	NA
chrX	73000000	73100000	0.0	NA
chrX	73100000	73200000	0.0	NA
chrX	73200000	73300000	0.0	NA
chrX	73300000	73400000	0.0	NA
chrX	73400000	73500000	0.0	NA
chrX	73500000	73600000	0.0	NA
chrX	73600000	73700000	0.0	NA
chrX	73700000	73800000	0.0	NA
chrX	73800000	73900000	0.0	NA
chrX	73900000	74000000	0.0	NA
chrX	74000000	74100000	0.0	NA
chrX	74100000	74200000	0.0	NA
chrX	74200000	74300000	0.0	NA
chrX	74300000	74400000	0.0	NA
chrX	74400000	74500000	0.0	NA
chrX	74500000	74600000	0.0	NA
chrX	74600000	74700000	0.0	NA
chrX	74700000	74800000	0.0	NA
chrX	74800000	74900000	0.0	NA
chrX	74900000	75000000	0.0	NA
chrX	75000000	75100000	0.0	NA
chrX	75100000	75200000	0.0	NA
chrX	75200000	75300000	0.0	NA
chrX	75300000	75400000	0.0	NA
chrX	75400000	75500000	0.0	NA
chrX	75500000	75600000	0.0	NA
chrX	75600000	75700000	0.0	NA
chrX	75700000	75800000	0.0	NA
chrX	75800000	75900000	0.0	NA
chrX	75900000	76000000	0.0	NA
chrX	76000000	76100000	0.0	NA
chrX	76100000	76200000	0.0	NA
chrX	76200000	76300000	0.0	NA
chrX	76300000	76400000	0.0	NA
chrX	76400000	76500000	0.0	NA
chrX	76500000	76600000	0.0	NA
chrX	76600000	76700000	0.0	NA
chrX	76700000	76800000	0.0	NA
chrX	76800000	76900000	0.0	NA
chrX	76900000	77000000	0.0	NA
chrX	77000000	77100000	0.0	NA
chrX	77100000	77200000	0.0	NA
chrX	77200000	77300000	0.0	NA
chrX	77300000	77400000	0.0	NA
chrX	77400000	77500000	0.0	NA
chrX	77500000	77600000	0.0	NA
chrX	77600000	77700000	0.0	NA
chrX	77700000	77800000	0.0	NA
chrX	77800000	77900000	0.0	NA
chrX	77900000	78000000	0.0006156199520794762	37998
chrX	78000000	78100000	0.00048403991211813484	69973
chrX	78100000	78200000	0.0003419134532253197	76470
chrX	78200000	78300000	0.00045838313416628434	56319
chrX	78300000	78400000	0.0003935674879538331	79018
chrX	78400000	78500000	0.0007375033420888965	76906
chrX	78500000	78600000	0.0009029055273727926	80798
chrX	78600000	78700000	0.0008201935498071231	72185
chrX	78700000	78800000	0.0009007755656629037	72233
chrX	78800000	78900000	0.0008231673828334206	85322
chrX	78900000	79000000	0.0012786026953349443	71153
chrX	79000000	79100000	0.0017467265220189859	74574
chrX	79100000	79200000	0.0018940649701824344	68742
chrX	79200000	79300000	0.0012843540225874381	57453
chrX	79300000	79400000	0.0007863949076182102	71543
chrX	79400000	79500000	0.0007808399729410602	56673
chrX	79500000	79600000	0.0	185
chrX	79600000	79700000	0.0	NA
chrX	79700000	79800000	0.00046902711924062693	70979
chrX	79800000	79900000	0.0003749439750205397	69882
chrX	79900000	80000000	0.00033249793763671264	17079
chrX	80000000	80100000	0.0004227594466069992	22051
chrX	80100000	80200000	0.0007875133951518869	64438
chrX	80200000	80300000	0.0007492566443251969	60867
chrX	80300000	80400000	0.0006235110145249114	49662
chrX	80400000	80500000	0.0	NA
chrX	80500000	80600000	0.00043455540245664114	32793
chrX	80600000	80700000	0.0005493337288505528	87081
chrX	80700000	80800000	0.0010710093050494242	78084
chrX	80800000	80900000	0.0006961175823077855	82390
chrX	80900000	81000000	0.0005164971287680111	71089
chrX	81000000	81100000	0.0006805839715957261	65405
chrX	81100000	81200000	0.0006423033451630469	81176
chrX	81200000	81300000	0.00037630357244358486	71634
chrX	81300000	81400000	0.0006973868470404782	84901
chrX	81400000	81500000	0.00043710503346366345	80220
chrX	81500000	81600000	0.00027756604900394877	87904
chrX	81600000	81700000	0.0005399345775319555	80926
chrX	81700000	81800000	0.0009444119619684096	75521
chrX	81800000	81900000	0.001094925830461557	78503
chrX	81900000	82000000	0.000680600487553725	79390
chrX	82000000	82100000	0.0008729488900405422	70360
chrX	82100000	82200000	0.0006537929904027175	82185
chrX	82200000	82300000	0.0009718448098709677	80752
chrX	82300000	82400000	0.0007280122289342536	75059
chrX	82400000	82500000	0.0007097482477858197	81344
chrX	82500000	82600000	0.00042028578320891174	77677
chrX	82600000	82700000	0.0004941225948372434	70306
chrX	82700000	82800000	0.00029876682920992577	86482
chrX	82800000	82900000	0.00029661649985591017	73797
chrX	82900000	83000000	0.00033841919037013774	65746
chrX	83000000	83100000	0.000339221389731173	71216
chrX	83100000	83200000	0.00027950527985315507	61184
chrX	83200000	83300000	0.00031682045329949884	77716
chrX	83300000	83400000	0.0002784128781370821	10199
chrX	83400000	83500000	0.00036870357927567355	50376
chrX	83500000	83600000	0.0008272127975625715	55116
chrX	83600000	83700000	0.0	NA
chrX	83700000	83800000	0.0016775615376966703	35573
chrX	83800000	83900000	0.0012055287452187105	72500
chrX	83900000	84000000	0.0007551816930458159	82759
chrX	84000000	84100000	0.0010036076438309075	76378
chrX	84100000	84200000	0.0009467405304253505	62829
chrX	84200000	84300000	0.0009829010639255502	33244
chrX	84300000	84400000	0.0011013821335798272	26706
chrX	84400000	84500000	0.0005259955969622451	70104
chrX	84500000	84600000	0.0007581568810128841	3887
chrX	84600000	84700000	0.0012793825641238604	46655
chrX	84700000	84800000	0.0007967770820067182	83194
chrX	84800000	84900000	0.0018888502458589418	74517
chrX	84900000	85000000	0.0013646623072608947	65222
chrX	85000000	85100000	0.0009316961476633333	68020
chrX	85100000	85200000	0.0007625786063159727	12413
chrX	85200000	85300000	0.0	NA
chrX	85300000	85400000	0.001194984969058268	70772
chrX	85400000	85500000	0.0005685664270199001	2548
chrX	85500000	85600000	0.0	NA
chrX	85600000	85700000	0.0	NA
chrX	85700000	85800000	0.0	NA
chrX	85800000	85900000	0.0	NA
chrX	85900000	86000000	0.0	NA
chrX	86000000	86100000	0.000805610933384613	11229
chrX	86100000	86200000	0.0007535152245692429	76098
chrX	86200000	86300000	0.0009008960489768088	73869
chrX	86300000	86400000	0.0010689691256216434	73342
chrX	86400000	86500000	0.0015135132663860993	79538
chrX	86500000	86600000	0.0010735810549325569	80524
chrX	86600000	86700000	0.0011762718049709124	80310
chrX	86700000	86800000	0.0009185876618839375	54161
chrX	86800000	86900000	0.0	NA
chrX	86900000	87000000	0.000981547432743534	57181
chrX	87000000	87100000	0.0013203387086374754	71326
chrX	87100000	87200000	0.0009885540236996063	85549
chrX	87200000	87300000	0.0010304415241471593	77545
chrX	87300000	87400000	0.0010313591563803216	87214
chrX	87400000	87500000	0.0013190967101072775	82770
chrX	87500000	87600000	0.0016308687597391793	71770
chrX	87600000	87700000	0.0016256087537689973	84236
chrX	87700000	87800000	0.0019277910154435328	73486
chrX	87800000	87900000	0.0008891625591964436	82864
chrX	87900000	88000000	0.001217160921170189	83275
chrX	88000000	88100000	0.0006321602895478694	63045
chrX	88100000	88200000	0.0008372336504053877	81860
chrX	88200000	88300000	0.0009807152023863183	83872
chrX	88300000	88400000	0.0008460012120891245	82143
chrX	88400000	88500000	0.000944930850348689	47115
chrX	88500000	88600000	0.0	65
chrX	88600000	88700000	0.0	62
chrX	88700000	88800000	0.0	51
chrX	88800000	88900000	0.0008406214665053551	1265
chrX	88900000	89000000	0.0026125415949337437	9301
chrX	89000000	89100000	0.0021548285229343878	599
chrX	89100000	89200000	0.0	33
chrX	89200000	89300000	0.0011576900215311736	34332
chrX	89300000	89400000	0.0011136219239760612	41558
chrX	89400000	89500000	0.00024385307412292583	3412
chrX	89500000	89600000	0.0006618535995853975	1833
chrX	89600000	89700000	0.0004624476298342004	514
chrX	89700000	89800000	0.002826279964486535	372
chrX	89800000	89900000	0.0008937927515909167	4368
chrX	89900000	90000000	0.0006899131629298925	1360
chrX	90000000	90100000	0.0005900057379444508	782
chrX	90100000	90200000	0.000773817811962752	7649
chrX	90200000	90300000	0.0014613140071462266	6996
chrX	90300000	90400000	0.0009540315823950788	77222
chrX	90400000	90500000	0.002201395900092182	228
chrX	90500000	90600000	0.0012592642557925548	66546
chrX	90600000	90700000	0.001168034571934299	62942
chrX	90700000	90800000	0.0013257773610350285	30386
chrX	90800000	90900000	0.000513439018264911	1345
chrX	90900000	91000000	0.0009898783064356755	17357
chrX	91000000	91100000	0.0018789812766677545	276
chrX	91100000	91200000	0.0	NA
chrX	91200000	91300000	0.0	NA
chrX	91300000	91400000	0.0	NA
chrX	91400000	91500000	0.0	NA
chrX	91500000	91600000	0.0	NA
chrX	91600000	91700000	0.0	NA
chrX	91700000	91800000	0.0	NA
chrX	91800000	91900000	0.0006875585621762993	648
chrX	91900000	92000000	0.0	250
chrX	92000000	92100000	0.0021256651929705433	226
chrX	92100000	92200000	0.0009514779364245233	4282
chrX	92200000	92300000	0.00016700031044929506	857
chrX	92300000	92400000	0.0005672798633867726	21631
chrX	92400000	92500000	0.0008614984554723753	82097
chrX	92500000	92600000	0.0012364249045791224	80729
chrX	92600000	92700000	0.0008192353851606511	82484
chrX	92700000	92800000	0.0010829313148381934	84326
chrX	92800000	92900000	0.0008603051323151549	77046
chrX	92900000	93000000	0.0007856655692125699	49011
chrX	93000000	93100000	0.0004808035192927737	90770
chrX	93100000	93200000	0.0007280590797530187	79369
chrX	93200000	93300000	0.0012690056477584857	81587
chrX	93300000	93400000	0.0011996098412799109	82176
chrX	93400000	93500000	0.0010008320451957654	84111
chrX	93500000	93600000	0.0013197609681912272	82435
chrX	93600000	93700000	0.000932454099561266	86640
chrX	93700000	93800000	0.0008471444919103677	79207
chrX	93800000	93900000	0.000719280312416366	83504
chrX	93900000	94000000	0.0005579439938056548	79081
chrX	94000000	94100000	0.000982928337565194	68599
chrX	94100000	94200000	0.000724439175218811	81259
chrX	94200000	94300000	0.0008987379911618038	82929
chrX	94300000	94400000	0.0010808956053612658	79103
chrX	94400000	94500000	0.0010905501514814262	80136
chrX	94500000	94600000	0.0006717163259353803	80477
chrX	94600000	94700000	0.000787420185975516	83628
chrX	94700000	94800000	0.0006782672503312948	85075
chrX	94800000	94900000	0.0008804553180020364	76229
chrX	94900000	95000000	0.0006678699934552731	86842
chrX	95000000	95100000	0.0007370724012932367	78596
chrX	95100000	95200000	0.0010115946390443049	82344
chrX	95200000	95300000	0.0010734662818911397	79875
chrX	95300000	95400000	0.0006258694683658854	73828
chrX	95400000	95500000	0.0005091005565421387	76776
chrX	95500000	95600000	0.0008625815615897797	66411
chrX	95600000	95700000	0.0005518943756222331	80332
chrX	95700000	95800000	0.0006570927120837394	72601
chrX	95800000	95900000	0.0008769805597406155	65373
chrX	95900000	96000000	0.0008629466066356155	29983
chrX	96000000	96100000	0.0	NA
chrX	96100000	96200000	0.0	NA
chrX	96200000	96300000	0.0	NA
chrX	96300000	96400000	0.0	NA
chrX	96400000	96500000	0.0	NA
chrX	96500000	96600000	0.0	NA
chrX	96600000	96700000	0.0	NA
chrX	96700000	96800000	0.0	NA
chrX	96800000	96900000	0.0007796228357951363	39876
chrX	96900000	97000000	0.000988022068595682	83338
chrX	97000000	97100000	0.00083607656053881	82586
chrX	97100000	97200000	0.0005534802821307215	80776
chrX	97200000	97300000	0.0008930246379646277	85277
chrX	97300000	97400000	0.0008841847259517855	81899
chrX	97400000	97500000	0.0005021584604122622	80460
chrX	97500000	97600000	0.0004681576031633739	79157
chrX	97600000	97700000	0.0005620759717344907	75053
chrX	97700000	97800000	0.0005091113635547096	83246
chrX	97800000	97900000	0.0006519008255253569	79038
chrX	97900000	98000000	0.0005877256750427532	74310
chrX	98000000	98100000	0.00046652754411914617	85181
chrX	98100000	98200000	0.0004529583773453403	79778
chrX	98200000	98300000	0.0005261216466819243	89955
chrX	98300000	98400000	0.0005296677563688927	86195
chrX	98400000	98500000	0.000963409924119583	78522
chrX	98500000	98600000	0.0005553175710787079	80628
chrX	98600000	98700000	0.000430540134085823	86591
chrX	98700000	98800000	0.00046012599528441514	15641
chrX	98800000	98900000	0.0	NA
chrX	98900000	99000000	0.0	NA
chrX	99000000	99100000	0.0	NA
chrX	99100000	99200000	0.0009880759054025899	3687
chrX	99200000	99300000	0.0005147571396244899	88148
chrX	99300000	99400000	0.0002715783831406218	74942
chrX	99400000	99500000	0.00030948689314411117	42883
chrX	99500000	99600000	0.0	NA
chrX	99600000	99700000	0.0	NA
chrX	99700000	99800000	0.0	NA
chrX	99800000	99900000	0.0	NA
chrX	99900000	100000000	0.0	NA
chrX	100000000	100100000	0.0	NA
chrX	100100000	100200000	0.0	NA
chrX	100200000	100300000	0.0	NA
chrX	100300000	100400000	0.0	NA
chrX	100400000	100500000	0.0	NA
chrX	100500000	100600000	0.0	NA
chrX	100600000	100700000	0.0	NA
chrX	100700000	100800000	0.0	NA
chrX	100800000	100900000	0.0	NA
chrX	100900000	101000000	0.0	NA
chrX	101000000	101100000	0.0	NA
chrX	101100000	101200000	0.0	NA
chrX	101200000	101300000	0.0	NA
chrX	101300000	101400000	0.0	NA
chrX	101400000	101500000	0.0	NA
chrX	101500000	101600000	0.0	NA
chrX	101600000	101700000	0.0	NA
chrX	101700000	101800000	0.0	NA
chrX	101800000	101900000	0.0	NA
chrX	101900000	102000000	0.0	NA
chrX	102000000	102100000	0.0	NA
chrX	102100000	102200000	0.0	NA
chrX	102200000	102300000	0.0	NA
chrX	102300000	102400000	0.0	NA
chrX	102400000	102500000	0.0	NA
chrX	102500000	102600000	0.0	NA
chrX	102600000	102700000	0.0	NA
chrX	102700000	102800000	0.0	NA
chrX	102800000	102900000	0.0	NA
chrX	102900000	103000000	0.0	NA
chrX	103000000	103100000	0.0	NA
chrX	103100000	103200000	0.0	NA
chrX	103200000	103300000	0.0	NA
chrX	103300000	103400000	0.0	NA
chrX	103400000	103500000	0.0	NA
chrX	103500000	103600000	0.0	NA
chrX	103600000	103700000	0.0	NA
chrX	103700000	103800000	0.0	NA
chrX	103800000	103900000	0.0	NA
chrX	103900000	104000000	0.0	NA
chrX	104000000	104100000	0.0	NA
chrX	104100000	104200000	0.0	NA
chrX	104200000	104300000	0.0	NA
chrX	104300000	104400000	0.0	NA
chrX	104400000	104500000	0.0	NA
chrX	104500000	104600000	0.0	NA
chrX	104600000	104700000	0.0	NA
chrX	104700000	104800000	0.0	NA
chrX	104800000	104900000	0.0	NA
chrX	104900000	105000000	0.0	NA
chrX	105000000	105100000	0.0	NA
chrX	105100000	105200000	0.0	NA
chrX	105200000	105300000	0.0	NA
chrX	105300000	105400000	0.0	NA
chrX	105400000	105500000	0.0	NA
chrX	105500000	105600000	0.0	NA
chrX	105600000	105700000	0.0	NA
chrX	105700000	105800000	0.0	NA
chrX	105800000	105900000	0.0	NA
chrX	105900000	106000000	0.0	NA
chrX	106000000	106100000	0.0	NA
chrX	106100000	106200000	0.0	NA
chrX	106200000	106300000	0.0	NA
chrX	106300000	106400000	0.0	NA
chrX	106400000	106500000	0.0	NA
chrX	106500000	106600000	0.0	NA
chrX	106600000	106700000	0.0	NA
chrX	106700000	106800000	0.0	NA
chrX	106800000	106900000	0.0	NA
chrX	106900000	107000000	0.0	NA
chrX	107000000	107100000	0.0	NA
chrX	107100000	107200000	0.0	NA
chrX	107200000	107300000	0.0	NA
chrX	107300000	107400000	0.0	NA
chrX	107400000	107500000	0.0	NA
chrX	107500000	107600000	0.0	NA
chrX	107600000	107700000	0.0	NA
chrX	107700000	107800000	0.0	NA
chrX	107800000	107900000	0.0	NA
chrX	107900000	108000000	0.0	NA
chrX	108000000	108100000	0.0	NA
chrX	108100000	108200000	0.0	NA
chrX	108200000	108300000	0.0	NA
chrX	108300000	108400000	0.0	NA
chrX	108400000	108500000	0.0	NA
chrX	108500000	108600000	0.0	NA
chrX	108600000	108700000	0.0	NA
chrX	108700000	108800000	0.0	NA
chrX	108800000	108900000	0.0	NA
chrX	108900000	109000000	0.0	NA
chrX	109000000	109100000	0.0	NA
chrX	109100000	109200000	0.0	NA
chrX	109200000	109300000	0.0	NA
chrX	109300000	109400000	0.0	NA
chrX	109400000	109500000	0.0	NA
chrX	109500000	109600000	0.0	NA
chrX	109600000	109700000	0.0	NA
chrX	109700000	109800000	0.0	NA
chrX	109800000	109900000	0.0	NA
chrX	109900000	110000000	0.0	NA
chrX	110000000	110100000	0.0	NA
chrX	110100000	110200000	0.0	NA
chrX	110200000	110300000	0.0	NA
chrX	110300000	110400000	0.0	NA
chrX	110400000	110500000	0.0	NA
chrX	110500000	110600000	0.0	NA
chrX	110600000	110700000	0.0	NA
chrX	110700000	110800000	0.0	NA
chrX	110800000	110900000	0.0	NA
chrX	110900000	111000000	0.0	NA
chrX	111000000	111100000	0.0	NA
chrX	111100000	111200000	0.0	NA
chrX	111200000	111300000	0.0	NA
chrX	111300000	111400000	0.0	NA
chrX	111400000	111500000	0.0	NA
chrX	111500000	111600000	0.0	NA
chrX	111600000	111700000	0.0	NA
chrX	111700000	111800000	0.0009650542230430536	67021
chrX	111800000	111900000	0.0010530455760656052	50947
chrX	111900000	112000000	0.0006309830219684	57531
chrX	112000000	112100000	0.0006529008409154118	28931
chrX	112100000	112200000	0.0006205013653935347	71251
chrX	112200000	112300000	0.0006583257980962044	68433
chrX	112300000	112400000	0.0	NA
chrX	112400000	112500000	0.0	NA
chrX	112500000	112600000	0.0	NA
chrX	112600000	112700000	0.0	NA
chrX	112700000	112800000	0.0007907790542912534	29177
chrX	112800000	112900000	0.0006776679901310041	48656
chrX	112900000	113000000	0.0	NA
chrX	113000000	113100000	0.0	NA
chrX	113100000	113200000	0.0005448744862019563	16190
chrX	113200000	113300000	0.0008669080580159833	73176
chrX	113300000	113400000	0.0007117246606226425	76626
chrX	113400000	113500000	0.000902468347492938	84368
chrX	113500000	113600000	0.0008091585104853081	40927
chrX	113600000	113700000	0.000793295550893011	83221
chrX	113700000	113800000	0.0005495169014695083	71662
chrX	113800000	113900000	0.00041662983361710797	16058
chrX	113900000	114000000	0.0	NA
chrX	114000000	114100000	0.0	NA
chrX	114100000	114200000	0.0010549141574902013	41507
chrX	114200000	114300000	0.0008459597135092789	72922
chrX	114300000	114400000	0.0005039268150322755	31462
chrX	114400000	114500000	0.0005285405738103875	23784
chrX	114500000	114600000	0.0006345540721096624	67241
chrX	114600000	114700000	0.0006616667878289528	82924
chrX	114700000	114800000	0.0006611024089780912	38538
chrX	114800000	114900000	0.0010372589402733571	8330
chrX	114900000	115000000	0.0005175317416846489	26510
chrX	115000000	115100000	0.0005933786467409973	12512
chrX	115100000	115200000	0.0005591025273773921	65562
chrX	115200000	115300000	0.000933352321205673	69242
chrX	115300000	115400000	0.0012630657201345946	71602
chrX	115400000	115500000	0.0010638694661510475	80908
chrX	115500000	115600000	0.0008927192076851369	64329
chrX	115600000	115700000	0.0011499963726039387	61160
chrX	115700000	115800000	0.0010280904599864796	52435
chrX	115800000	115900000	0.0006177714071837453	74698
chrX	115900000	116000000	0.0009321078743288662	73119
chrX	116000000	116100000	0.000822397319480406	76196
chrX	116100000	116200000	0.0009019432857716096	81446
chrX	116200000	116300000	0.0011405083245872027	78640
chrX	116300000	116400000	0.0009315795386782699	71475
chrX	116400000	116500000	0.0013926340563180024	70502
chrX	116500000	116600000	0.0015286807174206538	70238
chrX	116600000	116700000	0.0010320806613836949	74390
chrX	116700000	116800000	0.0009295913803804204	74679
chrX	116800000	116900000	0.001253431352382297	73773
chrX	116900000	117000000	0.001006359123153055	74148
chrX	117000000	117100000	0.0009096780005189713	22332
chrX	117100000	117200000	0.0	NA
chrX	117200000	117300000	0.0009527678419536953	40347
chrX	117300000	117400000	0.0009752810598550766	77294
chrX	117400000	117500000	0.0009100498917294684	49773
chrX	117500000	117600000	0.0010129941633705512	10631
chrX	117600000	117700000	0.0006686926474257993	14298
chrX	117700000	117800000	0.0	NA
chrX	117800000	117900000	0.0004544074507487479	26803
chrX	117900000	118000000	0.0007990391680025163	29815
chrX	118000000	118100000	0.0007392072009693607	53000
chrX	118100000	118200000	0.0006480151740639337	39921
chrX	118200000	118300000	0.0008544242238490597	21133
chrX	118300000	118400000	0.0007127336843281433	72783
chrX	118400000	118500000	0.0005500486999475855	44581
chrX	118500000	118600000	0.0007923883782491733	26471
chrX	118600000	118700000	0.0008060857995381317	40897
chrX	118700000	118800000	0.0005109834328516389	13229
chrX	118800000	118900000	0.0011088112773262556	36878
chrX	118900000	119000000	0.0008516069453101561	35385
chrX	119000000	119100000	0.0009206221538417449	25144
chrX	119100000	119200000	0.000763050709217907	48826
chrX	119200000	119300000	0.0004956994578370627	1874
chrX	119300000	119400000	0.000541138509160782	36215
chrX	119400000	119500000	0.000583041156593567	38344
chrX	119500000	119600000	0.0009276257421737854	28773
chrX	119600000	119700000	0.0005546872983857672	36035
chrX	119700000	119800000	0.0004529388932670016	44851
chrX	119800000	119900000	0.0009679768470400344	78262
chrX	119900000	120000000	0.0005146645051434936	65493
chrX	120000000	120100000	0.00011356906015095234	4678
chrX	120100000	120200000	0.00024003139136994557	61988
chrX	120200000	120300000	0.0005736259731324843	78949
chrX	120300000	120400000	0.0008992160201706078	78196
chrX	120400000	120500000	0.0009396563007313288	77432
chrX	120500000	120600000	0.0012498606963931458	77204
chrX	120600000	120700000	0.0007118052770164392	79432
chrX	120700000	120800000	0.0008531696830212562	88678
chrX	120800000	120900000	0.0007095248874358895	80903
chrX	120900000	121000000	0.0007045697958560239	79332
chrX	121000000	121100000	0.0008261681213465287	83464
chrX	121100000	121200000	0.0009514643260583116	79903
chrX	121200000	121300000	0.0007746768013624808	75811
chrX	121300000	121400000	0.0008712694752629978	74375
chrX	121400000	121500000	0.0011767779917373875	77267
chrX	121500000	121600000	0.0009880655428112794	81218
chrX	121600000	121700000	0.0012178564512063668	71563
chrX	121700000	121800000	0.0008283159017812899	84243
chrX	121800000	121900000	0.000884515866589355	77265
chrX	121900000	122000000	0.001147081221382108	85213
chrX	122000000	122100000	0.0006591595960777841	82171
chrX	122100000	122200000	0.000526237246041441	76885
chrX	122200000	122300000	0.0007109477538551641	82119
chrX	122300000	122400000	0.0005785883674542785	17186
chrX	122400000	122500000	0.0	NA
chrX	122500000	122600000	0.0	NA
chrX	122600000	122700000	0.0007726474459892027	57093
chrX	122700000	122800000	0.00042306808410344293	21285
chrX	122800000	122900000	0.00041736984089441986	16884
chrX	122900000	123000000	0.0006281698668318675	37929
chrX	123000000	123100000	0.0005560409538896452	21411
chrX	123100000	123200000	0.0	NA
chrX	123200000	123300000	0.0007750715539933039	38450
chrX	123300000	123400000	0.0010013031440591021	74654
chrX	123400000	123500000	0.000587491898694598	65027
chrX	123500000	123600000	0.0008489763193700114	2455
chrX	123600000	123700000	0.0	NA
chrX	123700000	123800000	0.0	NA
chrX	123800000	123900000	0.0	NA
chrX	123900000	124000000	0.0	NA
chrX	124000000	124100000	0.0011920460937093807	1941
chrX	124100000	124200000	0.0008450574313368768	80385
chrX	124200000	124300000	0.0007789640196916751	87713
chrX	124300000	124400000	0.0005641291455187732	86602
chrX	124400000	124500000	0.0011465035543020998	75313
chrX	124500000	124600000	0.0010879169696004344	77644
chrX	124600000	124700000	0.0010491659875131651	78830
chrX	124700000	124800000	0.0008749884397068344	79090
chrX	124800000	124900000	0.0006380131503234374	84335
chrX	124900000	125000000	0.0007331795350659446	77285
chrX	125000000	125100000	0.0008274487999258617	77400
chrX	125100000	125200000	0.0009881397958001047	82061
chrX	125200000	125300000	0.0009957984404196567	68702
chrX	125300000	125400000	0.0007336460489930412	72324
chrX	125400000	125500000	0.0008221445558583851	76372
chrX	125500000	125600000	0.000789261108470959	73295
chrX	125600000	125700000	0.0012271599135193832	78103
chrX	125700000	125800000	0.0005806400031980164	84456
chrX	125800000	125900000	0.0007317258247384759	84984
chrX	125900000	126000000	0.0008164007527629286	76090
chrX	126000000	126100000	0.0009204880668591057	69628
chrX	126100000	126200000	0.00045916578720111743	82209
chrX	126200000	126300000	0.00047895057777277246	75685
chrX	126300000	126400000	0.0004861025865055209	66387
chrX	126400000	126500000	0.0007755120221676311	78716
chrX	126500000	126600000	0.0005095556392999496	80933
chrX	126600000	126700000	0.0006905921459584172	77666
chrX	126700000	126800000	0.0005843358458747725	77423
chrX	126800000	126900000	0.0005876141410848597	88719
chrX	126900000	127000000	0.0007594977172152006	71594
chrX	127000000	127100000	0.0005557009597768314	86740
chrX	127100000	127200000	0.000622353053953328	82489
chrX	127200000	127300000	0.0005637174037599086	81487
chrX	127300000	127400000	0.00042207400457684903	78164
chrX	127400000	127500000	0.00042063680052938085	86911
chrX	127500000	127600000	0.0003006333570504333	76013
chrX	127600000	127700000	0.0003616944587422558	83845
chrX	127700000	127800000	0.00045844142692648394	82895
chrX	127800000	127900000	0.0007227024126740874	72823
chrX	127900000	128000000	0.0006832566544013526	71949
chrX	128000000	128100000	0.0006434074496078886	82544
chrX	128100000	128200000	0.0006656248170361288	76311
chrX	128200000	128300000	0.0004013470691437513	28145
chrX	128300000	128400000	0.0	NA
chrX	128400000	128500000	0.0	NA
chrX	128500000	128600000	0.0	NA
chrX	128600000	128700000	0.0	NA
chrX	128700000	128800000	0.0	NA
chrX	128800000	128900000	0.0	NA
chrX	128900000	129000000	0.0	NA
chrX	129000000	129100000	0.0	NA
chrX	129100000	129200000	0.0	NA
chrX	129200000	129300000	0.0	NA
chrX	129300000	129400000	0.0	NA
chrX	129400000	129500000	0.0	NA
chrX	129500000	129600000	0.0	NA
chrX	129600000	129700000	0.0	NA
chrX	129700000	129800000	0.0	NA
chrX	129800000	129900000	0.0	NA
chrX	129900000	130000000	0.0	NA
chrX	130000000	130100000	0.0	NA
chrX	130100000	130200000	0.0	NA
chrX	130200000	130300000	0.0	NA
chrX	130300000	130400000	0.0	NA
chrX	130400000	130500000	0.0	NA
chrX	130500000	130600000	0.0	NA
chrX	130600000	130700000	0.0	NA
chrX	130700000	130800000	0.0	NA
chrX	130800000	130900000	0.0	NA
chrX	130900000	131000000	0.0	NA
chrX	131000000	131100000	0.0	NA
chrX	131100000	131200000	0.0	NA
chrX	131200000	131300000	0.0	NA
chrX	131300000	131400000	0.0	NA
chrX	131400000	131500000	0.0	NA
chrX	131500000	131600000	0.0	NA
chrX	131600000	131700000	0.0	NA
chrX	131700000	131800000	0.0	NA
chrX	131800000	131900000	0.0	NA
chrX	131900000	132000000	0.0	NA
chrX	132000000	132100000	0.0	NA
chrX	132100000	132200000	0.0	NA
chrX	132200000	132300000	0.0	NA
chrX	132300000	132400000	0.0	NA
chrX	132400000	132500000	0.0	NA
chrX	132500000	132600000	0.0	NA
chrX	132600000	132700000	0.0	NA
chrX	132700000	132800000	0.0	NA
chrX	132800000	132900000	0.0	NA
chrX	132900000	133000000	0.0	NA
chrX	133000000	133100000	0.0	NA
chrX	133100000	133200000	0.0	NA
chrX	133200000	133300000	0.0	NA
chrX	133300000	133400000	0.0	NA
chrX	133400000	133500000	0.0	NA
chrX	133500000	133600000	0.0	NA
chrX	133600000	133700000	0.0	NA
chrX	133700000	133800000	0.0	NA
chrX	133800000	133900000	0.0	NA
chrX	133900000	134000000	0.0	NA
chrX	134000000	134100000	0.0	NA
chrX	134100000	134200000	0.0	NA
chrX	134200000	134300000	0.0	NA
chrX	134300000	134400000	0.0	NA
chrX	134400000	134500000	0.0	NA
chrX	134500000	134600000	0.0	NA
chrX	134600000	134700000	0.0	NA
chrX	134700000	134800000	0.0	NA
chrX	134800000	134900000	0.0	NA
chrX	134900000	135000000	0.0	NA
chrX	135000000	135100000	0.0	NA
chrX	135100000	135200000	0.0	NA
chrX	135200000	135300000	0.0	NA
chrX	135300000	135400000	0.0	NA
chrX	135400000	135500000	0.0	NA
chrX	135500000	135600000	0.0	NA
chrX	135600000	135700000	0.0	NA
chrX	135700000	135800000	0.0	NA
chrX	135800000	135900000	0.0	NA
chrX	135900000	136000000	0.0	NA
chrX	136000000	136100000	0.0	NA
chrX	136100000	136200000	0.0	NA
chrX	136200000	136300000	0.0	NA
chrX	136300000	136400000	0.0	NA
chrX	136400000	136500000	0.0	NA
chrX	136500000	136600000	0.0	NA
chrX	136600000	136700000	0.0	NA
chrX	136700000	136800000	0.00025420828784199976	2815
chrX	136800000	136900000	0.00046134134006675225	70269
chrX	136900000	137000000	0.0005264819403774289	83240
chrX	137000000	137100000	0.0007750797638957946	76557
chrX	137100000	137200000	0.00038577603419594284	69559
chrX	137200000	137300000	0.000561612018929479	79877
chrX	137300000	137400000	0.0007729401453628592	70831
chrX	137400000	137500000	0.0008090387313853264	81591
chrX	137500000	137600000	0.0009282605726477507	80843
chrX	137600000	137700000	0.00026636553076432937	84750
chrX	137700000	137800000	0.00027218987074067996	11618
chrX	137800000	137900000	0.0	NA
chrX	137900000	138000000	0.0	NA
chrX	138000000	138100000	0.0	NA
chrX	138100000	138200000	0.0	NA
chrX	138200000	138300000	0.0011334994437254783	10876
chrX	138300000	138400000	0.0007689874834028964	82163
chrX	138400000	138500000	0.000979091688599229	78737
chrX	138500000	138600000	0.0007163073406126563	73499
chrX	138600000	138700000	0.0006456547114599217	20843
chrX	138700000	138800000	0.0004141726741584541	8013
chrX	138800000	138900000	0.00043837990138806556	7085
chrX	138900000	139000000	0.0004789251228609259	63780
chrX	139000000	139100000	0.0008917093399416853	42201
chrX	139100000	139200000	0.0006449061244515383	70268
chrX	139200000	139300000	0.0005601015012083367	78120
chrX	139300000	139400000	0.0005636267058756621	63957
chrX	139400000	139500000	0.0004724047823454399	76316
chrX	139500000	139600000	0.000654115609239807	81907
chrX	139600000	139700000	0.0009747753961810195	85526
chrX	139700000	139800000	0.0006066718602050732	65512
chrX	139800000	139900000	0.0012116003393319841	34757
chrX	139900000	140000000	0.000963594659220495	83458
chrX	140000000	140100000	0.0007781466964473881	63624
chrX	140100000	140200000	0.0	NA
chrX	140200000	140300000	0.0007334161170072728	65869
chrX	140300000	140400000	0.0011186779808620225	53147
chrX	140400000	140500000	0.0009236760700855166	74746
chrX	140500000	140600000	0.001065406090426939	45584
chrX	140600000	140700000	0.0	NA
chrX	140700000	140800000	0.0006920810376655484	29666
chrX	140800000	140900000	0.0009029535658703491	73662
chrX	140900000	141000000	0.0009250436862781671	28070
chrX	141000000	141100000	0.001174529315805047	81059
chrX	141100000	141200000	0.0012044656269334932	81718
chrX	141200000	141300000	0.001048884766710841	70325
chrX	141300000	141400000	0.0012033154733321503	79200
chrX	141400000	141500000	0.0009601060941133446	70039
chrX	141500000	141600000	0.001151901961368605	72042
chrX	141600000	141700000	0.0015225359452557335	84230
chrX	141700000	141800000	0.0012130281191317692	81333
chrX	141800000	141900000	0.0009841991816458963	72238
chrX	141900000	142000000	0.0008731197531295546	74115
chrX	142000000	142100000	0.000868536927488186	79354
chrX	142100000	142200000	0.0009138539095557306	82860
chrX	142200000	142300000	0.001089112907845797	85677
chrX	142300000	142400000	0.0008287325596053916	83784
chrX	142400000	142500000	0.0009520664762567556	82097
chrX	142500000	142600000	0.0011461566270305327	79563
chrX	142600000	142700000	0.0009900391840847367	74762
chrX	142700000	142800000	0.0008246198925640469	70084
chrX	142800000	142900000	0.0010937774394522695	72483
chrX	142900000	143000000	0.0008068147037702599	83030
chrX	143000000	143100000	0.0007599539037867893	79689
chrX	143100000	143200000	0.000664192146021874	50308
chrX	143200000	143300000	0.0006493704053951099	3317
chrX	143300000	143400000	0.0012572747824732614	83346
chrX	143400000	143500000	0.000960642658004742	80611
chrX	143500000	143600000	0.0010854373246801216	40018
chrX	143600000	143700000	0.0012795393819912556	85863
chrX	143700000	143800000	0.0011215306863267662	81404
chrX	143800000	143900000	0.0010507601664345976	84151
chrX	143900000	144000000	0.0008888188649827213	84696
chrX	144000000	144100000	0.0011334044161311696	86463
chrX	144100000	144200000	0.0007490659067348292	83878
chrX	144200000	144300000	0.0014411275936641879	85733
chrX	144300000	144400000	0.001167594152874302	76908
chrX	144400000	144500000	0.0005127007468465819	76452
chrX	144500000	144600000	0.0008158575180844121	79929
chrX	144600000	144700000	0.0010909690767727707	87538
chrX	144700000	144800000	0.000692271137880572	87024
chrX	144800000	144900000	0.000918608587338193	82454
chrX	144900000	145000000	0.0008200375675830641	75125
chrX	145000000	145100000	0.0008893443658236441	80131
chrX	145100000	145200000	0.0009790976719953508	78751
chrX	145200000	145300000	0.0007115095743065472	83307
chrX	145300000	145400000	0.0010940235417615548	76426
chrX	145400000	145500000	0.0008354563272599873	81886
chrX	145500000	145600000	0.0007621840419639627	83363
chrX	145600000	145700000	0.0011179882224169875	88228
chrX	145700000	145800000	0.000695375726108019	80064
chrX	145800000	145900000	0.0013190798583490881	62280
chrX	145900000	146000000	0.0013158460962147183	72931
chrX	146000000	146100000	0.0009926931141156792	83332
chrX	146100000	146200000	0.0008562152037380669	84928
chrX	146200000	146300000	0.0007375359341265442	65998
chrX	146300000	146400000	0.0008737793796771482	70707
chrX	146400000	146500000	0.000970063415950131	79162
chrX	146500000	146600000	0.0008237005673243503	82920
chrX	146600000	146700000	0.0008854116169046663	88267
chrX	146700000	146800000	0.001109780648156524	83557
chrX	146800000	146900000	0.0005551096551656969	90871
chrX	146900000	147000000	0.0006146259966977301	68753
chrX	147000000	147100000	0.0005239890270964555	20925
chrX	147100000	147200000	0.0009552085912749478	77770
chrX	147200000	147300000	0.0006620309186209418	69302
chrX	147300000	147400000	0.0005095111321220182	76285
chrX	147400000	147500000	0.000621894154034721	72248
chrX	147500000	147600000	0.0006468732641501875	71667
chrX	147600000	147700000	0.0	NA
chrX	147700000	147800000	0.0	NA
chrX	147800000	147900000	0.0	NA
chrX	147900000	148000000	0.0	NA
chrX	148000000	148100000	0.0006704860777294687	16561
chrX	148100000	148200000	0.0006083534022456648	86056
chrX	148200000	148300000	0.0006959894288468182	74065
chrX	148300000	148400000	0.0007520090739010352	84756
chrX	148400000	148500000	0.0006963458611192678	79877
chrX	148500000	148600000	0.000932837178031804	55149
chrX	148600000	148700000	0.0006226153015143844	12987
chrX	148700000	148800000	0.0005569611918437475	24016
chrX	148800000	148900000	0.0006522540009853614	32428
chrX	148900000	149000000	0.00024262015975540685	2418
chrX	149000000	149100000	0.0001669962096645034	7879
chrX	149100000	149200000	0.00023096835807078812	11561
chrX	149200000	149300000	0.00038877512973409484	80591
chrX	149300000	149400000	0.0006362645504477775	80536
chrX	149400000	149500000	0.0006335593056458731	89618
chrX	149500000	149600000	0.0006405869653557545	27724
chrX	149600000	149700000	0.0013364809244581185	13685
chrX	149700000	149800000	0.0005000169749959776	31273
chrX	149800000	149900000	0.000723381290833726	17578
chrX	149900000	150000000	0.00038365304420350286	1010
chrX	150000000	150100000	0.0006796866002741123	25319
chrX	150100000	150200000	0.0010176082162941763	60222
chrX	150200000	150300000	0.0010206420563579688	75496
chrX	150300000	150400000	0.0009311631134833187	69505
chrX	150400000	150500000	0.0009362595438067006	78099
chrX	150500000	150600000	0.0007538929065345599	71549
chrX	150600000	150700000	0.0008977986775008335	78061
chrX	150700000	150800000	0.0005939676470142017	16602
chrX	150800000	150900000	0.0011468500598476397	38240
chrX	150900000	151000000	0.0008388633039610274	81420
chrX	151000000	151100000	0.0009311511023624339	77446
chrX	151100000	151200000	0.0008608440030072333	62385
chrX	151200000	151300000	0.0010339418896797964	64938
chrX	151300000	151400000	0.0006185092988414281	26120
chrX	151400000	151500000	0.0	NA
chrX	151500000	151600000	0.0	NA
chrX	151600000	151700000	0.0	NA
chrX	151700000	151800000	0.0	NA
chrX	151800000	151900000	0.0	NA
chrX	151900000	152000000	0.0	NA
chrX	152000000	152100000	0.0	NA
chrX	152100000	152200000	0.0	NA
chrX	152200000	152300000	0.0	NA
chrX	152300000	152400000	0.0	NA
chrX	152400000	152500000	0.0	NA
chrX	152500000	152600000	0.0	NA
chrX	152600000	152700000	0.0	NA
chrX	152700000	152800000	0.0	NA
chrX	152800000	152900000	0.0	NA
chrX	152900000	153000000	0.0	NA
chrX	153000000	153100000	0.0	NA
chrX	153100000	153200000	0.0	NA
chrX	153200000	153300000	0.0	NA
chrX	153300000	153400000	0.0	NA
chrX	153400000	153500000	0.0	NA
chrX	153500000	153600000	0.0	NA
chrX	153600000	153700000	0.0	NA
chrX	153700000	153800000	0.0	NA
chrX	153800000	153900000	0.0	NA
chrX	153900000	154000000	0.0	NA
chrX	154000000	154100000	0.0	NA
chrX	154100000	154200000	0.0	NA
chrX	154200000	154300000	0.0	NA
chrX	154300000	154400000	0.0	NA
chrX	154400000	154500000	0.0	NA
chrX	154500000	154600000	0.0	NA
chrX	154600000	154700000	0.0	NA
chrX	154700000	154800000	0.0	NA
chrX	154800000	154900000	0.0	NA
chrX	154900000	155000000	0.0	NA
chrX	155000000	155100000	0.0	NA
chrX	155100000	155200000	0.000660836039093213	19719
chrX	155200000	155270560	0.0011566550962614566	12695
