chrX	0	100000	0.0038089475503976203	1456
chrX	100000	200000	0.0026082440283075924	4965
chrX	200000	300000	0.00405725984961351	2964
chrX	300000	400000	0.002177199102074989	15533
chrX	400000	500000	0.002432104827707577	29352
chrX	500000	600000	0.002344745140326425	30548
chrX	600000	700000	0.0021240679347852703	32131
chrX	700000	800000	0.0023944077461832396	42139
chrX	800000	900000	0.001700639977368171	28095
chrX	900000	1000000	0.0019392584691124476	33413
chrX	1000000	1100000	0.0016580787353701178	10800
chrX	1100000	1200000	0.0	NA
chrX	1200000	1300000	0.002028315538657332	14837
chrX	1300000	1400000	0.0015475449210923828	11710
chrX	1400000	1500000	0.0023224526286050005	3621
chrX	1500000	1600000	0.001608220167271695	5994
chrX	1600000	1700000	0.0020552627220039423	13016
chrX	1700000	1800000	0.0022555157852955847	15723
chrX	1800000	1900000	0.001694332190889087	33177
chrX	1900000	2000000	0.0015991499465264553	42559
chrX	2000000	2100000	0.0019012700410196534	27331
chrX	2100000	2200000	0.0022134614575011233	5654
chrX	2200000	2300000	0.0	NA
chrX	2300000	2400000	0.0	NA
chrX	2400000	2500000	0.0014333598455922505	45281
chrX	2500000	2600000	0.001328983205809707	31936
chrX	2600000	2700000	0.0013920485447507175	9973
chrX	2700000	2800000	0.0013330295686422619	6527
chrX	2800000	2900000	0.0012453268387912664	22760
chrX	2900000	3000000	0.0008411806847547313	18211
chrX	3000000	3100000	0.0013322065674558914	41962
chrX	3100000	3200000	0.0013049560873009407	67756
chrX	3200000	3300000	0.0017796772170025608	40676
chrX	3300000	3400000	0.0010044074435625594	66600
chrX	3400000	3500000	0.0008469521984141893	62692
chrX	3500000	3600000	0.0007202798959691599	14266
chrX	3600000	3700000	0.0013194085408253756	32614
chrX	3700000	3800000	0.0011831117129092433	21192
chrX	3800000	3900000	0.0007948797252312023	25561
chrX	3900000	4000000	0.0014806778031017757	78839
chrX	4000000	4100000	0.0008535139473396552	79245
chrX	4100000	4200000	0.0014409823355096849	79718
chrX	4200000	4300000	0.0013947202372492286	84113
chrX	4300000	4400000	0.0008827148070212294	79369
chrX	4400000	4500000	0.000649862199379003	77637
chrX	4500000	4600000	0.0010043440025941065	75731
chrX	4600000	4700000	0.0009971680480980048	73578
chrX	4700000	4800000	0.0008811725986259426	76081
chrX	4800000	4900000	0.0008474957316620555	77400
chrX	4900000	5000000	0.0011170966704110326	79951
chrX	5000000	5100000	0.001232949924746102	74083
chrX	5100000	5200000	0.0007876614605413073	78953
chrX	5200000	5300000	0.0008662622537378012	81913
chrX	5300000	5400000	0.0012899675374025512	80640
chrX	5400000	5500000	0.0013047818443172132	79923
chrX	5500000	5600000	0.0012132004833688532	82766
chrX	5600000	5700000	0.0012124562011336783	76600
chrX	5700000	5800000	0.0008822909956076206	79391
chrX	5800000	5900000	0.000783876906554841	6848
chrX	5900000	6000000	0.0	NA
chrX	6000000	6100000	0.0	NA
chrX	6100000	6200000	0.0006502589895448504	40080
chrX	6200000	6300000	0.0006471205502854094	79340
chrX	6300000	6400000	0.0009491829951162627	81858
chrX	6400000	6500000	0.0008293182269013803	76866
chrX	6500000	6600000	0.0007375661395218959	79199
chrX	6600000	6700000	0.0007779095521444842	80898
chrX	6700000	6800000	0.0007832371285962232	84914
chrX	6800000	6900000	0.0008107170028449741	73474
chrX	6900000	7000000	0.0004927411278066651	30759
chrX	7000000	7100000	0.0	NA
chrX	7100000	7200000	0.0	NA
chrX	7200000	7300000	0.00029717003457115825	22227
chrX	7300000	7400000	0.0006641233938439137	85565
chrX	7400000	7500000	0.00055416376993564	79549
chrX	7500000	7600000	0.0007469319785430627	81085
chrX	7600000	7700000	0.0013386528137048412	39189
chrX	7700000	7800000	0.0006115655668826176	88353
chrX	7800000	7900000	0.0009624091418234539	55024
chrX	7900000	8000000	0.0005793166464481772	79564
chrX	8000000	8100000	0.0006614243056429575	84815
chrX	8100000	8200000	0.0005892574000232072	69704
chrX	8200000	8300000	0.0009155184322362053	83886
chrX	8300000	8400000	0.000881825077676821	84731
chrX	8400000	8500000	0.0008710612930463422	60611
chrX	8500000	8600000	0.0	NA
chrX	8600000	8700000	0.0	NA
chrX	8700000	8800000	0.0006948644398380661	64184
chrX	8800000	8900000	0.0007716050341168618	92359
chrX	8900000	9000000	0.0008034408657259794	64487
chrX	9000000	9100000	0.0007143091440174164	81408
chrX	9100000	9200000	0.0005584216489909475	86934
chrX	9200000	9300000	0.0008466994165097663	81300
chrX	9300000	9400000	0.0008236802909080621	65299
chrX	9400000	9500000	0.0007338561537892272	22404
chrX	9500000	9600000	0.0	NA
chrX	9600000	9700000	0.0010053762834890613	5219
chrX	9700000	9800000	0.0006757505696875426	11848
chrX	9800000	9900000	0.0	NA
chrX	9900000	10000000	0.0011109373182695073	44001
chrX	10000000	10100000	0.0	NA
chrX	10100000	10200000	0.0011010399994381339	8765
chrX	10200000	10300000	0.0008179157187375639	29283
chrX	10300000	10400000	0.0	NA
chrX	10400000	10500000	0.0	NA
chrX	10500000	10600000	0.0	NA
chrX	10600000	10700000	0.0	NA
chrX	10700000	10800000	0.0	NA
chrX	10800000	10900000	0.0	NA
chrX	10900000	11000000	0.0	NA
chrX	11000000	11100000	0.0	NA
chrX	11100000	11200000	0.0	NA
chrX	11200000	11300000	0.0	NA
chrX	11300000	11400000	0.0	NA
chrX	11400000	11500000	0.0	NA
chrX	11500000	11600000	0.0	NA
chrX	11600000	11700000	0.0	NA
chrX	11700000	11800000	0.0	NA
chrX	11800000	11900000	0.0	NA
chrX	11900000	12000000	0.0	NA
chrX	12000000	12100000	0.0	NA
chrX	12100000	12200000	0.0	NA
chrX	12200000	12300000	0.0	NA
chrX	12300000	12400000	0.0	NA
chrX	12400000	12500000	0.0	NA
chrX	12500000	12600000	0.0	NA
chrX	12600000	12700000	0.0	NA
chrX	12700000	12800000	0.0009137183938432723	43811
chrX	12800000	12900000	0.001209568679329858	25947
chrX	12900000	13000000	0.0009255799485471647	35930
chrX	13000000	13100000	0.0007587034769488192	74039
chrX	13100000	13200000	0.00036172679333509926	80230
chrX	13200000	13300000	0.0005072368092443983	83862
chrX	13300000	13400000	0.000337972452108743	73450
chrX	13400000	13500000	0.000980069883310999	78761
chrX	13500000	13600000	0.0007107641869079003	74737
chrX	13600000	13700000	0.000976837721715119	22874
chrX	13700000	13800000	0.0006725350102865595	9371
chrX	13800000	13900000	0.0	NA
chrX	13900000	14000000	0.0005584883804787348	29364
chrX	14000000	14100000	0.0007110364140902919	65754
chrX	14100000	14200000	0.0008020879505036553	79481
chrX	14200000	14300000	0.0005471041719807014	74794
chrX	14300000	14400000	0.0006393174585128909	79874
chrX	14400000	14500000	0.0005105967835969793	80841
chrX	14500000	14600000	0.00032450554984512874	42635
chrX	14600000	14700000	0.0	NA
chrX	14700000	14800000	0.0004284905369462328	38657
chrX	14800000	14900000	0.0005374194617207759	48752
chrX	14900000	15000000	0.0007361764771449621	42771
chrX	15000000	15100000	0.0005990483483788689	80872
chrX	15100000	15200000	0.0005613374780608209	82204
chrX	15200000	15300000	0.000697167356464574	58956
chrX	15300000	15400000	0.0005939860684754725	11373
chrX	15400000	15500000	0.0	NA
chrX	15500000	15600000	0.0004459511888855991	10123
chrX	15600000	15700000	0.0006688347284256668	13653
chrX	15700000	15800000	0.00038743591369856927	23510
chrX	15800000	15900000	0.0004567829142739448	26088
chrX	15900000	16000000	0.0005969016403254302	81552
chrX	16000000	16100000	0.000480168596089454	82768
chrX	16100000	16200000	0.0007579142665705193	53837
chrX	16200000	16300000	0.000799378138439519	72067
chrX	16300000	16400000	0.000889769546575363	72354
chrX	16400000	16500000	0.0005750617891622822	84033
chrX	16500000	16600000	0.0007808453925461759	70365
chrX	16600000	16700000	0.0005295002416100076	3618
chrX	16700000	16800000	0.0005874743283383657	12512
chrX	16800000	16900000	0.00037331460744199815	11521
chrX	16900000	17000000	0.0005084480093604471	32283
chrX	17000000	17100000	0.0	NA
chrX	17100000	17200000	0.0	NA
chrX	17200000	17300000	0.0	NA
chrX	17300000	17400000	0.0	NA
chrX	17400000	17500000	0.0	NA
chrX	17500000	17600000	0.0	NA
chrX	17600000	17700000	0.0	NA
chrX	17700000	17800000	0.0	NA
chrX	17800000	17900000	0.0	NA
chrX	17900000	18000000	0.0	NA
chrX	18000000	18100000	0.0	NA
chrX	18100000	18200000	0.0	NA
chrX	18200000	18300000	0.0	NA
chrX	18300000	18400000	0.0	NA
chrX	18400000	18500000	0.0	NA
chrX	18500000	18600000	0.0	NA
chrX	18600000	18700000	0.0	NA
chrX	18700000	18800000	0.0	NA
chrX	18800000	18900000	0.0006107874526440823	32737
chrX	18900000	19000000	0.0005458197219511508	7954
chrX	19000000	19100000	0.0001230392489221603	4116
chrX	19100000	19200000	0.0007589033841551827	39110
chrX	19200000	19300000	0.0009531655898402262	73116
chrX	19300000	19400000	0.0009727922176622587	2790
chrX	19400000	19500000	0.0	NA
chrX	19500000	19600000	0.0	NA
chrX	19600000	19700000	0.0	NA
chrX	19700000	19800000	0.0	NA
chrX	19800000	19900000	0.0	NA
chrX	19900000	20000000	0.0	NA
chrX	20000000	20100000	0.0	NA
chrX	20100000	20200000	0.0	NA
chrX	20200000	20300000	0.0	NA
chrX	20300000	20400000	0.0	NA
chrX	20400000	20500000	0.0	NA
chrX	20500000	20600000	0.0	NA
chrX	20600000	20700000	0.0	NA
chrX	20700000	20800000	0.0	NA
chrX	20800000	20900000	0.0	NA
chrX	20900000	21000000	0.0	NA
chrX	21000000	21100000	0.0	NA
chrX	21100000	21200000	0.0	NA
chrX	21200000	21300000	0.0	NA
chrX	21300000	21400000	0.0	NA
chrX	21400000	21500000	0.0	NA
chrX	21500000	21600000	0.0	NA
chrX	21600000	21700000	0.0	NA
chrX	21700000	21800000	0.0	NA
chrX	21800000	21900000	0.0	NA
chrX	21900000	22000000	0.0	NA
chrX	22000000	22100000	0.0	NA
chrX	22100000	22200000	0.0	NA
chrX	22200000	22300000	0.0	NA
chrX	22300000	22400000	0.0	NA
chrX	22400000	22500000	0.0	NA
chrX	22500000	22600000	0.0	NA
chrX	22600000	22700000	0.0	NA
chrX	22700000	22800000	0.0	NA
chrX	22800000	22900000	0.0	NA
chrX	22900000	23000000	0.0	NA
chrX	23000000	23100000	0.0	NA
chrX	23100000	23200000	0.0	NA
chrX	23200000	23300000	0.0	NA
chrX	23300000	23400000	0.0007469941183421977	38178
chrX	23400000	23500000	0.0007598368792970943	60203
chrX	23500000	23600000	0.0005111221133884031	72295
chrX	23600000	23700000	0.0017442097752447493	61975
chrX	23700000	23800000	0.001222106987359769	25799
chrX	23800000	23900000	0.0007444792670510872	25641
chrX	23900000	24000000	0.0006402308117216996	23844
chrX	24000000	24100000	0.0005324143847527187	10384
chrX	24100000	24200000	0.000635153534844509	32863
chrX	24200000	24300000	0.000825100835658146	44739
chrX	24300000	24400000	0.0006170839415685037	68865
chrX	24400000	24500000	0.0007043168012314261	63323
chrX	24500000	24600000	0.00034425353126149734	6730
chrX	24600000	24700000	0.00019993390614672838	7120
chrX	24700000	24800000	0.00013658711737808783	8397
chrX	24800000	24900000	0.0	NA
chrX	24900000	25000000	0.0	NA
chrX	25000000	25100000	0.0004265525049072548	56512
chrX	25100000	25200000	0.00045521497757481104	78985
chrX	25200000	25300000	0.0006537594239777685	85156
chrX	25300000	25400000	0.0003360846331670859	65743
chrX	25400000	25500000	0.00019003836527944776	80410
chrX	25500000	25600000	0.0005242888155264543	86307
chrX	25600000	25700000	0.0006801389870125055	91717
chrX	25700000	25800000	0.0008461994865480871	79346
chrX	25800000	25900000	0.0008157045951904189	84625
chrX	25900000	26000000	0.001018400320090133	75396
chrX	26000000	26100000	0.000705055775483001	81360
chrX	26100000	26200000	0.0007783797828139564	73080
chrX	26200000	26300000	0.0006227643294873367	74608
chrX	26300000	26400000	0.0007045075255771517	71017
chrX	26400000	26500000	0.0005676752466248553	84539
chrX	26500000	26600000	0.0006886795717884604	75100
chrX	26600000	26700000	0.00058664666989109	85836
chrX	26700000	26800000	0.0005494699770990636	81441
chrX	26800000	26900000	0.0006456534862920442	85563
chrX	26900000	27000000	0.0010263851920090327	86586
chrX	27000000	27100000	0.0009940841092850577	78634
chrX	27100000	27200000	0.0007603330178461235	75843
chrX	27200000	27300000	0.000743679826136509	81114
chrX	27300000	27400000	0.0008479849250725109	74297
chrX	27400000	27500000	0.0010038091932061597	78903
chrX	27500000	27600000	0.0007663926346194175	75188
chrX	27600000	27700000	0.0007523723517735404	82222
chrX	27700000	27800000	0.0007485327417990381	81185
chrX	27800000	27900000	0.0006173615042027646	75740
chrX	27900000	28000000	0.0005510691568367425	83629
chrX	28000000	28100000	0.0007452878992593385	87563
chrX	28100000	28200000	0.0004380834410750559	80671
chrX	28200000	28300000	0.0006674528607664603	83213
chrX	28300000	28400000	0.0005453617298000231	81454
chrX	28400000	28500000	0.0009214043960073744	74206
chrX	28500000	28600000	0.0008268675229476732	79862
chrX	28600000	28700000	0.0003478332260109815	5532
chrX	28700000	28800000	0.0	NA
chrX	28800000	28900000	0.0	NA
chrX	28900000	29000000	0.0	NA
chrX	29000000	29100000	0.0	NA
chrX	29100000	29200000	0.0	NA
chrX	29200000	29300000	0.0	NA
chrX	29300000	29400000	0.0	NA
chrX	29400000	29500000	0.0	NA
chrX	29500000	29600000	0.0	NA
chrX	29600000	29700000	0.0	NA
chrX	29700000	29800000	0.0	NA
chrX	29800000	29900000	0.0	NA
chrX	29900000	30000000	0.00031424129687136954	17886
chrX	30000000	30100000	0.000596577897464974	75211
chrX	30100000	30200000	0.00064617867952543	82088
chrX	30200000	30300000	0.0007564059630619985	68485
chrX	30300000	30400000	0.0007745590062394288	77006
chrX	30400000	30500000	0.0009868292311441137	81302
chrX	30500000	30600000	0.0009549398769645016	61425
chrX	30600000	30700000	0.0006842092460576971	46509
chrX	30700000	30800000	0.0005832065061755161	29646
chrX	30800000	30900000	0.0003682430214035657	20458
chrX	30900000	31000000	0.0008581652378829556	81314
chrX	31000000	31100000	0.0008821183912625548	79204
chrX	31100000	31200000	0.0004159391598352874	32605
chrX	31200000	31300000	0.0	NA
chrX	31300000	31400000	0.0	NA
chrX	31400000	31500000	0.0	NA
chrX	31500000	31600000	0.0	NA
chrX	31600000	31700000	0.0	NA
chrX	31700000	31800000	0.0	NA
chrX	31800000	31900000	0.0	NA
chrX	31900000	32000000	0.0	NA
chrX	32000000	32100000	0.0	NA
chrX	32100000	32200000	0.0	NA
chrX	32200000	32300000	0.0	NA
chrX	32300000	32400000	0.0	NA
chrX	32400000	32500000	0.0	NA
chrX	32500000	32600000	0.0	NA
chrX	32600000	32700000	0.0	NA
chrX	32700000	32800000	0.0	NA
chrX	32800000	32900000	0.0	NA
chrX	32900000	33000000	0.0	NA
chrX	33000000	33100000	0.0	NA
chrX	33100000	33200000	0.0	NA
chrX	33200000	33300000	0.0	NA
chrX	33300000	33400000	0.0005505567749069808	32560
chrX	33400000	33500000	0.0008145110684696245	84705
chrX	33500000	33600000	0.000815959776683023	81055
chrX	33600000	33700000	0.0007236916573406724	84563
chrX	33700000	33800000	0.0006259786260684984	84785
chrX	33800000	33900000	0.0008736878739415232	85057
chrX	33900000	34000000	0.0008275695494751835	84549
chrX	34000000	34100000	0.000683999033491382	91089
chrX	34100000	34200000	0.0008447103795564466	76290
chrX	34200000	34300000	0.0008609198462626529	83539
chrX	34300000	34400000	0.0008633067409431447	84866
chrX	34400000	34500000	0.00083408970025581	74386
chrX	34500000	34600000	0.0007724109011687176	83698
chrX	34600000	34700000	0.0005960058635219527	62606
chrX	34700000	34800000	0.0007955115939661915	85644
chrX	34800000	34900000	0.0008192062592637306	79295
chrX	34900000	35000000	0.0007993190091242358	85031
chrX	35000000	35100000	0.0008963921473673164	84520
chrX	35100000	35200000	0.0003557107072796113	83989
chrX	35200000	35300000	0.0004299691428780168	82838
chrX	35300000	35400000	0.000567721863488377	83294
chrX	35400000	35500000	0.00044129427949844105	83693
chrX	35500000	35600000	0.00031829467086539427	79453
chrX	35600000	35700000	0.0007143299292116744	72509
chrX	35700000	35800000	0.0007240431110190414	87814
chrX	35800000	35900000	0.0011772790470351798	79834
chrX	35900000	36000000	0.0006889825042840222	28989
chrX	36000000	36100000	0.0	NA
chrX	36100000	36200000	0.0	NA
chrX	36200000	36300000	0.0	NA
chrX	36300000	36400000	0.0	NA
chrX	36400000	36500000	0.0005644975236599117	31231
chrX	36500000	36600000	0.0008034342673149425	87048
chrX	36600000	36700000	0.000981192369076637	84166
chrX	36700000	36800000	0.0007911155823381417	83505
chrX	36800000	36900000	0.0007122937448141936	90691
chrX	36900000	37000000	0.0005483470239968787	78143
chrX	37000000	37100000	0.0006337056995851727	51870
chrX	37100000	37200000	0.0009352550787708814	38644
chrX	37200000	37300000	0.0009343909483235779	8119
chrX	37300000	37400000	0.0008154389436316208	41133
chrX	37400000	37500000	0.00044277480831699743	13968
chrX	37500000	37600000	0.0003855307982941399	15052
chrX	37600000	37700000	0.0005939504508608249	49342
chrX	37700000	37800000	0.0008407369412564135	78306
chrX	37800000	37900000	0.0009077286012916393	53127
chrX	37900000	38000000	0.00048693178736508434	11123
chrX	38000000	38100000	0.0006810996292194035	25187
chrX	38100000	38200000	0.000666596678642717	33111
chrX	38200000	38300000	0.0010557087071891528	25710
chrX	38300000	38400000	0.0007608502913909119	39860
chrX	38400000	38500000	0.0	NA
chrX	38500000	38600000	0.0	NA
chrX	38600000	38700000	0.0	NA
chrX	38700000	38800000	0.0	NA
chrX	38800000	38900000	0.0	NA
chrX	38900000	39000000	0.0	NA
chrX	39000000	39100000	0.0	NA
chrX	39100000	39200000	0.0	NA
chrX	39200000	39300000	0.0	NA
chrX	39300000	39400000	0.0	NA
chrX	39400000	39500000	0.0	NA
chrX	39500000	39600000	0.0	NA
chrX	39600000	39700000	0.0	NA
chrX	39700000	39800000	0.0	NA
chrX	39800000	39900000	0.0	NA
chrX	39900000	40000000	0.0	NA
chrX	40000000	40100000	0.0	NA
chrX	40100000	40200000	0.0	NA
chrX	40200000	40300000	0.0	NA
chrX	40300000	40400000	0.0	NA
chrX	40400000	40500000	0.0	NA
chrX	40500000	40600000	0.0	NA
chrX	40600000	40700000	0.0	NA
chrX	40700000	40800000	0.0	NA
chrX	40800000	40900000	0.0	NA
chrX	40900000	41000000	0.0	NA
chrX	41000000	41100000	0.0	NA
chrX	41100000	41200000	0.0	NA
chrX	41200000	41300000	0.0013106147959337584	12017
chrX	41300000	41400000	0.0007700681258442215	25399
chrX	41400000	41500000	0.0	NA
chrX	41500000	41600000	0.0	NA
chrX	41600000	41700000	0.0	NA
chrX	41700000	41800000	0.00024293390609768744	14731
chrX	41800000	41900000	0.00046902142463199804	80598
chrX	41900000	42000000	0.0006771035383955747	88976
chrX	42000000	42100000	0.0005158250371453223	79880
chrX	42100000	42200000	0.0005593227460484054	79572
chrX	42200000	42300000	0.00044719874554203484	80006
chrX	42300000	42400000	0.0005067179311872039	83348
chrX	42400000	42500000	0.00039042871197832337	81275
chrX	42500000	42600000	0.0007847436394807022	79932
chrX	42600000	42700000	0.0007503670928711982	81058
chrX	42700000	42800000	0.0008278801770943162	79569
chrX	42800000	42900000	0.0009961879465432346	84428
chrX	42900000	43000000	0.0008056435447838533	89394
chrX	43000000	43100000	0.0005594515702121943	44692
chrX	43100000	43200000	0.0004207588895031621	76557
chrX	43200000	43300000	0.00026497693200372825	86165
chrX	43300000	43400000	0.0006139492749539729	85402
chrX	43400000	43500000	0.0006915508180540822	77829
chrX	43500000	43600000	0.0007030130491142802	9768
chrX	43600000	43700000	0.0006008008561598717	17236
chrX	43700000	43800000	0.00034340402798769024	48087
chrX	43800000	43900000	0.0005600588429019998	61576
chrX	43900000	44000000	0.0005272185973386185	82612
chrX	44000000	44100000	0.00043415356380852656	6075
chrX	44100000	44200000	0.0	NA
chrX	44200000	44300000	0.0007388770799447423	68152
chrX	44300000	44400000	0.0006871040231283876	50725
chrX	44400000	44500000	0.0007773608427142737	45746
chrX	44500000	44600000	0.0005933637204576293	61365
chrX	44600000	44700000	0.0007536244956463249	47804
chrX	44700000	44800000	0.0007211143416001182	18821
chrX	44800000	44900000	0.0	NA
chrX	44900000	45000000	0.0005273139074278201	21963
chrX	45000000	45100000	0.0008095511326776431	38914
chrX	45100000	45200000	0.0007055560442134241	85322
chrX	45200000	45300000	0.0007634868672826166	85326
chrX	45300000	45400000	0.0005879472752532833	61223
chrX	45400000	45500000	0.0005356658518940482	84098
chrX	45500000	45600000	0.0007737923968723393	76303
chrX	45600000	45700000	0.0006783440230797609	84474
chrX	45700000	45800000	0.0004870596717465741	74446
chrX	45800000	45900000	0.0007984226167494032	78444
chrX	45900000	46000000	0.0004754790221940723	21486
chrX	46000000	46100000	0.0	NA
chrX	46100000	46200000	0.0	NA
chrX	46200000	46300000	0.0	NA
chrX	46300000	46400000	0.0	NA
chrX	46400000	46500000	0.0	NA
chrX	46500000	46600000	0.0	NA
chrX	46600000	46700000	0.0	NA
chrX	46700000	46800000	0.0	NA
chrX	46800000	46900000	0.0	NA
chrX	46900000	47000000	0.0	NA
chrX	47000000	47100000	0.0	NA
chrX	47100000	47200000	0.0	NA
chrX	47200000	47300000	0.0	NA
chrX	47300000	47400000	0.0	NA
chrX	47400000	47500000	0.0	NA
chrX	47500000	47600000	0.0	NA
chrX	47600000	47700000	0.0	NA
chrX	47700000	47800000	0.0	NA
chrX	47800000	47900000	0.0	NA
chrX	47900000	48000000	0.0	NA
chrX	48000000	48100000	0.0	NA
chrX	48100000	48200000	0.0	NA
chrX	48200000	48300000	0.0	NA
chrX	48300000	48400000	0.0	NA
chrX	48400000	48500000	0.0	NA
chrX	48500000	48600000	0.0	NA
chrX	48600000	48700000	0.0	NA
chrX	48700000	48800000	0.0	NA
chrX	48800000	48900000	0.0	NA
chrX	48900000	49000000	0.0	NA
chrX	49000000	49100000	0.0	NA
chrX	49100000	49200000	0.0	NA
chrX	49200000	49300000	0.0	NA
chrX	49300000	49400000	0.0	NA
chrX	49400000	49500000	0.0	NA
chrX	49500000	49600000	0.0	NA
chrX	49600000	49700000	0.0	NA
chrX	49700000	49800000	0.0	NA
chrX	49800000	49900000	0.0	NA
chrX	49900000	50000000	0.0	NA
chrX	50000000	50100000	0.0	NA
chrX	50100000	50200000	0.0	NA
chrX	50200000	50300000	0.0	NA
chrX	50300000	50400000	0.0	NA
chrX	50400000	50500000	0.0	NA
chrX	50500000	50600000	0.0	NA
chrX	50600000	50700000	0.0	NA
chrX	50700000	50800000	0.0	NA
chrX	50800000	50900000	0.0	NA
chrX	50900000	51000000	0.0	NA
chrX	51000000	51100000	0.0	NA
chrX	51100000	51200000	0.0	NA
chrX	51200000	51300000	0.0	NA
chrX	51300000	51400000	0.0	NA
chrX	51400000	51500000	0.0	NA
chrX	51500000	51600000	0.0	NA
chrX	51600000	51700000	0.0	NA
chrX	51700000	51800000	0.0	NA
chrX	51800000	51900000	0.0	NA
chrX	51900000	52000000	0.0	NA
chrX	52000000	52100000	0.0	NA
chrX	52100000	52200000	0.0	NA
chrX	52200000	52300000	0.0	NA
chrX	52300000	52400000	0.0	NA
chrX	52400000	52500000	0.0	NA
chrX	52500000	52600000	0.0	NA
chrX	52600000	52700000	0.0	NA
chrX	52700000	52800000	0.0	NA
chrX	52800000	52900000	0.0	NA
chrX	52900000	53000000	0.0	NA
chrX	53000000	53100000	0.0	NA
chrX	53100000	53200000	0.0	NA
chrX	53200000	53300000	0.0	NA
chrX	53300000	53400000	0.0	NA
chrX	53400000	53500000	0.0	NA
chrX	53500000	53600000	0.0	NA
chrX	53600000	53700000	0.0	NA
chrX	53700000	53800000	0.0	NA
chrX	53800000	53900000	0.0	NA
chrX	53900000	54000000	0.0	NA
chrX	54000000	54100000	0.0	NA
chrX	54100000	54200000	0.0	NA
chrX	54200000	54300000	0.0	NA
chrX	54300000	54400000	0.0	NA
chrX	54400000	54500000	0.0	NA
chrX	54500000	54600000	0.0	NA
chrX	54600000	54700000	0.0	NA
chrX	54700000	54800000	0.0	NA
chrX	54800000	54900000	0.0	NA
chrX	54900000	55000000	0.0	NA
chrX	55000000	55100000	0.0	NA
chrX	55100000	55200000	0.0	NA
chrX	55200000	55300000	0.0	NA
chrX	55300000	55400000	0.0	NA
chrX	55400000	55500000	0.0	NA
chrX	55500000	55600000	0.0	NA
chrX	55600000	55700000	0.0	NA
chrX	55700000	55800000	0.0	NA
chrX	55800000	55900000	0.0	NA
chrX	55900000	56000000	0.0	NA
chrX	56000000	56100000	0.0	NA
chrX	56100000	56200000	0.0	NA
chrX	56200000	56300000	0.0	NA
chrX	56300000	56400000	0.0	NA
chrX	56400000	56500000	0.0	NA
chrX	56500000	56600000	0.0	NA
chrX	56600000	56700000	0.0	NA
chrX	56700000	56800000	0.0	NA
chrX	56800000	56900000	0.0	NA
chrX	56900000	57000000	0.0	NA
chrX	57000000	57100000	0.0	NA
chrX	57100000	57200000	0.0	NA
chrX	57200000	57300000	0.0	NA
chrX	57300000	57400000	0.0	NA
chrX	57400000	57500000	0.0	NA
chrX	57500000	57600000	0.0	NA
chrX	57600000	57700000	0.0	NA
chrX	57700000	57800000	0.0	NA
chrX	57800000	57900000	0.0	NA
chrX	57900000	58000000	0.0	NA
chrX	58000000	58100000	0.0	NA
chrX	58100000	58200000	0.0	NA
chrX	58200000	58300000	0.0	NA
chrX	58300000	58400000	0.0	NA
chrX	58400000	58500000	0.0	NA
chrX	58500000	58600000	0.0	NA
chrX	58600000	58700000	0.0	NA
chrX	58700000	58800000	0.0	NA
chrX	58800000	58900000	0.0	NA
chrX	58900000	59000000	0.0	NA
chrX	59000000	59100000	0.0	NA
chrX	59100000	59200000	0.0	NA
chrX	59200000	59300000	0.0	NA
chrX	59300000	59400000	0.0	NA
chrX	59400000	59500000	0.0	NA
chrX	59500000	59600000	0.0	NA
chrX	59600000	59700000	0.0	NA
chrX	59700000	59800000	0.0	NA
chrX	59800000	59900000	0.0	NA
chrX	59900000	60000000	0.0	NA
chrX	60000000	60100000	0.0	NA
chrX	60100000	60200000	0.0	NA
chrX	60200000	60300000	0.0	NA
chrX	60300000	60400000	0.0	NA
chrX	60400000	60500000	0.0	NA
chrX	60500000	60600000	0.0	NA
chrX	60600000	60700000	0.0	NA
chrX	60700000	60800000	0.0	NA
chrX	60800000	60900000	0.0	NA
chrX	60900000	61000000	0.0	NA
chrX	61000000	61100000	0.0	NA
chrX	61100000	61200000	0.0	NA
chrX	61200000	61300000	0.0	NA
chrX	61300000	61400000	0.0	NA
chrX	61400000	61500000	0.0	NA
chrX	61500000	61600000	0.0	NA
chrX	61600000	61700000	0.0	NA
chrX	61700000	61800000	0.0	NA
chrX	61800000	61900000	0.0	NA
chrX	61900000	62000000	0.0	NA
chrX	62000000	62100000	0.0	NA
chrX	62100000	62200000	0.0	NA
chrX	62200000	62300000	0.0	NA
chrX	62300000	62400000	0.0	NA
chrX	62400000	62500000	0.0	NA
chrX	62500000	62600000	0.0	NA
chrX	62600000	62700000	0.0	NA
chrX	62700000	62800000	0.0	NA
chrX	62800000	62900000	0.0	NA
chrX	62900000	63000000	0.0	NA
chrX	63000000	63100000	0.0	NA
chrX	63100000	63200000	0.0	NA
chrX	63200000	63300000	0.0	NA
chrX	63300000	63400000	0.0	NA
chrX	63400000	63500000	0.0	NA
chrX	63500000	63600000	0.0	NA
chrX	63600000	63700000	0.0	NA
chrX	63700000	63800000	0.0	NA
chrX	63800000	63900000	0.0	NA
chrX	63900000	64000000	0.0	NA
chrX	64000000	64100000	0.0	NA
chrX	64100000	64200000	0.0	NA
chrX	64200000	64300000	0.0	NA
chrX	64300000	64400000	0.0	NA
chrX	64400000	64500000	0.0	NA
chrX	64500000	64600000	0.0	NA
chrX	64600000	64700000	0.0	NA
chrX	64700000	64800000	0.0	NA
chrX	64800000	64900000	0.0	NA
chrX	64900000	65000000	0.0	NA
chrX	65000000	65100000	0.0	NA
chrX	65100000	65200000	0.0	NA
chrX	65200000	65300000	0.0	NA
chrX	65300000	65400000	0.0	NA
chrX	65400000	65500000	0.0	NA
chrX	65500000	65600000	0.0	NA
chrX	65600000	65700000	0.0	NA
chrX	65700000	65800000	0.0	NA
chrX	65800000	65900000	0.0	NA
chrX	65900000	66000000	0.0	NA
chrX	66000000	66100000	0.0	NA
chrX	66100000	66200000	0.0	NA
chrX	66200000	66300000	0.0	NA
chrX	66300000	66400000	0.0	NA
chrX	66400000	66500000	0.0	NA
chrX	66500000	66600000	0.0	NA
chrX	66600000	66700000	0.0	NA
chrX	66700000	66800000	0.0	NA
chrX	66800000	66900000	0.0	NA
chrX	66900000	67000000	0.0	NA
chrX	67000000	67100000	0.0	NA
chrX	67100000	67200000	0.0	NA
chrX	67200000	67300000	0.0	NA
chrX	67300000	67400000	0.0	NA
chrX	67400000	67500000	0.0	NA
chrX	67500000	67600000	0.0	NA
chrX	67600000	67700000	0.0	NA
chrX	67700000	67800000	0.0	NA
chrX	67800000	67900000	0.0	NA
chrX	67900000	68000000	0.0	NA
chrX	68000000	68100000	0.0	NA
chrX	68100000	68200000	0.0	NA
chrX	68200000	68300000	0.0	NA
chrX	68300000	68400000	0.0	NA
chrX	68400000	68500000	0.0	NA
chrX	68500000	68600000	0.0	NA
chrX	68600000	68700000	0.0	NA
chrX	68700000	68800000	0.0	NA
chrX	68800000	68900000	0.0	NA
chrX	68900000	69000000	0.0	NA
chrX	69000000	69100000	0.0	NA
chrX	69100000	69200000	0.0	NA
chrX	69200000	69300000	0.0	NA
chrX	69300000	69400000	0.0	NA
chrX	69400000	69500000	0.0	NA
chrX	69500000	69600000	0.0	NA
chrX	69600000	69700000	0.0	NA
chrX	69700000	69800000	0.0	NA
chrX	69800000	69900000	0.0	NA
chrX	69900000	70000000	0.0	NA
chrX	70000000	70100000	0.0	NA
chrX	70100000	70200000	0.0	NA
chrX	70200000	70300000	0.0	NA
chrX	70300000	70400000	0.0	NA
chrX	70400000	70500000	0.0	NA
chrX	70500000	70600000	0.0	NA
chrX	70600000	70700000	0.0	NA
chrX	70700000	70800000	0.0	NA
chrX	70800000	70900000	0.0	NA
chrX	70900000	71000000	0.0	NA
chrX	71000000	71100000	0.0	NA
chrX	71100000	71200000	0.0	NA
chrX	71200000	71300000	0.0	NA
chrX	71300000	71400000	0.0	NA
chrX	71400000	71500000	0.0	NA
chrX	71500000	71600000	0.0	NA
chrX	71600000	71700000	0.0	NA
chrX	71700000	71800000	0.0	NA
chrX	71800000	71900000	0.0	NA
chrX	71900000	72000000	0.0	NA
chrX	72000000	72100000	0.0	NA
chrX	72100000	72200000	0.0	NA
chrX	72200000	72300000	0.0	NA
chrX	72300000	72400000	0.0	NA
chrX	72400000	72500000	0.0	NA
chrX	72500000	72600000	0.0	NA
chrX	72600000	72700000	0.0	NA
chrX	72700000	72800000	0.0	NA
chrX	72800000	72900000	0.0	NA
chrX	72900000	73000000	0.0	NA
chrX	73000000	73100000	0.0	NA
chrX	73100000	73200000	0.0	NA
chrX	73200000	73300000	0.0	NA
chrX	73300000	73400000	0.0	NA
chrX	73400000	73500000	0.0	NA
chrX	73500000	73600000	0.0	NA
chrX	73600000	73700000	0.0	NA
chrX	73700000	73800000	0.0	NA
chrX	73800000	73900000	0.0	NA
chrX	73900000	74000000	0.0	NA
chrX	74000000	74100000	0.0	NA
chrX	74100000	74200000	0.0	NA
chrX	74200000	74300000	0.0	NA
chrX	74300000	74400000	0.0	NA
chrX	74400000	74500000	0.0	NA
chrX	74500000	74600000	0.0	NA
chrX	74600000	74700000	0.0	NA
chrX	74700000	74800000	0.0	NA
chrX	74800000	74900000	0.0	NA
chrX	74900000	75000000	0.0	NA
chrX	75000000	75100000	0.0	NA
chrX	75100000	75200000	0.0	NA
chrX	75200000	75300000	0.0	NA
chrX	75300000	75400000	0.0	NA
chrX	75400000	75500000	0.0	NA
chrX	75500000	75600000	0.0	NA
chrX	75600000	75700000	0.0	NA
chrX	75700000	75800000	0.0	NA
chrX	75800000	75900000	0.0	NA
chrX	75900000	76000000	0.0	NA
chrX	76000000	76100000	0.0	NA
chrX	76100000	76200000	0.0	NA
chrX	76200000	76300000	0.0	NA
chrX	76300000	76400000	0.0	NA
chrX	76400000	76500000	0.0	NA
chrX	76500000	76600000	0.0	NA
chrX	76600000	76700000	0.0	NA
chrX	76700000	76800000	0.0	NA
chrX	76800000	76900000	0.0	NA
chrX	76900000	77000000	0.0	NA
chrX	77000000	77100000	0.0	NA
chrX	77100000	77200000	0.0	NA
chrX	77200000	77300000	0.0	NA
chrX	77300000	77400000	0.0	NA
chrX	77400000	77500000	0.0	NA
chrX	77500000	77600000	0.0	NA
chrX	77600000	77700000	0.0	NA
chrX	77700000	77800000	0.0	NA
chrX	77800000	77900000	0.0	NA
chrX	77900000	78000000	0.0006309281595856192	37998
chrX	78000000	78100000	0.0005030863673174084	69973
chrX	78100000	78200000	0.00036441425220265635	76470
chrX	78200000	78300000	0.0004902938457204011	56319
chrX	78300000	78400000	0.0004710211831074609	79018
chrX	78400000	78500000	0.0007886544246475259	76906
chrX	78500000	78600000	0.0009528144176341646	80798
chrX	78600000	78700000	0.0008273467427277557	72185
chrX	78700000	78800000	0.0008112938515981605	72233
chrX	78800000	78900000	0.000709192385578144	85322
chrX	78900000	79000000	0.0012405090027476468	71153
chrX	79000000	79100000	0.0016127243417485952	74574
chrX	79100000	79200000	0.0018201128022816528	68742
chrX	79200000	79300000	0.0014875705337733544	57453
chrX	79300000	79400000	0.0007590433832251094	71543
chrX	79400000	79500000	0.0007629339632267232	56673
chrX	79500000	79600000	0.0001257071024512887	185
chrX	79600000	79700000	0.0	NA
chrX	79700000	79800000	0.00042192315560622137	70979
chrX	79800000	79900000	0.0003877828683732688	69882
chrX	79900000	80000000	0.0003907647642735951	17079
chrX	80000000	80100000	0.0003462189163400031	22051
chrX	80100000	80200000	0.0007319500111955651	64438
chrX	80200000	80300000	0.0005951708707489601	60867
chrX	80300000	80400000	0.0005239523143619136	49662
chrX	80400000	80500000	0.0	NA
chrX	80500000	80600000	0.00041305401877707147	32793
chrX	80600000	80700000	0.0005943520578062708	87081
chrX	80700000	80800000	0.0009951610566921812	78084
chrX	80800000	80900000	0.0006118309883476048	82390
chrX	80900000	81000000	0.0004973515501723947	71089
chrX	81000000	81100000	0.0006269847005049366	65405
chrX	81100000	81200000	0.0006048737458134285	81176
chrX	81200000	81300000	0.0003789058890979759	71634
chrX	81300000	81400000	0.0007516052614656337	84901
chrX	81400000	81500000	0.00043753480936999355	80220
chrX	81500000	81600000	0.0002931565189633572	87904
chrX	81600000	81700000	0.0005880091159601921	80926
chrX	81700000	81800000	0.0010485447414243245	75521
chrX	81800000	81900000	0.0011517644302038775	78503
chrX	81900000	82000000	0.0007272198735216445	79390
chrX	82000000	82100000	0.0008431836581691654	70360
chrX	82100000	82200000	0.0007084513792953375	82185
chrX	82200000	82300000	0.001119335915694348	80752
chrX	82300000	82400000	0.0008559212944913821	75059
chrX	82400000	82500000	0.0007213962744631638	81344
chrX	82500000	82600000	0.00041076126969855797	77677
chrX	82600000	82700000	0.00046574981992924316	70306
chrX	82700000	82800000	0.0003004381228473225	86482
chrX	82800000	82900000	0.0002509119973383564	73797
chrX	82900000	83000000	0.0002986496595965663	65746
chrX	83000000	83100000	0.0003132029538236849	71216
chrX	83100000	83200000	0.00029098386459770254	61184
chrX	83200000	83300000	0.0003117105538218753	77716
chrX	83300000	83400000	0.00026160661388304336	10199
chrX	83400000	83500000	0.00031632981809894944	50376
chrX	83500000	83600000	0.0007865664050520399	55116
chrX	83600000	83700000	0.0	NA
chrX	83700000	83800000	0.0016406023981898389	35573
chrX	83800000	83900000	0.0010135798858436722	72500
chrX	83900000	84000000	0.0007390800598821488	82759
chrX	84000000	84100000	0.0008781222373751366	76378
chrX	84100000	84200000	0.0008875152605712282	62829
chrX	84200000	84300000	0.0010379005886253971	33244
chrX	84300000	84400000	0.0011027407624369656	26706
chrX	84400000	84500000	0.0006483078570154061	70104
chrX	84500000	84600000	0.0008065046876589227	3887
chrX	84600000	84700000	0.0014101107311756081	46655
chrX	84700000	84800000	0.0008654272953954959	83194
chrX	84800000	84900000	0.0020156908368634055	74517
chrX	84900000	85000000	0.0014385509643775366	65222
chrX	85000000	85100000	0.000961308957573034	68020
chrX	85100000	85200000	0.000799082820259375	12413
chrX	85200000	85300000	0.0	NA
chrX	85300000	85400000	0.001190509234757297	70772
chrX	85400000	85500000	0.0005596514097588947	2548
chrX	85500000	85600000	0.0	NA
chrX	85600000	85700000	0.0	NA
chrX	85700000	85800000	0.0	NA
chrX	85800000	85900000	0.0	NA
chrX	85900000	86000000	0.0	NA
chrX	86000000	86100000	0.0008542469731308139	11229
chrX	86100000	86200000	0.0007709577792321564	76098
chrX	86200000	86300000	0.0009313303717182337	73869
chrX	86300000	86400000	0.001180198788346155	73342
chrX	86400000	86500000	0.0014408964162016412	79538
chrX	86500000	86600000	0.0011140334502578546	80524
chrX	86600000	86700000	0.0014328812377345527	80310
chrX	86700000	86800000	0.0009175915219180736	54161
chrX	86800000	86900000	0.0	NA
chrX	86900000	87000000	0.001240671168000835	57181
chrX	87000000	87100000	0.0014533910366969537	71326
chrX	87100000	87200000	0.000975385199758879	85549
chrX	87200000	87300000	0.001156460142863958	77545
chrX	87300000	87400000	0.0012222494556136329	87214
chrX	87400000	87500000	0.0013559139950222164	82770
chrX	87500000	87600000	0.0016175577916718161	71770
chrX	87600000	87700000	0.001469254934787144	84236
chrX	87700000	87800000	0.0015536093439799342	73486
chrX	87800000	87900000	0.0008686426743380396	82864
chrX	87900000	88000000	0.0012743471456010973	83275
chrX	88000000	88100000	0.0006685429457320956	63045
chrX	88100000	88200000	0.0008771159168418776	81860
chrX	88200000	88300000	0.0009917659689626709	83872
chrX	88300000	88400000	0.000803926514791454	82143
chrX	88400000	88500000	0.0009641978260544517	47115
chrX	88500000	88600000	0.0	65
chrX	88600000	88700000	0.0	62
chrX	88700000	88800000	0.0	51
chrX	88800000	88900000	0.0009691634719886667	1265
chrX	88900000	89000000	0.0022845902599944014	9301
chrX	89000000	89100000	0.0014684757313260359	599
chrX	89100000	89200000	0.0	33
chrX	89200000	89300000	0.0009393817719084256	34332
chrX	89300000	89400000	0.0010197279304206884	41558
chrX	89400000	89500000	0.0003521810043573578	3412
chrX	89500000	89600000	0.0004252483165077396	1833
chrX	89600000	89700000	0.0004726748178232473	514
chrX	89700000	89800000	0.0028492417221952547	372
chrX	89800000	89900000	0.0008514228589467987	4368
chrX	89900000	90000000	0.0005399533274322042	1360
chrX	90000000	90100000	0.00040759776223580496	782
chrX	90100000	90200000	0.0008328476188244879	7649
chrX	90200000	90300000	0.0018225384214078952	6996
chrX	90300000	90400000	0.0010457458077146116	77222
chrX	90400000	90500000	0.0024983800129598963	228
chrX	90500000	90600000	0.0011666737204454219	66546
chrX	90600000	90700000	0.0010830677677288395	62942
chrX	90700000	90800000	0.00125448369150492	30386
chrX	90800000	90900000	0.0006385305051388586	1345
chrX	90900000	91000000	0.0009325055779227675	17357
chrX	91000000	91100000	0.0011627906976744188	276
chrX	91100000	91200000	0.0	NA
chrX	91200000	91300000	0.0	NA
chrX	91300000	91400000	0.0	NA
chrX	91400000	91500000	0.0	NA
chrX	91500000	91600000	0.0	NA
chrX	91600000	91700000	0.0	NA
chrX	91700000	91800000	0.0	NA
chrX	91800000	91900000	0.00042601881407170963	648
chrX	91900000	92000000	0.0	250
chrX	92000000	92100000	0.002424851397648996	226
chrX	92100000	92200000	0.0009202777381984588	4282
chrX	92200000	92300000	0.0005759281813726822	857
chrX	92300000	92400000	0.0005787598628704733	21631
chrX	92400000	92500000	0.0007820817611784755	82097
chrX	92500000	92600000	0.0012286330824045726	80729
chrX	92600000	92700000	0.0008159108385054469	82484
chrX	92700000	92800000	0.0011726070079208209	84326
chrX	92800000	92900000	0.000797536520814862	77046
chrX	92900000	93000000	0.0008333984377889318	49011
chrX	93000000	93100000	0.0004841991009582567	90770
chrX	93100000	93200000	0.0008495082942081878	79369
chrX	93200000	93300000	0.0012419903525375292	81587
chrX	93300000	93400000	0.0012265459246481067	82176
chrX	93400000	93500000	0.0011276968528054572	84111
chrX	93500000	93600000	0.0014331467224892253	82435
chrX	93600000	93700000	0.0009102590337172035	86640
chrX	93700000	93800000	0.0011023663983498677	79207
chrX	93800000	93900000	0.0006711606203682289	83504
chrX	93900000	94000000	0.0004903330255281568	79081
chrX	94000000	94100000	0.0009933285136406237	68599
chrX	94100000	94200000	0.0007315098376405234	81259
chrX	94200000	94300000	0.0008984198719327075	82929
chrX	94300000	94400000	0.0010885874557947468	79103
chrX	94400000	94500000	0.0011041728377763245	80136
chrX	94500000	94600000	0.0007205056267871499	80477
chrX	94600000	94700000	0.0007782429346247543	83628
chrX	94700000	94800000	0.0006815005509341778	85075
chrX	94800000	94900000	0.0008347911440219243	76229
chrX	94900000	95000000	0.0006227829959032797	86842
chrX	95000000	95100000	0.0006883806703682476	78596
chrX	95100000	95200000	0.0010654346126350183	82344
chrX	95200000	95300000	0.0010733323485524748	79875
chrX	95300000	95400000	0.0005567123258430334	73828
chrX	95400000	95500000	0.0005015857616033139	76776
chrX	95500000	95600000	0.0010419507374392295	66411
chrX	95600000	95700000	0.0005787200627655176	80332
chrX	95700000	95800000	0.0006277061338446562	72601
chrX	95800000	95900000	0.0008514244485105857	65373
chrX	95900000	96000000	0.0007463782600381905	29983
chrX	96000000	96100000	0.0	NA
chrX	96100000	96200000	0.0	NA
chrX	96200000	96300000	0.0	NA
chrX	96300000	96400000	0.0	NA
chrX	96400000	96500000	0.0	NA
chrX	96500000	96600000	0.0	NA
chrX	96600000	96700000	0.0	NA
chrX	96700000	96800000	0.0	NA
chrX	96800000	96900000	0.0008217128364688411	39876
chrX	96900000	97000000	0.0010549329894160657	83338
chrX	97000000	97100000	0.0008656747550559341	82586
chrX	97100000	97200000	0.0005306698756670432	80776
chrX	97200000	97300000	0.0008787745967366316	85277
chrX	97300000	97400000	0.0008891970622986655	81899
chrX	97400000	97500000	0.0004946183249325962	80460
chrX	97500000	97600000	0.0004988503825129004	79157
chrX	97600000	97700000	0.0005335035198017764	75053
chrX	97700000	97800000	0.0004823835132981342	83246
chrX	97800000	97900000	0.0006371175630458319	79038
chrX	97900000	98000000	0.0006066168991843078	74310
chrX	98000000	98100000	0.00043926419112590365	85181
chrX	98100000	98200000	0.00038883551650632217	79778
chrX	98200000	98300000	0.0005261545501432899	89955
chrX	98300000	98400000	0.00054474516115235	86195
chrX	98400000	98500000	0.0009949480119907496	78522
chrX	98500000	98600000	0.0005266795192621647	80628
chrX	98600000	98700000	0.0004594172067401616	86591
chrX	98700000	98800000	0.0004832086143515444	15641
chrX	98800000	98900000	0.0	NA
chrX	98900000	99000000	0.0	NA
chrX	99000000	99100000	0.0	NA
chrX	99100000	99200000	0.0008406064565966793	3687
chrX	99200000	99300000	0.0005498183722475957	88148
chrX	99300000	99400000	0.00037870782406429016	74942
chrX	99400000	99500000	0.0003428793127918158	42883
chrX	99500000	99600000	0.0	NA
chrX	99600000	99700000	0.0	NA
chrX	99700000	99800000	0.0	NA
chrX	99800000	99900000	0.0	NA
chrX	99900000	100000000	0.0	NA
chrX	100000000	100100000	0.0	NA
chrX	100100000	100200000	0.0	NA
chrX	100200000	100300000	0.0	NA
chrX	100300000	100400000	0.0	NA
chrX	100400000	100500000	0.0	NA
chrX	100500000	100600000	0.0	NA
chrX	100600000	100700000	0.0	NA
chrX	100700000	100800000	0.0	NA
chrX	100800000	100900000	0.0	NA
chrX	100900000	101000000	0.0	NA
chrX	101000000	101100000	0.0	NA
chrX	101100000	101200000	0.0	NA
chrX	101200000	101300000	0.0	NA
chrX	101300000	101400000	0.0	NA
chrX	101400000	101500000	0.0	NA
chrX	101500000	101600000	0.0	NA
chrX	101600000	101700000	0.0	NA
chrX	101700000	101800000	0.0	NA
chrX	101800000	101900000	0.0	NA
chrX	101900000	102000000	0.0	NA
chrX	102000000	102100000	0.0	NA
chrX	102100000	102200000	0.0	NA
chrX	102200000	102300000	0.0	NA
chrX	102300000	102400000	0.0	NA
chrX	102400000	102500000	0.0	NA
chrX	102500000	102600000	0.0	NA
chrX	102600000	102700000	0.0	NA
chrX	102700000	102800000	0.0	NA
chrX	102800000	102900000	0.0	NA
chrX	102900000	103000000	0.0	NA
chrX	103000000	103100000	0.0	NA
chrX	103100000	103200000	0.0	NA
chrX	103200000	103300000	0.0	NA
chrX	103300000	103400000	0.0	NA
chrX	103400000	103500000	0.0	NA
chrX	103500000	103600000	0.0	NA
chrX	103600000	103700000	0.0	NA
chrX	103700000	103800000	0.0	NA
chrX	103800000	103900000	0.0	NA
chrX	103900000	104000000	0.0	NA
chrX	104000000	104100000	0.0	NA
chrX	104100000	104200000	0.0	NA
chrX	104200000	104300000	0.0	NA
chrX	104300000	104400000	0.0	NA
chrX	104400000	104500000	0.0	NA
chrX	104500000	104600000	0.0	NA
chrX	104600000	104700000	0.0	NA
chrX	104700000	104800000	0.0	NA
chrX	104800000	104900000	0.0	NA
chrX	104900000	105000000	0.0	NA
chrX	105000000	105100000	0.0	NA
chrX	105100000	105200000	0.0	NA
chrX	105200000	105300000	0.0	NA
chrX	105300000	105400000	0.0	NA
chrX	105400000	105500000	0.0	NA
chrX	105500000	105600000	0.0	NA
chrX	105600000	105700000	0.0	NA
chrX	105700000	105800000	0.0	NA
chrX	105800000	105900000	0.0	NA
chrX	105900000	106000000	0.0	NA
chrX	106000000	106100000	0.0	NA
chrX	106100000	106200000	0.0	NA
chrX	106200000	106300000	0.0	NA
chrX	106300000	106400000	0.0	NA
chrX	106400000	106500000	0.0	NA
chrX	106500000	106600000	0.0	NA
chrX	106600000	106700000	0.0	NA
chrX	106700000	106800000	0.0	NA
chrX	106800000	106900000	0.0	NA
chrX	106900000	107000000	0.0	NA
chrX	107000000	107100000	0.0	NA
chrX	107100000	107200000	0.0	NA
chrX	107200000	107300000	0.0	NA
chrX	107300000	107400000	0.0	NA
chrX	107400000	107500000	0.0	NA
chrX	107500000	107600000	0.0	NA
chrX	107600000	107700000	0.0	NA
chrX	107700000	107800000	0.0	NA
chrX	107800000	107900000	0.0	NA
chrX	107900000	108000000	0.0	NA
chrX	108000000	108100000	0.0	NA
chrX	108100000	108200000	0.0	NA
chrX	108200000	108300000	0.0	NA
chrX	108300000	108400000	0.0	NA
chrX	108400000	108500000	0.0	NA
chrX	108500000	108600000	0.0	NA
chrX	108600000	108700000	0.0	NA
chrX	108700000	108800000	0.0	NA
chrX	108800000	108900000	0.0	NA
chrX	108900000	109000000	0.0	NA
chrX	109000000	109100000	0.0	NA
chrX	109100000	109200000	0.0	NA
chrX	109200000	109300000	0.0	NA
chrX	109300000	109400000	0.0	NA
chrX	109400000	109500000	0.0	NA
chrX	109500000	109600000	0.0	NA
chrX	109600000	109700000	0.0	NA
chrX	109700000	109800000	0.0	NA
chrX	109800000	109900000	0.0	NA
chrX	109900000	110000000	0.0	NA
chrX	110000000	110100000	0.0	NA
chrX	110100000	110200000	0.0	NA
chrX	110200000	110300000	0.0	NA
chrX	110300000	110400000	0.0	NA
chrX	110400000	110500000	0.0	NA
chrX	110500000	110600000	0.0	NA
chrX	110600000	110700000	0.0	NA
chrX	110700000	110800000	0.0	NA
chrX	110800000	110900000	0.0	NA
chrX	110900000	111000000	0.0	NA
chrX	111000000	111100000	0.0	NA
chrX	111100000	111200000	0.0	NA
chrX	111200000	111300000	0.0	NA
chrX	111300000	111400000	0.0	NA
chrX	111400000	111500000	0.0	NA
chrX	111500000	111600000	0.0	NA
chrX	111600000	111700000	0.0	NA
chrX	111700000	111800000	0.0008855137407061789	67021
chrX	111800000	111900000	0.0009954558399138458	50947
chrX	111900000	112000000	0.000564767782008967	57531
chrX	112000000	112100000	0.0005811553797915616	28931
chrX	112100000	112200000	0.000647972845128147	71251
chrX	112200000	112300000	0.0006508807690180288	68433
chrX	112300000	112400000	0.0	NA
chrX	112400000	112500000	0.0	NA
chrX	112500000	112600000	0.0	NA
chrX	112600000	112700000	0.0	NA
chrX	112700000	112800000	0.0007141749631605994	29177
chrX	112800000	112900000	0.0006503704214040408	48656
chrX	112900000	113000000	0.0	NA
chrX	113000000	113100000	0.0	NA
chrX	113100000	113200000	0.0007588579192540027	16190
chrX	113200000	113300000	0.0009390548686696102	73176
chrX	113300000	113400000	0.0007287765047656477	76626
chrX	113400000	113500000	0.0008677215808899744	84368
chrX	113500000	113600000	0.0007855834336114185	40927
chrX	113600000	113700000	0.0008249292412793518	83221
chrX	113700000	113800000	0.0005627275726400823	71662
chrX	113800000	113900000	0.00045387794825154173	16058
chrX	113900000	114000000	0.0	NA
chrX	114000000	114100000	0.0	NA
chrX	114100000	114200000	0.0010613013802131923	41507
chrX	114200000	114300000	0.0008418417280071881	72922
chrX	114300000	114400000	0.0005685185463783598	31462
chrX	114400000	114500000	0.000520001490845793	23784
chrX	114500000	114600000	0.0006433481168488615	67241
chrX	114600000	114700000	0.0007054075061297554	82924
chrX	114700000	114800000	0.0006362650640130709	38538
chrX	114800000	114900000	0.0008803083476892811	8330
chrX	114900000	115000000	0.00048074159352406087	26510
chrX	115000000	115100000	0.0006730829785075277	12512
chrX	115100000	115200000	0.0006117537222418443	65562
chrX	115200000	115300000	0.0009661387634370364	69242
chrX	115300000	115400000	0.0013373630057410717	71602
chrX	115400000	115500000	0.0012724083197251067	80908
chrX	115500000	115600000	0.0008500026652883534	64329
chrX	115600000	115700000	0.0011613055035389664	61160
chrX	115700000	115800000	0.0009488237472568816	52435
chrX	115800000	115900000	0.00060999660868814	74698
chrX	115900000	116000000	0.0009247971968712669	73119
chrX	116000000	116100000	0.0007422717666922648	76196
chrX	116100000	116200000	0.0010317485159114122	81446
chrX	116200000	116300000	0.001217492864329715	78640
chrX	116300000	116400000	0.0010081032372277689	71475
chrX	116400000	116500000	0.001507999399317185	70502
chrX	116500000	116600000	0.001365126013414846	70238
chrX	116600000	116700000	0.001001642359222997	74390
chrX	116700000	116800000	0.0008097796940289767	74679
chrX	116800000	116900000	0.00108997795822928	73773
chrX	116900000	117000000	0.0008630315809391327	74148
chrX	117000000	117100000	0.0008222513478355369	22332
chrX	117100000	117200000	0.0	NA
chrX	117200000	117300000	0.001198714914553062	40347
chrX	117300000	117400000	0.0010388179062394201	77294
chrX	117400000	117500000	0.0007858495627604869	49773
chrX	117500000	117600000	0.0008774637732537875	10631
chrX	117600000	117700000	0.0006976571967533369	14298
chrX	117700000	117800000	0.0	NA
chrX	117800000	117900000	0.0004620019003732614	26803
chrX	117900000	118000000	0.0008089924346511656	29815
chrX	118000000	118100000	0.0007258962909428816	53000
chrX	118100000	118200000	0.0006659173268139058	39921
chrX	118200000	118300000	0.000872657003980329	21133
chrX	118300000	118400000	0.0007783533131759679	72783
chrX	118400000	118500000	0.0005593777550759837	44581
chrX	118500000	118600000	0.0007088158473607211	26471
chrX	118600000	118700000	0.0007160626774941307	40897
chrX	118700000	118800000	0.00044457317634980734	13229
chrX	118800000	118900000	0.001042606638267237	36878
chrX	118900000	119000000	0.0008722964722428905	35385
chrX	119000000	119100000	0.00088529740378049	25144
chrX	119100000	119200000	0.000809429480816971	48826
chrX	119200000	119300000	0.0005463196422496924	1874
chrX	119300000	119400000	0.0005542140503411668	36215
chrX	119400000	119500000	0.0005364997347077349	38344
chrX	119500000	119600000	0.0008798528298041992	28773
chrX	119600000	119700000	0.0005315397687724568	36035
chrX	119700000	119800000	0.00047785522154965754	44851
chrX	119800000	119900000	0.0010231953522757454	78262
chrX	119900000	120000000	0.0005157473100528516	65493
chrX	120000000	120100000	0.0001451624128776957	4678
chrX	120100000	120200000	0.00027251644928055004	61988
chrX	120200000	120300000	0.0005471159159199544	78949
chrX	120300000	120400000	0.000896834423360318	78196
chrX	120400000	120500000	0.0009611045112781409	77432
chrX	120500000	120600000	0.0013242936385921811	77204
chrX	120600000	120700000	0.0007200714677493392	79432
chrX	120700000	120800000	0.0007951947390532873	88678
chrX	120800000	120900000	0.0006423289459294912	80903
chrX	120900000	121000000	0.0005788944338753752	79332
chrX	121000000	121100000	0.0008330598360484876	83464
chrX	121100000	121200000	0.0008307165461377763	79903
chrX	121200000	121300000	0.0007345414554728268	75811
chrX	121300000	121400000	0.0007616815919254175	74375
chrX	121400000	121500000	0.000990177839639574	77267
chrX	121500000	121600000	0.0010500223023752007	81218
chrX	121600000	121700000	0.001265619745226353	71563
chrX	121700000	121800000	0.0008464277002852463	84243
chrX	121800000	121900000	0.0009156310277472685	77265
chrX	121900000	122000000	0.0012124875658754827	85213
chrX	122000000	122100000	0.0006324371013628616	82171
chrX	122100000	122200000	0.00047707472928237794	76885
chrX	122200000	122300000	0.0006476037769018586	82119
chrX	122300000	122400000	0.0004465028401732522	17186
chrX	122400000	122500000	0.0	NA
chrX	122500000	122600000	0.0	NA
chrX	122600000	122700000	0.0007615817167099376	57093
chrX	122700000	122800000	0.0003816487015672586	21285
chrX	122800000	122900000	0.00041883929320889543	16884
chrX	122900000	123000000	0.0006554690582328227	37929
chrX	123000000	123100000	0.0004892488483232623	21411
chrX	123100000	123200000	0.0	NA
chrX	123200000	123300000	0.0007811875710455959	38450
chrX	123300000	123400000	0.0009669207175850784	74654
chrX	123400000	123500000	0.0005532669718988879	65027
chrX	123500000	123600000	0.0009088350918447235	2455
chrX	123600000	123700000	0.0	NA
chrX	123700000	123800000	0.0	NA
chrX	123800000	123900000	0.0	NA
chrX	123900000	124000000	0.0	NA
chrX	124000000	124100000	0.0012617073715651386	1941
chrX	124100000	124200000	0.0007674250977703329	80385
chrX	124200000	124300000	0.0007649278629970343	87713
chrX	124300000	124400000	0.000690117164451016	86602
chrX	124400000	124500000	0.001036386169362357	75313
chrX	124500000	124600000	0.0011113669313687572	77644
chrX	124600000	124700000	0.0010214156317955832	78830
chrX	124700000	124800000	0.0006836970263145486	79090
chrX	124800000	124900000	0.0006112292217450504	84335
chrX	124900000	125000000	0.0006827253967075361	77285
chrX	125000000	125100000	0.0010201557457307755	77400
chrX	125100000	125200000	0.0009243899190737463	82061
chrX	125200000	125300000	0.0009646212487078656	68702
chrX	125300000	125400000	0.0006899143659289581	72324
chrX	125400000	125500000	0.0008266865410669368	76372
chrX	125500000	125600000	0.0007994789715193459	73295
chrX	125600000	125700000	0.0012030484911774138	78103
chrX	125700000	125800000	0.0005726939691728857	84456
chrX	125800000	125900000	0.0007239376707974207	84984
chrX	125900000	126000000	0.0007608852573784504	76090
chrX	126000000	126100000	0.0009337289580421798	69628
chrX	126100000	126200000	0.0005603515074079904	82209
chrX	126200000	126300000	0.000491962736690259	75685
chrX	126300000	126400000	0.00039358817489711377	66387
chrX	126400000	126500000	0.0008012874765846857	78716
chrX	126500000	126600000	0.0004939993346745431	80933
chrX	126600000	126700000	0.000673658782954393	77666
chrX	126700000	126800000	0.0006069699398438572	77423
chrX	126800000	126900000	0.0006487727559174363	88719
chrX	126900000	127000000	0.0009203478178191841	71594
chrX	127000000	127100000	0.0006434532245208513	86740
chrX	127100000	127200000	0.0007684248046072868	82489
chrX	127200000	127300000	0.0006479327943746013	81487
chrX	127300000	127400000	0.0004783831336841255	78164
chrX	127400000	127500000	0.0004341186427784425	86911
chrX	127500000	127600000	0.0003182262203223471	76013
chrX	127600000	127700000	0.00043171969252429036	83845
chrX	127700000	127800000	0.0005146391496700837	82895
chrX	127800000	127900000	0.0007211646521155727	72823
chrX	127900000	128000000	0.0006756419784275317	71949
chrX	128000000	128100000	0.0006535369504212038	82544
chrX	128100000	128200000	0.0006246273417004553	76311
chrX	128200000	128300000	0.00047541568859135036	28145
chrX	128300000	128400000	0.0	NA
chrX	128400000	128500000	0.0	NA
chrX	128500000	128600000	0.0	NA
chrX	128600000	128700000	0.0	NA
chrX	128700000	128800000	0.0	NA
chrX	128800000	128900000	0.0	NA
chrX	128900000	129000000	0.0	NA
chrX	129000000	129100000	0.0	NA
chrX	129100000	129200000	0.0	NA
chrX	129200000	129300000	0.0	NA
chrX	129300000	129400000	0.0	NA
chrX	129400000	129500000	0.0	NA
chrX	129500000	129600000	0.0	NA
chrX	129600000	129700000	0.0	NA
chrX	129700000	129800000	0.0	NA
chrX	129800000	129900000	0.0	NA
chrX	129900000	130000000	0.0	NA
chrX	130000000	130100000	0.0	NA
chrX	130100000	130200000	0.0	NA
chrX	130200000	130300000	0.0	NA
chrX	130300000	130400000	0.0	NA
chrX	130400000	130500000	0.0	NA
chrX	130500000	130600000	0.0	NA
chrX	130600000	130700000	0.0	NA
chrX	130700000	130800000	0.0	NA
chrX	130800000	130900000	0.0	NA
chrX	130900000	131000000	0.0	NA
chrX	131000000	131100000	0.0	NA
chrX	131100000	131200000	0.0	NA
chrX	131200000	131300000	0.0	NA
chrX	131300000	131400000	0.0	NA
chrX	131400000	131500000	0.0	NA
chrX	131500000	131600000	0.0	NA
chrX	131600000	131700000	0.0	NA
chrX	131700000	131800000	0.0	NA
chrX	131800000	131900000	0.0	NA
chrX	131900000	132000000	0.0	NA
chrX	132000000	132100000	0.0	NA
chrX	132100000	132200000	0.0	NA
chrX	132200000	132300000	0.0	NA
chrX	132300000	132400000	0.0	NA
chrX	132400000	132500000	0.0	NA
chrX	132500000	132600000	0.0	NA
chrX	132600000	132700000	0.0	NA
chrX	132700000	132800000	0.0	NA
chrX	132800000	132900000	0.0	NA
chrX	132900000	133000000	0.0	NA
chrX	133000000	133100000	0.0	NA
chrX	133100000	133200000	0.0	NA
chrX	133200000	133300000	0.0	NA
chrX	133300000	133400000	0.0	NA
chrX	133400000	133500000	0.0	NA
chrX	133500000	133600000	0.0	NA
chrX	133600000	133700000	0.0	NA
chrX	133700000	133800000	0.0	NA
chrX	133800000	133900000	0.0	NA
chrX	133900000	134000000	0.0	NA
chrX	134000000	134100000	0.0	NA
chrX	134100000	134200000	0.0	NA
chrX	134200000	134300000	0.0	NA
chrX	134300000	134400000	0.0	NA
chrX	134400000	134500000	0.0	NA
chrX	134500000	134600000	0.0	NA
chrX	134600000	134700000	0.0	NA
chrX	134700000	134800000	0.0	NA
chrX	134800000	134900000	0.0	NA
chrX	134900000	135000000	0.0	NA
chrX	135000000	135100000	0.0	NA
chrX	135100000	135200000	0.0	NA
chrX	135200000	135300000	0.0	NA
chrX	135300000	135400000	0.0	NA
chrX	135400000	135500000	0.0	NA
chrX	135500000	135600000	0.0	NA
chrX	135600000	135700000	0.0	NA
chrX	135700000	135800000	0.0	NA
chrX	135800000	135900000	0.0	NA
chrX	135900000	136000000	0.0	NA
chrX	136000000	136100000	0.0	NA
chrX	136100000	136200000	0.0	NA
chrX	136200000	136300000	0.0	NA
chrX	136300000	136400000	0.0	NA
chrX	136400000	136500000	0.0	NA
chrX	136500000	136600000	0.0	NA
chrX	136600000	136700000	0.0	NA
chrX	136700000	136800000	0.00026834939849788484	2815
chrX	136800000	136900000	0.00046283645775495655	70269
chrX	136900000	137000000	0.0005237702067629026	83240
chrX	137000000	137100000	0.0007305662311784478	76557
chrX	137100000	137200000	0.0004527684073528785	69559
chrX	137200000	137300000	0.0005477744878167416	79877
chrX	137300000	137400000	0.0008486742909236147	70831
chrX	137400000	137500000	0.0008265677890461007	81591
chrX	137500000	137600000	0.0011706465283497808	80843
chrX	137600000	137700000	0.0004111456807460593	84750
chrX	137700000	137800000	0.00033454385489378133	11618
chrX	137800000	137900000	0.0	NA
chrX	137900000	138000000	0.0	NA
chrX	138000000	138100000	0.0	NA
chrX	138100000	138200000	0.0	NA
chrX	138200000	138300000	0.0012029398431969592	10876
chrX	138300000	138400000	0.0008693039908840934	82163
chrX	138400000	138500000	0.0010327755319458893	78737
chrX	138500000	138600000	0.0007328649734181232	73499
chrX	138600000	138700000	0.0006122773260293409	20843
chrX	138700000	138800000	0.00043585124924391843	8013
chrX	138800000	138900000	0.0004194522830549889	7085
chrX	138900000	139000000	0.00045641674377423487	63780
chrX	139000000	139100000	0.0008898720023718158	42201
chrX	139100000	139200000	0.0006290281094612412	70268
chrX	139200000	139300000	0.0005614468615880747	78120
chrX	139300000	139400000	0.0005759170400204991	63957
chrX	139400000	139500000	0.000523648916317345	76316
chrX	139500000	139600000	0.0007297322309274845	81907
chrX	139600000	139700000	0.0009952669811562488	85526
chrX	139700000	139800000	0.0006424528650174519	65512
chrX	139800000	139900000	0.0013059834181164869	34757
chrX	139900000	140000000	0.0009990296650274086	83458
chrX	140000000	140100000	0.0008548254510983914	63624
chrX	140100000	140200000	0.0	NA
chrX	140200000	140300000	0.0008119045888848046	65869
chrX	140300000	140400000	0.0011607482506576449	53147
chrX	140400000	140500000	0.000886756120614606	74746
chrX	140500000	140600000	0.001143344029800941	45584
chrX	140600000	140700000	0.0	NA
chrX	140700000	140800000	0.0006254494290884485	29666
chrX	140800000	140900000	0.000913355216818853	73662
chrX	140900000	141000000	0.0009381288445796044	28070
chrX	141000000	141100000	0.0011242968277922454	81059
chrX	141100000	141200000	0.001172726103641131	81718
chrX	141200000	141300000	0.0010853328599170371	70325
chrX	141300000	141400000	0.0012649511531180407	79200
chrX	141400000	141500000	0.000974571349333631	70039
chrX	141500000	141600000	0.001199383958688633	72042
chrX	141600000	141700000	0.0014661178685876162	84230
chrX	141700000	141800000	0.0011757342258623862	81333
chrX	141800000	141900000	0.000983309214761724	72238
chrX	141900000	142000000	0.000854758449589495	74115
chrX	142000000	142100000	0.0008426798215901437	79354
chrX	142100000	142200000	0.000863771337475935	82860
chrX	142200000	142300000	0.0010758186423041108	85677
chrX	142300000	142400000	0.0008811923775592325	83784
chrX	142400000	142500000	0.0009772431120525444	82097
chrX	142500000	142600000	0.0011023067847559015	79563
chrX	142600000	142700000	0.0009891708886981098	74762
chrX	142700000	142800000	0.0008463714951087444	70084
chrX	142800000	142900000	0.0011026275268130703	72483
chrX	142900000	143000000	0.000805019463734452	83030
chrX	143000000	143100000	0.0007463453299187604	79689
chrX	143100000	143200000	0.0007330657105717161	50308
chrX	143200000	143300000	0.0006453510024015075	3317
chrX	143300000	143400000	0.001338231609315214	83346
chrX	143400000	143500000	0.0008687920969396519	80611
chrX	143500000	143600000	0.0010205804104979049	40018
chrX	143600000	143700000	0.0013003139001569986	85863
chrX	143700000	143800000	0.0011401012914544182	81404
chrX	143800000	143900000	0.0010804920559958154	84151
chrX	143900000	144000000	0.0008806582990237731	84696
chrX	144000000	144100000	0.0011352522898979867	86463
chrX	144100000	144200000	0.0007917386382689958	83878
chrX	144200000	144300000	0.0013427715796870824	85733
chrX	144300000	144400000	0.0010803356856028522	76908
chrX	144400000	144500000	0.0005291447230500344	76452
chrX	144500000	144600000	0.0008910575714606072	79929
chrX	144600000	144700000	0.0009807177271522372	87538
chrX	144700000	144800000	0.0006477512438036196	87024
chrX	144800000	144900000	0.0009127027471263384	82454
chrX	144900000	145000000	0.0007683960035039317	75125
chrX	145000000	145100000	0.0008995666313238337	80131
chrX	145100000	145200000	0.0009731133894271768	78751
chrX	145200000	145300000	0.0008987474788955341	83307
chrX	145300000	145400000	0.001247725731171408	76426
chrX	145400000	145500000	0.0010272464140781215	81886
chrX	145500000	145600000	0.0008936637982322918	83363
chrX	145600000	145700000	0.0011154999666018817	88228
chrX	145700000	145800000	0.000715426204465788	80064
chrX	145800000	145900000	0.0013805531174247675	62280
chrX	145900000	146000000	0.0013122836098607186	72931
chrX	146000000	146100000	0.0010364981161175985	83332
chrX	146100000	146200000	0.0009136829316819861	84928
chrX	146200000	146300000	0.0007350303572188849	65998
chrX	146300000	146400000	0.0008517994056395481	70707
chrX	146400000	146500000	0.0009254222522648395	79162
chrX	146500000	146600000	0.0008052822986967501	82920
chrX	146600000	146700000	0.00093599234891983	88267
chrX	146700000	146800000	0.0011075902919518842	83557
chrX	146800000	146900000	0.0005443684460560539	90871
chrX	146900000	147000000	0.0006325743119419768	68753
chrX	147000000	147100000	0.0005319892064519399	20925
chrX	147100000	147200000	0.0009153442215435149	77770
chrX	147200000	147300000	0.0006198449965082755	69302
chrX	147300000	147400000	0.0005479308593924786	76285
chrX	147400000	147500000	0.0006900384615326371	72248
chrX	147500000	147600000	0.0006449268511339799	71667
chrX	147600000	147700000	0.0	NA
chrX	147700000	147800000	0.0	NA
chrX	147800000	147900000	0.0	NA
chrX	147900000	148000000	0.0	NA
chrX	148000000	148100000	0.0007018120052129132	16561
chrX	148100000	148200000	0.0005967481868772019	86056
chrX	148200000	148300000	0.0006762647849806222	74065
chrX	148300000	148400000	0.0007592794418341251	84756
chrX	148400000	148500000	0.0007451299053553412	79877
chrX	148500000	148600000	0.0009744376377796487	55149
chrX	148600000	148700000	0.000721251610444497	12987
chrX	148700000	148800000	0.0006502960634542774	24016
chrX	148800000	148900000	0.0006140932740059978	32428
chrX	148900000	149000000	0.0003964792103003127	2418
chrX	149000000	149100000	0.00022581629221315766	7879
chrX	149100000	149200000	0.00020766549549638028	11561
chrX	149200000	149300000	0.00045411444974871997	80591
chrX	149300000	149400000	0.0007390259542868539	80536
chrX	149400000	149500000	0.000581451921379921	89618
chrX	149500000	149600000	0.0005860286691505344	27724
chrX	149600000	149700000	0.0012484936876076796	13685
chrX	149700000	149800000	0.0005342825546334972	31273
chrX	149800000	149900000	0.0006693947586205178	17578
chrX	149900000	150000000	0.0002792864785794586	1010
chrX	150000000	150100000	0.000670740973318641	25319
chrX	150100000	150200000	0.001066459934993831	60222
chrX	150200000	150300000	0.0010719079236239692	75496
chrX	150300000	150400000	0.0009130738953225144	69505
chrX	150400000	150500000	0.0009243520566489942	78099
chrX	150500000	150600000	0.0007272450003603106	71549
chrX	150600000	150700000	0.0009139719842691596	78061
chrX	150700000	150800000	0.0005958605023606505	16602
chrX	150800000	150900000	0.0010838522915247648	38240
chrX	150900000	151000000	0.0008973383187142318	81420
chrX	151000000	151100000	0.0008908797773855085	77446
chrX	151100000	151200000	0.0008813168350147326	62385
chrX	151200000	151300000	0.0009157466793855234	64938
chrX	151300000	151400000	0.0007540489752651663	26120
chrX	151400000	151500000	0.0	NA
chrX	151500000	151600000	0.0	NA
chrX	151600000	151700000	0.0	NA
chrX	151700000	151800000	0.0	NA
chrX	151800000	151900000	0.0	NA
chrX	151900000	152000000	0.0	NA
chrX	152000000	152100000	0.0	NA
chrX	152100000	152200000	0.0	NA
chrX	152200000	152300000	0.0	NA
chrX	152300000	152400000	0.0	NA
chrX	152400000	152500000	0.0	NA
chrX	152500000	152600000	0.0	NA
chrX	152600000	152700000	0.0	NA
chrX	152700000	152800000	0.0	NA
chrX	152800000	152900000	0.0	NA
chrX	152900000	153000000	0.0	NA
chrX	153000000	153100000	0.0	NA
chrX	153100000	153200000	0.0	NA
chrX	153200000	153300000	0.0	NA
chrX	153300000	153400000	0.0	NA
chrX	153400000	153500000	0.0	NA
chrX	153500000	153600000	0.0	NA
chrX	153600000	153700000	0.0	NA
chrX	153700000	153800000	0.0	NA
chrX	153800000	153900000	0.0	NA
chrX	153900000	154000000	0.0	NA
chrX	154000000	154100000	0.0	NA
chrX	154100000	154200000	0.0	NA
chrX	154200000	154300000	0.0	NA
chrX	154300000	154400000	0.0	NA
chrX	154400000	154500000	0.0	NA
chrX	154500000	154600000	0.0	NA
chrX	154600000	154700000	0.0	NA
chrX	154700000	154800000	0.0	NA
chrX	154800000	154900000	0.0	NA
chrX	154900000	155000000	0.0	NA
chrX	155000000	155100000	0.0	NA
chrX	155100000	155200000	0.0007030654845587345	19719
chrX	155200000	155270560	0.0011052963644034059	12695
