chrX	0	100000	0.0008752023838230734	1456
chrX	100000	200000	0.0018084270141776133	4965
chrX	200000	300000	0.0031246606791071395	2964
chrX	300000	400000	0.0011174678429266554	15533
chrX	400000	500000	0.0016828401162782428	29352
chrX	500000	600000	0.002006571975597546	30548
chrX	600000	700000	0.0013459789269808385	32131
chrX	700000	800000	0.0014181805584806014	42139
chrX	800000	900000	0.0012538162150622346	28095
chrX	900000	1000000	0.0013823935715270603	33413
chrX	1000000	1100000	0.0011517957351290693	10800
chrX	1100000	1200000	0.0	NA
chrX	1200000	1300000	0.0014109963589712506	14837
chrX	1300000	1400000	0.0009663837051274844	11710
chrX	1400000	1500000	0.0013564493894751297	3621
chrX	1500000	1600000	0.0013225956712546742	5994
chrX	1600000	1700000	0.001108494231679489	13016
chrX	1700000	1800000	0.0014822145223029506	15723
chrX	1800000	1900000	0.0012927873104168893	33177
chrX	1900000	2000000	0.0011917993099897976	42559
chrX	2000000	2100000	0.0016676436978506496	27331
chrX	2100000	2200000	0.00214544663546286	5654
chrX	2200000	2300000	0.0	NA
chrX	2300000	2400000	0.0	NA
chrX	2400000	2500000	0.0009713696087062716	45281
chrX	2500000	2600000	0.0007899566766762365	31936
chrX	2600000	2700000	0.0010256270823595709	9973
chrX	2700000	2800000	0.0009902600547296583	6527
chrX	2800000	2900000	0.0005397514934815706	22760
chrX	2900000	3000000	0.00017170716861506242	18211
chrX	3000000	3100000	0.0011734568326410872	41962
chrX	3100000	3200000	0.0010884375017542513	67756
chrX	3200000	3300000	0.0011342918059918	40676
chrX	3300000	3400000	0.0006323447271723131	66600
chrX	3400000	3500000	0.0006728546206992557	62692
chrX	3500000	3600000	0.000573830025456028	14266
chrX	3600000	3700000	0.0010985259389794774	32614
chrX	3700000	3800000	0.0007302493439096711	21192
chrX	3800000	3900000	0.0007681135834343378	25561
chrX	3900000	4000000	0.0006671135650272986	78839
chrX	4000000	4100000	0.00048579551017429264	79245
chrX	4100000	4200000	0.0007990516361186781	79718
chrX	4200000	4300000	0.000656708499852187	84113
chrX	4300000	4400000	0.00044736018880792795	79369
chrX	4400000	4500000	0.0002731275897776231	77637
chrX	4500000	4600000	0.0005966243504899409	75731
chrX	4600000	4700000	0.0006064654962938849	73578
chrX	4700000	4800000	0.0007117579148341278	76081
chrX	4800000	4900000	0.00045737716647901137	77400
chrX	4900000	5000000	0.0006948123280368179	79951
chrX	5000000	5100000	0.0005948946161391944	74083
chrX	5100000	5200000	0.0005901094206795076	78953
chrX	5200000	5300000	0.0004076246708779045	81913
chrX	5300000	5400000	0.0003503030589914118	80640
chrX	5400000	5500000	0.0005774519291481533	79923
chrX	5500000	5600000	0.00040864096183746893	82766
chrX	5600000	5700000	0.00107834671555748	76600
chrX	5700000	5800000	0.0007190085887228222	79391
chrX	5800000	5900000	0.0003670537554077676	6848
chrX	5900000	6000000	0.0	NA
chrX	6000000	6100000	0.0	NA
chrX	6100000	6200000	0.0005064518298825548	40080
chrX	6200000	6300000	0.0004761658289035016	79340
chrX	6300000	6400000	0.00027621614951987817	81858
chrX	6400000	6500000	0.00021706545127958378	76866
chrX	6500000	6600000	0.00033903658394302054	79199
chrX	6600000	6700000	0.0004606372104268565	80898
chrX	6700000	6800000	0.0007080893376195806	84914
chrX	6800000	6900000	0.0007475188160732103	73474
chrX	6900000	7000000	0.00045538064603972955	30759
chrX	7000000	7100000	0.0	NA
chrX	7100000	7200000	0.0	NA
chrX	7200000	7300000	0.0001733326394386334	22227
chrX	7300000	7400000	0.0002869945370806788	85565
chrX	7400000	7500000	0.0003078746191319185	79549
chrX	7500000	7600000	0.0003957107590374511	81085
chrX	7600000	7700000	0.0004037849637556107	39189
chrX	7700000	7800000	9.170194685820285e-05	88353
chrX	7800000	7900000	0.0006238704463491639	55024
chrX	7900000	8000000	0.0003674020275706369	79564
chrX	8000000	8100000	0.0003810867936032852	84815
chrX	8100000	8200000	0.00037628888048593927	69704
chrX	8200000	8300000	0.0006882972813953037	83886
chrX	8300000	8400000	0.0006801258446933069	84731
chrX	8400000	8500000	0.0008049042278916349	60611
chrX	8500000	8600000	0.0	NA
chrX	8600000	8700000	0.0	NA
chrX	8700000	8800000	0.00042257037662488475	64184
chrX	8800000	8900000	0.0005486179090603509	92359
chrX	8900000	9000000	0.0003220578960784289	64487
chrX	9000000	9100000	0.0005479899125444428	81408
chrX	9100000	9200000	0.00020240495684411522	86934
chrX	9200000	9300000	0.0005985513616891657	81300
chrX	9300000	9400000	0.00047245495253623427	65299
chrX	9400000	9500000	0.0007824864085137805	22404
chrX	9500000	9600000	0.0	NA
chrX	9600000	9700000	0.0012080087566869947	5219
chrX	9700000	9800000	0.0005234361825900626	11848
chrX	9800000	9900000	0.0	NA
chrX	9900000	10000000	0.0005048510225508568	44001
chrX	10000000	10100000	0.0	NA
chrX	10100000	10200000	0.0008174075074167524	8765
chrX	10200000	10300000	0.0005369804720846342	29283
chrX	10300000	10400000	0.0	NA
chrX	10400000	10500000	0.0	NA
chrX	10500000	10600000	0.0	NA
chrX	10600000	10700000	0.0	NA
chrX	10700000	10800000	0.0	NA
chrX	10800000	10900000	0.0	NA
chrX	10900000	11000000	0.0	NA
chrX	11000000	11100000	0.0	NA
chrX	11100000	11200000	0.0	NA
chrX	11200000	11300000	0.0	NA
chrX	11300000	11400000	0.0	NA
chrX	11400000	11500000	0.0	NA
chrX	11500000	11600000	0.0	NA
chrX	11600000	11700000	0.0	NA
chrX	11700000	11800000	0.0	NA
chrX	11800000	11900000	0.0	NA
chrX	11900000	12000000	0.0	NA
chrX	12000000	12100000	0.0	NA
chrX	12100000	12200000	0.0	NA
chrX	12200000	12300000	0.0	NA
chrX	12300000	12400000	0.0	NA
chrX	12400000	12500000	0.0	NA
chrX	12500000	12600000	0.0	NA
chrX	12600000	12700000	0.0	NA
chrX	12700000	12800000	0.0004459225169423128	43811
chrX	12800000	12900000	0.0007644793488084126	25947
chrX	12900000	13000000	0.0006795984645634838	35930
chrX	13000000	13100000	0.00029686901575482215	74039
chrX	13100000	13200000	0.00016284816471349176	80230
chrX	13200000	13300000	0.000368393320299531	83862
chrX	13300000	13400000	0.0003210125242471904	73450
chrX	13400000	13500000	0.0006877717293673709	78761
chrX	13500000	13600000	0.0006780656638802884	74737
chrX	13600000	13700000	0.0007401069271495868	22874
chrX	13700000	13800000	0.0005513463522213922	9371
chrX	13800000	13900000	0.0	NA
chrX	13900000	14000000	0.0005347341344621621	29364
chrX	14000000	14100000	0.0005423026499232174	65754
chrX	14100000	14200000	0.0003256333141506313	79481
chrX	14200000	14300000	0.00014628127038951073	74794
chrX	14300000	14400000	0.0003634054356614812	79874
chrX	14400000	14500000	0.0001034998626055399	80841
chrX	14500000	14600000	0.00015643957928708588	42635
chrX	14600000	14700000	0.0	NA
chrX	14700000	14800000	0.0003415417144741273	38657
chrX	14800000	14900000	0.0002960465850405646	48752
chrX	14900000	15000000	0.0005275415497375429	42771
chrX	15000000	15100000	0.00044224070484384827	80872
chrX	15100000	15200000	0.00035243449954790504	82204
chrX	15200000	15300000	0.0004794315795011018	58956
chrX	15300000	15400000	0.000430633663608313	11373
chrX	15400000	15500000	0.0	NA
chrX	15500000	15600000	0.000234678759512954	10123
chrX	15600000	15700000	0.0003551605738317259	13653
chrX	15700000	15800000	0.0002196201887455791	23510
chrX	15800000	15900000	0.0002847147521274347	26088
chrX	15900000	16000000	0.0003980734820757355	81552
chrX	16000000	16100000	0.00021258961628229492	82768
chrX	16100000	16200000	0.00039556881409651547	53837
chrX	16200000	16300000	0.0005062097363179258	72067
chrX	16300000	16400000	0.0005090566990249881	72354
chrX	16400000	16500000	0.00042032550420372173	84033
chrX	16500000	16600000	0.0006816338541064548	70365
chrX	16600000	16700000	8.628343248346676e-05	3618
chrX	16700000	16800000	0.0004231047911872941	12512
chrX	16800000	16900000	0.0004360761598668988	11521
chrX	16900000	17000000	0.0003286714855310263	32283
chrX	17000000	17100000	0.0	NA
chrX	17100000	17200000	0.0	NA
chrX	17200000	17300000	0.0	NA
chrX	17300000	17400000	0.0	NA
chrX	17400000	17500000	0.0	NA
chrX	17500000	17600000	0.0	NA
chrX	17600000	17700000	0.0	NA
chrX	17700000	17800000	0.0	NA
chrX	17800000	17900000	0.0	NA
chrX	17900000	18000000	0.0	NA
chrX	18000000	18100000	0.0	NA
chrX	18100000	18200000	0.0	NA
chrX	18200000	18300000	0.0	NA
chrX	18300000	18400000	0.0	NA
chrX	18400000	18500000	0.0	NA
chrX	18500000	18600000	0.0	NA
chrX	18600000	18700000	0.0	NA
chrX	18700000	18800000	0.0	NA
chrX	18800000	18900000	0.0003225095069923181	32737
chrX	18900000	19000000	0.0001920000294273052	7954
chrX	19000000	19100000	2.2086756780634312e-05	4116
chrX	19100000	19200000	0.00014612617681768344	39110
chrX	19200000	19300000	0.0002290666704560892	73116
chrX	19300000	19400000	0.00016825653644341064	2790
chrX	19400000	19500000	0.0	NA
chrX	19500000	19600000	0.0	NA
chrX	19600000	19700000	0.0	NA
chrX	19700000	19800000	0.0	NA
chrX	19800000	19900000	0.0	NA
chrX	19900000	20000000	0.0	NA
chrX	20000000	20100000	0.0	NA
chrX	20100000	20200000	0.0	NA
chrX	20200000	20300000	0.0	NA
chrX	20300000	20400000	0.0	NA
chrX	20400000	20500000	0.0	NA
chrX	20500000	20600000	0.0	NA
chrX	20600000	20700000	0.0	NA
chrX	20700000	20800000	0.0	NA
chrX	20800000	20900000	0.0	NA
chrX	20900000	21000000	0.0	NA
chrX	21000000	21100000	0.0	NA
chrX	21100000	21200000	0.0	NA
chrX	21200000	21300000	0.0	NA
chrX	21300000	21400000	0.0	NA
chrX	21400000	21500000	0.0	NA
chrX	21500000	21600000	0.0	NA
chrX	21600000	21700000	0.0	NA
chrX	21700000	21800000	0.0	NA
chrX	21800000	21900000	0.0	NA
chrX	21900000	22000000	0.0	NA
chrX	22000000	22100000	0.0	NA
chrX	22100000	22200000	0.0	NA
chrX	22200000	22300000	0.0	NA
chrX	22300000	22400000	0.0	NA
chrX	22400000	22500000	0.0	NA
chrX	22500000	22600000	0.0	NA
chrX	22600000	22700000	0.0	NA
chrX	22700000	22800000	0.0	NA
chrX	22800000	22900000	0.0	NA
chrX	22900000	23000000	0.0	NA
chrX	23000000	23100000	0.0	NA
chrX	23100000	23200000	0.0	NA
chrX	23200000	23300000	0.0	NA
chrX	23300000	23400000	0.00037399744353198354	38178
chrX	23400000	23500000	0.0005158140419758159	60203
chrX	23500000	23600000	0.00043206882748416417	72295
chrX	23600000	23700000	0.0007783121164490193	61975
chrX	23700000	23800000	0.0009226237090588956	25799
chrX	23800000	23900000	0.0005240350067936277	25641
chrX	23900000	24000000	0.00047742624166100943	23844
chrX	24000000	24100000	0.00030317017741304445	10384
chrX	24100000	24200000	0.0005357729220746748	32863
chrX	24200000	24300000	0.0006342859500995089	44739
chrX	24300000	24400000	0.00035738831771549523	68865
chrX	24400000	24500000	0.0005959064992471714	63323
chrX	24500000	24600000	0.00035897220915410185	6730
chrX	24600000	24700000	0.00014283429020933862	7120
chrX	24700000	24800000	0.00010994372897022856	8397
chrX	24800000	24900000	0.0	NA
chrX	24900000	25000000	0.0	NA
chrX	25000000	25100000	0.0003691386395883705	56512
chrX	25100000	25200000	0.000287589491781471	78985
chrX	25200000	25300000	0.00043775458531500675	85156
chrX	25300000	25400000	0.00027224372362467616	65743
chrX	25400000	25500000	0.00033586684854540553	80410
chrX	25500000	25600000	0.0005865552556734741	86307
chrX	25600000	25700000	0.0006687123259728725	91717
chrX	25700000	25800000	0.0007973029568972954	79346
chrX	25800000	25900000	0.0006484197138707411	84625
chrX	25900000	26000000	0.000795867481834542	75396
chrX	26000000	26100000	0.000493231444749602	81360
chrX	26100000	26200000	0.0005065411203936778	73080
chrX	26200000	26300000	0.0007016925916489246	74608
chrX	26300000	26400000	0.00047096395554486933	71017
chrX	26400000	26500000	0.0005010208232063397	84539
chrX	26500000	26600000	0.0006629440091720273	75100
chrX	26600000	26700000	0.00047087437475844566	85836
chrX	26700000	26800000	0.0005262670874416893	81441
chrX	26800000	26900000	0.0004512706305940335	85563
chrX	26900000	27000000	0.00046691638547294187	86586
chrX	27000000	27100000	0.00045286724318256753	78634
chrX	27100000	27200000	0.0004865306983293918	75843
chrX	27200000	27300000	0.00041821630658287205	81114
chrX	27300000	27400000	0.000523647437269513	74297
chrX	27400000	27500000	0.0006595171132641195	78903
chrX	27500000	27600000	0.00043135343247430207	75188
chrX	27600000	27700000	0.0004172350936032782	82222
chrX	27700000	27800000	0.00037808560488773664	81185
chrX	27800000	27900000	0.0002581150551065781	75740
chrX	27900000	28000000	0.0002300833507917675	83629
chrX	28000000	28100000	0.0002812484639362393	87563
chrX	28100000	28200000	0.0002257450171690178	80671
chrX	28200000	28300000	0.0002844426038125608	83213
chrX	28300000	28400000	0.00021520759362638403	81454
chrX	28400000	28500000	0.0004899835305546534	74206
chrX	28500000	28600000	0.00039360935754196956	79862
chrX	28600000	28700000	0.0003324440455115898	5532
chrX	28700000	28800000	0.0	NA
chrX	28800000	28900000	0.0	NA
chrX	28900000	29000000	0.0	NA
chrX	29000000	29100000	0.0	NA
chrX	29100000	29200000	0.0	NA
chrX	29200000	29300000	0.0	NA
chrX	29300000	29400000	0.0	NA
chrX	29400000	29500000	0.0	NA
chrX	29500000	29600000	0.0	NA
chrX	29600000	29700000	0.0	NA
chrX	29700000	29800000	0.0	NA
chrX	29800000	29900000	0.0	NA
chrX	29900000	30000000	0.00011570434883602182	17886
chrX	30000000	30100000	0.000310505754156468	75211
chrX	30100000	30200000	0.0004963707424313204	82088
chrX	30200000	30300000	0.0005954823566533161	68485
chrX	30300000	30400000	0.000433864060478019	77006
chrX	30400000	30500000	0.000497435840884999	81302
chrX	30500000	30600000	0.0002462288669185222	61425
chrX	30600000	30700000	0.00034513156889916035	46509
chrX	30700000	30800000	0.000505899957358199	29646
chrX	30800000	30900000	0.00024882132294796084	20458
chrX	30900000	31000000	0.0005382112131130202	81314
chrX	31000000	31100000	0.00042043858861713813	79204
chrX	31100000	31200000	0.00018833935278948462	32605
chrX	31200000	31300000	0.0	NA
chrX	31300000	31400000	0.0	NA
chrX	31400000	31500000	0.0	NA
chrX	31500000	31600000	0.0	NA
chrX	31600000	31700000	0.0	NA
chrX	31700000	31800000	0.0	NA
chrX	31800000	31900000	0.0	NA
chrX	31900000	32000000	0.0	NA
chrX	32000000	32100000	0.0	NA
chrX	32100000	32200000	0.0	NA
chrX	32200000	32300000	0.0	NA
chrX	32300000	32400000	0.0	NA
chrX	32400000	32500000	0.0	NA
chrX	32500000	32600000	0.0	NA
chrX	32600000	32700000	0.0	NA
chrX	32700000	32800000	0.0	NA
chrX	32800000	32900000	0.0	NA
chrX	32900000	33000000	0.0	NA
chrX	33000000	33100000	0.0	NA
chrX	33100000	33200000	0.0	NA
chrX	33200000	33300000	0.0	NA
chrX	33300000	33400000	0.000388199006929415	32560
chrX	33400000	33500000	0.00021195942374719045	84705
chrX	33500000	33600000	0.0004819250470883362	81055
chrX	33600000	33700000	0.0006287689079380402	84563
chrX	33700000	33800000	0.00041627205182892784	84785
chrX	33800000	33900000	0.0004348549891842773	85057
chrX	33900000	34000000	0.00043424825850523987	84549
chrX	34000000	34100000	0.0004556184460378203	91089
chrX	34100000	34200000	0.000649168677020658	76290
chrX	34200000	34300000	0.0005784470009521202	83539
chrX	34300000	34400000	0.0006302208896237461	84866
chrX	34400000	34500000	0.0007081976386776988	74386
chrX	34500000	34600000	0.00047315517826904856	83698
chrX	34600000	34700000	0.00036521132260000606	62606
chrX	34700000	34800000	0.00048268028690731467	85644
chrX	34800000	34900000	0.0004870046332416236	79295
chrX	34900000	35000000	0.0004817654123242071	85031
chrX	35000000	35100000	0.00045226198370934556	84520
chrX	35100000	35200000	0.00017902404072842664	83989
chrX	35200000	35300000	0.00027728769650060174	82838
chrX	35300000	35400000	0.00047847035211278076	83294
chrX	35400000	35500000	0.0003475033105080861	83693
chrX	35500000	35600000	0.00031443771605489467	79453
chrX	35600000	35700000	0.0005238206800343432	72509
chrX	35700000	35800000	0.0002670875143884331	87814
chrX	35800000	35900000	0.0008893912025237097	79834
chrX	35900000	36000000	0.0003814638298467481	28989
chrX	36000000	36100000	0.0	NA
chrX	36100000	36200000	0.0	NA
chrX	36200000	36300000	0.0	NA
chrX	36300000	36400000	0.0	NA
chrX	36400000	36500000	0.00045226243637636374	31231
chrX	36500000	36600000	0.000181318787640627	87048
chrX	36600000	36700000	0.0003681086918072616	84166
chrX	36700000	36800000	0.0005082351672169751	83505
chrX	36800000	36900000	0.0005190613870486041	90691
chrX	36900000	37000000	0.00032455349575112764	78143
chrX	37000000	37100000	0.0003977168223992186	51870
chrX	37100000	37200000	0.00015689258766651308	38644
chrX	37200000	37300000	0.00031332518134442937	8119
chrX	37300000	37400000	0.0002538341802813571	41133
chrX	37400000	37500000	0.00011574822164050744	13968
chrX	37500000	37600000	0.00016622972788724616	15052
chrX	37600000	37700000	0.0002449211773226146	49342
chrX	37700000	37800000	9.21684912078037e-05	78306
chrX	37800000	37900000	0.0006624570814608611	53127
chrX	37900000	38000000	0.0005562856520952047	11123
chrX	38000000	38100000	0.00043227338712283764	25187
chrX	38100000	38200000	0.0005972122458049111	33111
chrX	38200000	38300000	0.0008785497106826523	25710
chrX	38300000	38400000	0.0001856876367127545	39860
chrX	38400000	38500000	0.0	NA
chrX	38500000	38600000	0.0	NA
chrX	38600000	38700000	0.0	NA
chrX	38700000	38800000	0.0	NA
chrX	38800000	38900000	0.0	NA
chrX	38900000	39000000	0.0	NA
chrX	39000000	39100000	0.0	NA
chrX	39100000	39200000	0.0	NA
chrX	39200000	39300000	0.0	NA
chrX	39300000	39400000	0.0	NA
chrX	39400000	39500000	0.0	NA
chrX	39500000	39600000	0.0	NA
chrX	39600000	39700000	0.0	NA
chrX	39700000	39800000	0.0	NA
chrX	39800000	39900000	0.0	NA
chrX	39900000	40000000	0.0	NA
chrX	40000000	40100000	0.0	NA
chrX	40100000	40200000	0.0	NA
chrX	40200000	40300000	0.0	NA
chrX	40300000	40400000	0.0	NA
chrX	40400000	40500000	0.0	NA
chrX	40500000	40600000	0.0	NA
chrX	40600000	40700000	0.0	NA
chrX	40700000	40800000	0.0	NA
chrX	40800000	40900000	0.0	NA
chrX	40900000	41000000	0.0	NA
chrX	41000000	41100000	0.0	NA
chrX	41100000	41200000	0.0	NA
chrX	41200000	41300000	0.001056801366994111	12017
chrX	41300000	41400000	0.0006967790922087249	25399
chrX	41400000	41500000	0.0	NA
chrX	41500000	41600000	0.0	NA
chrX	41600000	41700000	0.0	NA
chrX	41700000	41800000	4.9990895592125906e-05	14731
chrX	41800000	41900000	0.00028392131409148196	80598
chrX	41900000	42000000	0.0004226040690154998	88976
chrX	42000000	42100000	0.0003489429546618783	79880
chrX	42100000	42200000	0.00032161024385372997	79572
chrX	42200000	42300000	0.00010081532286332435	80006
chrX	42300000	42400000	0.00016663211475407302	83348
chrX	42400000	42500000	0.00021544693104637533	81275
chrX	42500000	42600000	0.0006062036220860879	79932
chrX	42600000	42700000	0.0005129426913190106	81058
chrX	42700000	42800000	0.0005959549602217582	79569
chrX	42800000	42900000	0.0003457899910784484	84428
chrX	42900000	43000000	0.00018409981674121154	89394
chrX	43000000	43100000	0.00013206027068725617	44692
chrX	43100000	43200000	0.00017359573457734266	76557
chrX	43200000	43300000	0.00018642999891886885	86165
chrX	43300000	43400000	0.0002521879618959643	85402
chrX	43400000	43500000	0.00013900272457826362	77829
chrX	43500000	43600000	0.00030741948845397114	9768
chrX	43600000	43700000	0.0005934578861332007	17236
chrX	43700000	43800000	0.00011585910151226015	48087
chrX	43800000	43900000	0.0003784688466472238	61576
chrX	43900000	44000000	0.0004035938215993888	82612
chrX	44000000	44100000	0.0003775515908338386	6075
chrX	44100000	44200000	0.0	NA
chrX	44200000	44300000	0.0006828196926091698	68152
chrX	44300000	44400000	0.0003886230637985372	50725
chrX	44400000	44500000	0.0005499393064086875	45746
chrX	44500000	44600000	0.0003700428623936076	61365
chrX	44600000	44700000	0.0004365505192877892	47804
chrX	44700000	44800000	0.00016546192177227932	18821
chrX	44800000	44900000	0.0	NA
chrX	44900000	45000000	0.00020096494574731475	21963
chrX	45000000	45100000	0.000608850027461891	38914
chrX	45100000	45200000	0.00038454730113670867	85322
chrX	45200000	45300000	0.0002606482566304008	85326
chrX	45300000	45400000	0.00020046795712015076	61223
chrX	45400000	45500000	0.00014668536307084457	84098
chrX	45500000	45600000	0.0005353628430544559	76303
chrX	45600000	45700000	0.0004095260686148071	84474
chrX	45700000	45800000	0.0003095347757342987	74446
chrX	45800000	45900000	0.00036695306789149364	78444
chrX	45900000	46000000	0.0002081742421081268	21486
chrX	46000000	46100000	0.0	NA
chrX	46100000	46200000	0.0	NA
chrX	46200000	46300000	0.0	NA
chrX	46300000	46400000	0.0	NA
chrX	46400000	46500000	0.0	NA
chrX	46500000	46600000	0.0	NA
chrX	46600000	46700000	0.0	NA
chrX	46700000	46800000	0.0	NA
chrX	46800000	46900000	0.0	NA
chrX	46900000	47000000	0.0	NA
chrX	47000000	47100000	0.0	NA
chrX	47100000	47200000	0.0	NA
chrX	47200000	47300000	0.0	NA
chrX	47300000	47400000	0.0	NA
chrX	47400000	47500000	0.0	NA
chrX	47500000	47600000	0.0	NA
chrX	47600000	47700000	0.0	NA
chrX	47700000	47800000	0.0	NA
chrX	47800000	47900000	0.0	NA
chrX	47900000	48000000	0.0	NA
chrX	48000000	48100000	0.0	NA
chrX	48100000	48200000	0.0	NA
chrX	48200000	48300000	0.0	NA
chrX	48300000	48400000	0.0	NA
chrX	48400000	48500000	0.0	NA
chrX	48500000	48600000	0.0	NA
chrX	48600000	48700000	0.0	NA
chrX	48700000	48800000	0.0	NA
chrX	48800000	48900000	0.0	NA
chrX	48900000	49000000	0.0	NA
chrX	49000000	49100000	0.0	NA
chrX	49100000	49200000	0.0	NA
chrX	49200000	49300000	0.0	NA
chrX	49300000	49400000	0.0	NA
chrX	49400000	49500000	0.0	NA
chrX	49500000	49600000	0.0	NA
chrX	49600000	49700000	0.0	NA
chrX	49700000	49800000	0.0	NA
chrX	49800000	49900000	0.0	NA
chrX	49900000	50000000	0.0	NA
chrX	50000000	50100000	0.0	NA
chrX	50100000	50200000	0.0	NA
chrX	50200000	50300000	0.0	NA
chrX	50300000	50400000	0.0	NA
chrX	50400000	50500000	0.0	NA
chrX	50500000	50600000	0.0	NA
chrX	50600000	50700000	0.0	NA
chrX	50700000	50800000	0.0	NA
chrX	50800000	50900000	0.0	NA
chrX	50900000	51000000	0.0	NA
chrX	51000000	51100000	0.0	NA
chrX	51100000	51200000	0.0	NA
chrX	51200000	51300000	0.0	NA
chrX	51300000	51400000	0.0	NA
chrX	51400000	51500000	0.0	NA
chrX	51500000	51600000	0.0	NA
chrX	51600000	51700000	0.0	NA
chrX	51700000	51800000	0.0	NA
chrX	51800000	51900000	0.0	NA
chrX	51900000	52000000	0.0	NA
chrX	52000000	52100000	0.0	NA
chrX	52100000	52200000	0.0	NA
chrX	52200000	52300000	0.0	NA
chrX	52300000	52400000	0.0	NA
chrX	52400000	52500000	0.0	NA
chrX	52500000	52600000	0.0	NA
chrX	52600000	52700000	0.0	NA
chrX	52700000	52800000	0.0	NA
chrX	52800000	52900000	0.0	NA
chrX	52900000	53000000	0.0	NA
chrX	53000000	53100000	0.0	NA
chrX	53100000	53200000	0.0	NA
chrX	53200000	53300000	0.0	NA
chrX	53300000	53400000	0.0	NA
chrX	53400000	53500000	0.0	NA
chrX	53500000	53600000	0.0	NA
chrX	53600000	53700000	0.0	NA
chrX	53700000	53800000	0.0	NA
chrX	53800000	53900000	0.0	NA
chrX	53900000	54000000	0.0	NA
chrX	54000000	54100000	0.0	NA
chrX	54100000	54200000	0.0	NA
chrX	54200000	54300000	0.0	NA
chrX	54300000	54400000	0.0	NA
chrX	54400000	54500000	0.0	NA
chrX	54500000	54600000	0.0	NA
chrX	54600000	54700000	0.0	NA
chrX	54700000	54800000	0.0	NA
chrX	54800000	54900000	0.0	NA
chrX	54900000	55000000	0.0	NA
chrX	55000000	55100000	0.0	NA
chrX	55100000	55200000	0.0	NA
chrX	55200000	55300000	0.0	NA
chrX	55300000	55400000	0.0	NA
chrX	55400000	55500000	0.0	NA
chrX	55500000	55600000	0.0	NA
chrX	55600000	55700000	0.0	NA
chrX	55700000	55800000	0.0	NA
chrX	55800000	55900000	0.0	NA
chrX	55900000	56000000	0.0	NA
chrX	56000000	56100000	0.0	NA
chrX	56100000	56200000	0.0	NA
chrX	56200000	56300000	0.0	NA
chrX	56300000	56400000	0.0	NA
chrX	56400000	56500000	0.0	NA
chrX	56500000	56600000	0.0	NA
chrX	56600000	56700000	0.0	NA
chrX	56700000	56800000	0.0	NA
chrX	56800000	56900000	0.0	NA
chrX	56900000	57000000	0.0	NA
chrX	57000000	57100000	0.0	NA
chrX	57100000	57200000	0.0	NA
chrX	57200000	57300000	0.0	NA
chrX	57300000	57400000	0.0	NA
chrX	57400000	57500000	0.0	NA
chrX	57500000	57600000	0.0	NA
chrX	57600000	57700000	0.0	NA
chrX	57700000	57800000	0.0	NA
chrX	57800000	57900000	0.0	NA
chrX	57900000	58000000	0.0	NA
chrX	58000000	58100000	0.0	NA
chrX	58100000	58200000	0.0	NA
chrX	58200000	58300000	0.0	NA
chrX	58300000	58400000	0.0	NA
chrX	58400000	58500000	0.0	NA
chrX	58500000	58600000	0.0	NA
chrX	58600000	58700000	0.0	NA
chrX	58700000	58800000	0.0	NA
chrX	58800000	58900000	0.0	NA
chrX	58900000	59000000	0.0	NA
chrX	59000000	59100000	0.0	NA
chrX	59100000	59200000	0.0	NA
chrX	59200000	59300000	0.0	NA
chrX	59300000	59400000	0.0	NA
chrX	59400000	59500000	0.0	NA
chrX	59500000	59600000	0.0	NA
chrX	59600000	59700000	0.0	NA
chrX	59700000	59800000	0.0	NA
chrX	59800000	59900000	0.0	NA
chrX	59900000	60000000	0.0	NA
chrX	60000000	60100000	0.0	NA
chrX	60100000	60200000	0.0	NA
chrX	60200000	60300000	0.0	NA
chrX	60300000	60400000	0.0	NA
chrX	60400000	60500000	0.0	NA
chrX	60500000	60600000	0.0	NA
chrX	60600000	60700000	0.0	NA
chrX	60700000	60800000	0.0	NA
chrX	60800000	60900000	0.0	NA
chrX	60900000	61000000	0.0	NA
chrX	61000000	61100000	0.0	NA
chrX	61100000	61200000	0.0	NA
chrX	61200000	61300000	0.0	NA
chrX	61300000	61400000	0.0	NA
chrX	61400000	61500000	0.0	NA
chrX	61500000	61600000	0.0	NA
chrX	61600000	61700000	0.0	NA
chrX	61700000	61800000	0.0	NA
chrX	61800000	61900000	0.0	NA
chrX	61900000	62000000	0.0	NA
chrX	62000000	62100000	0.0	NA
chrX	62100000	62200000	0.0	NA
chrX	62200000	62300000	0.0	NA
chrX	62300000	62400000	0.0	NA
chrX	62400000	62500000	0.0	NA
chrX	62500000	62600000	0.0	NA
chrX	62600000	62700000	0.0	NA
chrX	62700000	62800000	0.0	NA
chrX	62800000	62900000	0.0	NA
chrX	62900000	63000000	0.0	NA
chrX	63000000	63100000	0.0	NA
chrX	63100000	63200000	0.0	NA
chrX	63200000	63300000	0.0	NA
chrX	63300000	63400000	0.0	NA
chrX	63400000	63500000	0.0	NA
chrX	63500000	63600000	0.0	NA
chrX	63600000	63700000	0.0	NA
chrX	63700000	63800000	0.0	NA
chrX	63800000	63900000	0.0	NA
chrX	63900000	64000000	0.0	NA
chrX	64000000	64100000	0.0	NA
chrX	64100000	64200000	0.0	NA
chrX	64200000	64300000	0.0	NA
chrX	64300000	64400000	0.0	NA
chrX	64400000	64500000	0.0	NA
chrX	64500000	64600000	0.0	NA
chrX	64600000	64700000	0.0	NA
chrX	64700000	64800000	0.0	NA
chrX	64800000	64900000	0.0	NA
chrX	64900000	65000000	0.0	NA
chrX	65000000	65100000	0.0	NA
chrX	65100000	65200000	0.0	NA
chrX	65200000	65300000	0.0	NA
chrX	65300000	65400000	0.0	NA
chrX	65400000	65500000	0.0	NA
chrX	65500000	65600000	0.0	NA
chrX	65600000	65700000	0.0	NA
chrX	65700000	65800000	0.0	NA
chrX	65800000	65900000	0.0	NA
chrX	65900000	66000000	0.0	NA
chrX	66000000	66100000	0.0	NA
chrX	66100000	66200000	0.0	NA
chrX	66200000	66300000	0.0	NA
chrX	66300000	66400000	0.0	NA
chrX	66400000	66500000	0.0	NA
chrX	66500000	66600000	0.0	NA
chrX	66600000	66700000	0.0	NA
chrX	66700000	66800000	0.0	NA
chrX	66800000	66900000	0.0	NA
chrX	66900000	67000000	0.0	NA
chrX	67000000	67100000	0.0	NA
chrX	67100000	67200000	0.0	NA
chrX	67200000	67300000	0.0	NA
chrX	67300000	67400000	0.0	NA
chrX	67400000	67500000	0.0	NA
chrX	67500000	67600000	0.0	NA
chrX	67600000	67700000	0.0	NA
chrX	67700000	67800000	0.0	NA
chrX	67800000	67900000	0.0	NA
chrX	67900000	68000000	0.0	NA
chrX	68000000	68100000	0.0	NA
chrX	68100000	68200000	0.0	NA
chrX	68200000	68300000	0.0	NA
chrX	68300000	68400000	0.0	NA
chrX	68400000	68500000	0.0	NA
chrX	68500000	68600000	0.0	NA
chrX	68600000	68700000	0.0	NA
chrX	68700000	68800000	0.0	NA
chrX	68800000	68900000	0.0	NA
chrX	68900000	69000000	0.0	NA
chrX	69000000	69100000	0.0	NA
chrX	69100000	69200000	0.0	NA
chrX	69200000	69300000	0.0	NA
chrX	69300000	69400000	0.0	NA
chrX	69400000	69500000	0.0	NA
chrX	69500000	69600000	0.0	NA
chrX	69600000	69700000	0.0	NA
chrX	69700000	69800000	0.0	NA
chrX	69800000	69900000	0.0	NA
chrX	69900000	70000000	0.0	NA
chrX	70000000	70100000	0.0	NA
chrX	70100000	70200000	0.0	NA
chrX	70200000	70300000	0.0	NA
chrX	70300000	70400000	0.0	NA
chrX	70400000	70500000	0.0	NA
chrX	70500000	70600000	0.0	NA
chrX	70600000	70700000	0.0	NA
chrX	70700000	70800000	0.0	NA
chrX	70800000	70900000	0.0	NA
chrX	70900000	71000000	0.0	NA
chrX	71000000	71100000	0.0	NA
chrX	71100000	71200000	0.0	NA
chrX	71200000	71300000	0.0	NA
chrX	71300000	71400000	0.0	NA
chrX	71400000	71500000	0.0	NA
chrX	71500000	71600000	0.0	NA
chrX	71600000	71700000	0.0	NA
chrX	71700000	71800000	0.0	NA
chrX	71800000	71900000	0.0	NA
chrX	71900000	72000000	0.0	NA
chrX	72000000	72100000	0.0	NA
chrX	72100000	72200000	0.0	NA
chrX	72200000	72300000	0.0	NA
chrX	72300000	72400000	0.0	NA
chrX	72400000	72500000	0.0	NA
chrX	72500000	72600000	0.0	NA
chrX	72600000	72700000	0.0	NA
chrX	72700000	72800000	0.0	NA
chrX	72800000	72900000	0.0	NA
chrX	72900000	73000000	0.0	NA
chrX	73000000	73100000	0.0	NA
chrX	73100000	73200000	0.0	NA
chrX	73200000	73300000	0.0	NA
chrX	73300000	73400000	0.0	NA
chrX	73400000	73500000	0.0	NA
chrX	73500000	73600000	0.0	NA
chrX	73600000	73700000	0.0	NA
chrX	73700000	73800000	0.0	NA
chrX	73800000	73900000	0.0	NA
chrX	73900000	74000000	0.0	NA
chrX	74000000	74100000	0.0	NA
chrX	74100000	74200000	0.0	NA
chrX	74200000	74300000	0.0	NA
chrX	74300000	74400000	0.0	NA
chrX	74400000	74500000	0.0	NA
chrX	74500000	74600000	0.0	NA
chrX	74600000	74700000	0.0	NA
chrX	74700000	74800000	0.0	NA
chrX	74800000	74900000	0.0	NA
chrX	74900000	75000000	0.0	NA
chrX	75000000	75100000	0.0	NA
chrX	75100000	75200000	0.0	NA
chrX	75200000	75300000	0.0	NA
chrX	75300000	75400000	0.0	NA
chrX	75400000	75500000	0.0	NA
chrX	75500000	75600000	0.0	NA
chrX	75600000	75700000	0.0	NA
chrX	75700000	75800000	0.0	NA
chrX	75800000	75900000	0.0	NA
chrX	75900000	76000000	0.0	NA
chrX	76000000	76100000	0.0	NA
chrX	76100000	76200000	0.0	NA
chrX	76200000	76300000	0.0	NA
chrX	76300000	76400000	0.0	NA
chrX	76400000	76500000	0.0	NA
chrX	76500000	76600000	0.0	NA
chrX	76600000	76700000	0.0	NA
chrX	76700000	76800000	0.0	NA
chrX	76800000	76900000	0.0	NA
chrX	76900000	77000000	0.0	NA
chrX	77000000	77100000	0.0	NA
chrX	77100000	77200000	0.0	NA
chrX	77200000	77300000	0.0	NA
chrX	77300000	77400000	0.0	NA
chrX	77400000	77500000	0.0	NA
chrX	77500000	77600000	0.0	NA
chrX	77600000	77700000	0.0	NA
chrX	77700000	77800000	0.0	NA
chrX	77800000	77900000	0.0	NA
chrX	77900000	78000000	0.0003560999718238488	37998
chrX	78000000	78100000	0.00043191387106306095	69973
chrX	78100000	78200000	0.0003021687499034942	76470
chrX	78200000	78300000	0.0003925476169179069	56319
chrX	78300000	78400000	0.00033235155895990065	79018
chrX	78400000	78500000	0.0005978406621107933	76906
chrX	78500000	78600000	0.0006699919866727509	80798
chrX	78600000	78700000	0.0005896986648074019	72185
chrX	78700000	78800000	0.00035209479204653915	72233
chrX	78800000	78900000	0.0004253142505677126	85322
chrX	78900000	79000000	0.0011260816224815575	71153
chrX	79000000	79100000	0.0009419920536067902	74574
chrX	79100000	79200000	0.0014569910473784867	68742
chrX	79200000	79300000	0.0016593409749254676	57453
chrX	79300000	79400000	0.000569598475029836	71543
chrX	79400000	79500000	0.0006644748777017563	56673
chrX	79500000	79600000	0.0	185
chrX	79600000	79700000	0.0	NA
chrX	79700000	79800000	0.00021240847680042182	70979
chrX	79800000	79900000	0.00016039876385740213	69882
chrX	79900000	80000000	0.00015676428482233552	17079
chrX	80000000	80100000	0.0003756253848125512	22051
chrX	80100000	80200000	0.0005593779029832511	64438
chrX	80200000	80300000	0.0005180582931224111	60867
chrX	80300000	80400000	0.0004424160196491504	49662
chrX	80400000	80500000	0.0	NA
chrX	80500000	80600000	0.0005153602593973071	32793
chrX	80600000	80700000	0.0005595446231572167	87081
chrX	80700000	80800000	0.0011690114073223956	78084
chrX	80800000	80900000	0.0006899830215975885	82390
chrX	80900000	81000000	0.0005031296001672634	71089
chrX	81000000	81100000	0.0006944033386702274	65405
chrX	81100000	81200000	0.0006727097816743815	81176
chrX	81200000	81300000	0.00036408663813488945	71634
chrX	81300000	81400000	0.0006984100985674414	84901
chrX	81400000	81500000	0.00019485664683353867	80220
chrX	81500000	81600000	0.00014593613380456107	87904
chrX	81600000	81700000	0.0003950983496597956	80926
chrX	81700000	81800000	0.0002541176966742094	75521
chrX	81800000	81900000	0.0002444515195400631	78503
chrX	81900000	82000000	0.0002921275509458685	79390
chrX	82000000	82100000	0.0007540857200734481	70360
chrX	82100000	82200000	0.0004774062442526995	82185
chrX	82200000	82300000	0.0007644144321873676	80752
chrX	82300000	82400000	0.0002994196289723355	75059
chrX	82400000	82500000	0.0006075665239853433	81344
chrX	82500000	82600000	0.0002770091710456168	77677
chrX	82600000	82700000	0.000397861463699765	70306
chrX	82700000	82800000	0.0002359561077779502	86482
chrX	82800000	82900000	0.0003659039301082507	73797
chrX	82900000	83000000	0.000325291650737437	65746
chrX	83000000	83100000	0.00026090288376369024	71216
chrX	83100000	83200000	0.0002159451575628855	61184
chrX	83200000	83300000	0.0004638637381462282	77716
chrX	83300000	83400000	0.0005251298532248995	10199
chrX	83400000	83500000	0.0005287977356983945	50376
chrX	83500000	83600000	0.000562772404480551	55116
chrX	83600000	83700000	0.0	NA
chrX	83700000	83800000	0.000545267842384893	35573
chrX	83800000	83900000	0.0004186106006557864	72500
chrX	83900000	84000000	0.00023997364759552995	82759
chrX	84000000	84100000	0.000801487859166501	76378
chrX	84100000	84200000	0.0007671561964248025	62829
chrX	84200000	84300000	0.0005057126767448361	33244
chrX	84300000	84400000	0.0005701621456314321	26706
chrX	84400000	84500000	0.00030303537088530505	70104
chrX	84500000	84600000	0.0003857673099975025	3887
chrX	84600000	84700000	0.0004977397506564276	46655
chrX	84700000	84800000	0.0002306835084687937	83194
chrX	84800000	84900000	0.0004502734987054013	74517
chrX	84900000	85000000	0.00045972717823447335	65222
chrX	85000000	85100000	0.00036076041928783086	68020
chrX	85100000	85200000	0.0002969676261303226	12413
chrX	85200000	85300000	0.0	NA
chrX	85300000	85400000	0.0009334802368575683	70772
chrX	85400000	85500000	0.0003268488490163367	2548
chrX	85500000	85600000	0.0	NA
chrX	85600000	85700000	0.0	NA
chrX	85700000	85800000	0.0	NA
chrX	85800000	85900000	0.0	NA
chrX	85900000	86000000	0.0	NA
chrX	86000000	86100000	0.0003904187852155092	11229
chrX	86100000	86200000	0.0006135017890503793	76098
chrX	86200000	86300000	0.0005543328680373241	73869
chrX	86300000	86400000	0.0005849444068265851	73342
chrX	86400000	86500000	0.0008835934785665131	79538
chrX	86500000	86600000	0.0006132636871127348	80524
chrX	86600000	86700000	0.0007851172839000174	80310
chrX	86700000	86800000	0.0006173638382270507	54161
chrX	86800000	86900000	0.0	NA
chrX	86900000	87000000	0.0005279893904883278	57181
chrX	87000000	87100000	0.000717689431699992	71326
chrX	87100000	87200000	0.0005364057553748405	85549
chrX	87200000	87300000	0.00024069349155339285	77545
chrX	87300000	87400000	0.0004567758826407598	87214
chrX	87400000	87500000	0.000984277540626038	82770
chrX	87500000	87600000	0.0008069468692003326	71770
chrX	87600000	87700000	0.0009086186577463101	84236
chrX	87700000	87800000	0.001601329332884109	73486
chrX	87800000	87900000	0.00034688468905149733	82864
chrX	87900000	88000000	0.0001079344883110962	83275
chrX	88000000	88100000	0.0005743935867739069	63045
chrX	88100000	88200000	0.0005623641349422597	81860
chrX	88200000	88300000	0.0007356211206248702	83872
chrX	88300000	88400000	0.000743233908000818	82143
chrX	88400000	88500000	0.0009009281742542629	47115
chrX	88500000	88600000	0.0	65
chrX	88600000	88700000	0.0	62
chrX	88700000	88800000	0.0	51
chrX	88800000	88900000	0.0007246376811594203	1265
chrX	88900000	89000000	0.002029702764514373	9301
chrX	89000000	89100000	0.0	599
chrX	89100000	89200000	0.0	33
chrX	89200000	89300000	0.0006503128648146669	34332
chrX	89300000	89400000	0.0009073318386766491	41558
chrX	89400000	89500000	1.3321965256314599e-05	3412
chrX	89500000	89600000	4.9310760976204814e-05	1833
chrX	89600000	89700000	8.843296781039963e-05	514
chrX	89700000	89800000	0.000715581847394973	372
chrX	89800000	89900000	0.0003049512747788609	4368
chrX	89900000	90000000	8.278781732128582e-05	1360
chrX	90000000	90100000	5.812601720530104e-05	782
chrX	90100000	90200000	0.00040726863767953056	7649
chrX	90200000	90300000	0.0004291898699540502	6996
chrX	90300000	90400000	0.0005550229092921508	77222
chrX	90400000	90500000	9.968102073365222e-05	228
chrX	90500000	90600000	0.00044025671514875194	66546
chrX	90600000	90700000	0.0003334744793493354	62942
chrX	90700000	90800000	0.0009053659356543862	30386
chrX	90800000	90900000	0.0003525189078323292	1345
chrX	90900000	91000000	0.0005183722803365477	17357
chrX	91000000	91100000	0.0013317205033846714	276
chrX	91100000	91200000	0.0	NA
chrX	91200000	91300000	0.0	NA
chrX	91300000	91400000	0.0	NA
chrX	91400000	91500000	0.0	NA
chrX	91500000	91600000	0.0	NA
chrX	91600000	91700000	0.0	NA
chrX	91700000	91800000	0.0	NA
chrX	91800000	91900000	0.0006349413676999884	648
chrX	91900000	92000000	0.0	250
chrX	92000000	92100000	0.0016263489333370321	226
chrX	92100000	92200000	0.0006488120425371789	4282
chrX	92200000	92300000	2.6519571443725446e-05	857
chrX	92300000	92400000	0.0005924777272168818	21631
chrX	92400000	92500000	0.000680385738872063	82097
chrX	92500000	92600000	0.0008473561836003481	80729
chrX	92600000	92700000	0.0004458354913782843	82484
chrX	92700000	92800000	0.0006409295109879961	84326
chrX	92800000	92900000	0.0005800759122554344	77046
chrX	92900000	93000000	0.0002936399644316731	49011
chrX	93000000	93100000	0.00025639803612170325	90770
chrX	93100000	93200000	0.0005202509453713245	79369
chrX	93200000	93300000	0.00045473947371076746	81587
chrX	93300000	93400000	0.0005308870661578748	82176
chrX	93400000	93500000	0.000624212466814547	84111
chrX	93500000	93600000	0.0004923704493689635	82435
chrX	93600000	93700000	0.0005089521154809158	86640
chrX	93700000	93800000	0.0006029035278235222	79207
chrX	93800000	93900000	0.0002718945705777645	83504
chrX	93900000	94000000	0.0002445807816032762	79081
chrX	94000000	94100000	0.0003522470167706279	68599
chrX	94100000	94200000	0.00044289925644182076	81259
chrX	94200000	94300000	0.0005374982235121429	82929
chrX	94300000	94400000	0.000645052663438122	79103
chrX	94400000	94500000	0.0008036331705275521	80136
chrX	94500000	94600000	0.00010059858740119903	80477
chrX	94600000	94700000	9.775152927586584e-05	83628
chrX	94700000	94800000	7.702036834546671e-05	85075
chrX	94800000	94900000	0.00011032382174960274	76229
chrX	94900000	95000000	7.685199778013584e-05	86842
chrX	95000000	95100000	0.0003794519629316879	78596
chrX	95100000	95200000	0.0009463986542273755	82344
chrX	95200000	95300000	0.0008841597127172622	79875
chrX	95300000	95400000	0.00039316935310512247	73828
chrX	95400000	95500000	0.00019460117881230123	76776
chrX	95500000	95600000	0.00036890692105163867	66411
chrX	95600000	95700000	0.00036305055024782	80332
chrX	95700000	95800000	0.0003583160918316851	72601
chrX	95800000	95900000	0.000570139348961356	65373
chrX	95900000	96000000	0.0005540147428021822	29983
chrX	96000000	96100000	0.0	NA
chrX	96100000	96200000	0.0	NA
chrX	96200000	96300000	0.0	NA
chrX	96300000	96400000	0.0	NA
chrX	96400000	96500000	0.0	NA
chrX	96500000	96600000	0.0	NA
chrX	96600000	96700000	0.0	NA
chrX	96700000	96800000	0.0	NA
chrX	96800000	96900000	0.00013894970474179143	39876
chrX	96900000	97000000	0.00035690791284340184	83338
chrX	97000000	97100000	0.0005580864237503884	82586
chrX	97100000	97200000	0.0003905074021283006	80776
chrX	97200000	97300000	0.00025865368189955106	85277
chrX	97300000	97400000	0.00024051912553351112	81899
chrX	97400000	97500000	0.0001680644548807782	80460
chrX	97500000	97600000	0.00014944243513568642	79157
chrX	97600000	97700000	0.00037304533288291006	75053
chrX	97700000	97800000	0.0004089269880853947	83246
chrX	97800000	97900000	0.0006045000430067067	79038
chrX	97900000	98000000	0.0004666442240398507	74310
chrX	98000000	98100000	0.00032520031688131794	85181
chrX	98100000	98200000	0.00035789297012899483	79778
chrX	98200000	98300000	0.0003744005986506549	89955
chrX	98300000	98400000	0.00027611386128861555	86195
chrX	98400000	98500000	0.0002765499606270797	78522
chrX	98500000	98600000	0.00018512591517092427	80628
chrX	98600000	98700000	0.00017235937875147123	86591
chrX	98700000	98800000	0.00019362409047785008	15641
chrX	98800000	98900000	0.0	NA
chrX	98900000	99000000	0.0	NA
chrX	99000000	99100000	0.0	NA
chrX	99100000	99200000	0.00012632993609958332	3687
chrX	99200000	99300000	0.00017076995851329947	88148
chrX	99300000	99400000	0.000155285535059687	74942
chrX	99400000	99500000	0.0001220728140486552	42883
chrX	99500000	99600000	0.0	NA
chrX	99600000	99700000	0.0	NA
chrX	99700000	99800000	0.0	NA
chrX	99800000	99900000	0.0	NA
chrX	99900000	100000000	0.0	NA
chrX	100000000	100100000	0.0	NA
chrX	100100000	100200000	0.0	NA
chrX	100200000	100300000	0.0	NA
chrX	100300000	100400000	0.0	NA
chrX	100400000	100500000	0.0	NA
chrX	100500000	100600000	0.0	NA
chrX	100600000	100700000	0.0	NA
chrX	100700000	100800000	0.0	NA
chrX	100800000	100900000	0.0	NA
chrX	100900000	101000000	0.0	NA
chrX	101000000	101100000	0.0	NA
chrX	101100000	101200000	0.0	NA
chrX	101200000	101300000	0.0	NA
chrX	101300000	101400000	0.0	NA
chrX	101400000	101500000	0.0	NA
chrX	101500000	101600000	0.0	NA
chrX	101600000	101700000	0.0	NA
chrX	101700000	101800000	0.0	NA
chrX	101800000	101900000	0.0	NA
chrX	101900000	102000000	0.0	NA
chrX	102000000	102100000	0.0	NA
chrX	102100000	102200000	0.0	NA
chrX	102200000	102300000	0.0	NA
chrX	102300000	102400000	0.0	NA
chrX	102400000	102500000	0.0	NA
chrX	102500000	102600000	0.0	NA
chrX	102600000	102700000	0.0	NA
chrX	102700000	102800000	0.0	NA
chrX	102800000	102900000	0.0	NA
chrX	102900000	103000000	0.0	NA
chrX	103000000	103100000	0.0	NA
chrX	103100000	103200000	0.0	NA
chrX	103200000	103300000	0.0	NA
chrX	103300000	103400000	0.0	NA
chrX	103400000	103500000	0.0	NA
chrX	103500000	103600000	0.0	NA
chrX	103600000	103700000	0.0	NA
chrX	103700000	103800000	0.0	NA
chrX	103800000	103900000	0.0	NA
chrX	103900000	104000000	0.0	NA
chrX	104000000	104100000	0.0	NA
chrX	104100000	104200000	0.0	NA
chrX	104200000	104300000	0.0	NA
chrX	104300000	104400000	0.0	NA
chrX	104400000	104500000	0.0	NA
chrX	104500000	104600000	0.0	NA
chrX	104600000	104700000	0.0	NA
chrX	104700000	104800000	0.0	NA
chrX	104800000	104900000	0.0	NA
chrX	104900000	105000000	0.0	NA
chrX	105000000	105100000	0.0	NA
chrX	105100000	105200000	0.0	NA
chrX	105200000	105300000	0.0	NA
chrX	105300000	105400000	0.0	NA
chrX	105400000	105500000	0.0	NA
chrX	105500000	105600000	0.0	NA
chrX	105600000	105700000	0.0	NA
chrX	105700000	105800000	0.0	NA
chrX	105800000	105900000	0.0	NA
chrX	105900000	106000000	0.0	NA
chrX	106000000	106100000	0.0	NA
chrX	106100000	106200000	0.0	NA
chrX	106200000	106300000	0.0	NA
chrX	106300000	106400000	0.0	NA
chrX	106400000	106500000	0.0	NA
chrX	106500000	106600000	0.0	NA
chrX	106600000	106700000	0.0	NA
chrX	106700000	106800000	0.0	NA
chrX	106800000	106900000	0.0	NA
chrX	106900000	107000000	0.0	NA
chrX	107000000	107100000	0.0	NA
chrX	107100000	107200000	0.0	NA
chrX	107200000	107300000	0.0	NA
chrX	107300000	107400000	0.0	NA
chrX	107400000	107500000	0.0	NA
chrX	107500000	107600000	0.0	NA
chrX	107600000	107700000	0.0	NA
chrX	107700000	107800000	0.0	NA
chrX	107800000	107900000	0.0	NA
chrX	107900000	108000000	0.0	NA
chrX	108000000	108100000	0.0	NA
chrX	108100000	108200000	0.0	NA
chrX	108200000	108300000	0.0	NA
chrX	108300000	108400000	0.0	NA
chrX	108400000	108500000	0.0	NA
chrX	108500000	108600000	0.0	NA
chrX	108600000	108700000	0.0	NA
chrX	108700000	108800000	0.0	NA
chrX	108800000	108900000	0.0	NA
chrX	108900000	109000000	0.0	NA
chrX	109000000	109100000	0.0	NA
chrX	109100000	109200000	0.0	NA
chrX	109200000	109300000	0.0	NA
chrX	109300000	109400000	0.0	NA
chrX	109400000	109500000	0.0	NA
chrX	109500000	109600000	0.0	NA
chrX	109600000	109700000	0.0	NA
chrX	109700000	109800000	0.0	NA
chrX	109800000	109900000	0.0	NA
chrX	109900000	110000000	0.0	NA
chrX	110000000	110100000	0.0	NA
chrX	110100000	110200000	0.0	NA
chrX	110200000	110300000	0.0	NA
chrX	110300000	110400000	0.0	NA
chrX	110400000	110500000	0.0	NA
chrX	110500000	110600000	0.0	NA
chrX	110600000	110700000	0.0	NA
chrX	110700000	110800000	0.0	NA
chrX	110800000	110900000	0.0	NA
chrX	110900000	111000000	0.0	NA
chrX	111000000	111100000	0.0	NA
chrX	111100000	111200000	0.0	NA
chrX	111200000	111300000	0.0	NA
chrX	111300000	111400000	0.0	NA
chrX	111400000	111500000	0.0	NA
chrX	111500000	111600000	0.0	NA
chrX	111600000	111700000	0.0	NA
chrX	111700000	111800000	0.000429305233280725	67021
chrX	111800000	111900000	0.000401486750045057	50947
chrX	111900000	112000000	0.0001398500943573793	57531
chrX	112000000	112100000	0.0002949765430772351	28931
chrX	112100000	112200000	0.00037804378759787055	71251
chrX	112200000	112300000	0.0005339600940785496	68433
chrX	112300000	112400000	0.0	NA
chrX	112400000	112500000	0.0	NA
chrX	112500000	112600000	0.0	NA
chrX	112600000	112700000	0.0	NA
chrX	112700000	112800000	0.0004127064485778778	29177
chrX	112800000	112900000	0.00043586952629838104	48656
chrX	112900000	113000000	0.0	NA
chrX	113000000	113100000	0.0	NA
chrX	113100000	113200000	0.00016735694144056048	16190
chrX	113200000	113300000	0.0003694553741346931	73176
chrX	113300000	113400000	0.0003512357829385369	76626
chrX	113400000	113500000	0.00018347433376910156	84368
chrX	113500000	113600000	0.00035211277494636524	40927
chrX	113600000	113700000	0.0006713469820013292	83221
chrX	113700000	113800000	0.00029203986658954883	71662
chrX	113800000	113900000	0.00042225459355603966	16058
chrX	113900000	114000000	0.0	NA
chrX	114000000	114100000	0.0	NA
chrX	114100000	114200000	0.0001386000810277396	41507
chrX	114200000	114300000	0.000193791468171557	72922
chrX	114300000	114400000	0.00021725965283491693	31462
chrX	114400000	114500000	0.00021204863274872654	23784
chrX	114500000	114600000	0.00018932507731162532	67241
chrX	114600000	114700000	0.0003775882558323984	82924
chrX	114700000	114800000	0.0006470563896194857	38538
chrX	114800000	114900000	0.00010719021150780055	8330
chrX	114900000	115000000	0.00024820585832045376	26510
chrX	115000000	115100000	0.0006905596332849617	12512
chrX	115100000	115200000	0.0002717760565294205	65562
chrX	115200000	115300000	0.0006807461550078971	69242
chrX	115300000	115400000	0.000635719795221216	71602
chrX	115400000	115500000	0.0006832004812256552	80908
chrX	115500000	115600000	0.0005050245153518158	64329
chrX	115600000	115700000	0.0007826269619812847	61160
chrX	115700000	115800000	0.0005209415369120501	52435
chrX	115800000	115900000	0.0005232948734875115	74698
chrX	115900000	116000000	0.0006246026877958492	73119
chrX	116000000	116100000	0.0007671328624912943	76196
chrX	116100000	116200000	0.0006348985537381944	81446
chrX	116200000	116300000	0.000809928661859767	78640
chrX	116300000	116400000	0.0006252451058327256	71475
chrX	116400000	116500000	0.0008367037735977132	70502
chrX	116500000	116600000	0.0013426249542420063	70238
chrX	116600000	116700000	0.0009175217228301823	74390
chrX	116700000	116800000	0.0002973506825164331	74679
chrX	116800000	116900000	0.0005617326136187134	73773
chrX	116900000	117000000	0.0005764122014380128	74148
chrX	117000000	117100000	0.0004346865044673048	22332
chrX	117100000	117200000	0.0	NA
chrX	117200000	117300000	0.0001267802751569009	40347
chrX	117300000	117400000	0.0007041029867666719	77294
chrX	117400000	117500000	0.0006604330578275742	49773
chrX	117500000	117600000	0.000859432308285532	10631
chrX	117600000	117700000	0.00031268302572222574	14298
chrX	117700000	117800000	0.0	NA
chrX	117800000	117900000	0.0004581787211626642	26803
chrX	117900000	118000000	0.0005586785525719298	29815
chrX	118000000	118100000	0.0004666607519567835	53000
chrX	118100000	118200000	0.0003524986927551824	39921
chrX	118200000	118300000	0.00045740810266629525	21133
chrX	118300000	118400000	0.00029984926349035717	72783
chrX	118400000	118500000	9.147638395137513e-05	44581
chrX	118500000	118600000	0.00037079476615781127	26471
chrX	118600000	118700000	0.000513133779590387	40897
chrX	118700000	118800000	0.00015122250102348676	13229
chrX	118800000	118900000	0.0007305924933199219	36878
chrX	118900000	119000000	0.00043196284370949304	35385
chrX	119000000	119100000	0.0004324100495669501	25144
chrX	119100000	119200000	0.000557371299641176	48826
chrX	119200000	119300000	9.479106376762136e-05	1874
chrX	119300000	119400000	0.00020765193821700208	36215
chrX	119400000	119500000	0.0004213561073151569	38344
chrX	119500000	119600000	0.0007548275132109119	28773
chrX	119600000	119700000	0.0003670673713687455	36035
chrX	119700000	119800000	0.00037143187240175053	44851
chrX	119800000	119900000	0.0007452060593189549	78262
chrX	119900000	120000000	0.00038450031934463295	65493
chrX	120000000	120100000	0.00016585337087762233	4678
chrX	120100000	120200000	0.00024898640509448414	61988
chrX	120200000	120300000	0.0003478959797770594	78949
chrX	120300000	120400000	0.0006524645115163008	78196
chrX	120400000	120500000	0.0007516639149600319	77432
chrX	120500000	120600000	0.0004433490189543577	77204
chrX	120600000	120700000	0.0001982005888622177	79432
chrX	120700000	120800000	0.00041041728868511807	88678
chrX	120800000	120900000	0.0004906532075154619	80903
chrX	120900000	121000000	0.000518023906094468	79332
chrX	121000000	121100000	0.0007786117018524165	83464
chrX	121100000	121200000	0.0004143575548257178	79903
chrX	121200000	121300000	0.00044688830264483757	75811
chrX	121300000	121400000	0.0005114090777376779	74375
chrX	121400000	121500000	0.00037916265301556794	77267
chrX	121500000	121600000	0.00043201967906955266	81218
chrX	121600000	121700000	0.0004913464458634938	71563
chrX	121700000	121800000	0.00027598732238880434	84243
chrX	121800000	121900000	0.0005558939937266216	77265
chrX	121900000	122000000	0.0006663122049763745	85213
chrX	122000000	122100000	0.0004945977083978627	82171
chrX	122100000	122200000	0.0007284488789557929	76885
chrX	122200000	122300000	0.0009136363935391892	82119
chrX	122300000	122400000	0.0006413630885434321	17186
chrX	122400000	122500000	0.0	NA
chrX	122500000	122600000	0.0	NA
chrX	122600000	122700000	0.0005690590693462601	57093
chrX	122700000	122800000	0.00021636255142123764	21285
chrX	122800000	122900000	0.0002436565740734551	16884
chrX	122900000	123000000	0.0005142562329720556	37929
chrX	123000000	123100000	0.0004083512186018309	21411
chrX	123100000	123200000	0.0	NA
chrX	123200000	123300000	0.0005510555988113051	38450
chrX	123300000	123400000	0.0006149792148740864	74654
chrX	123400000	123500000	0.0002969428067649873	65027
chrX	123500000	123600000	0.0002652765452119339	2455
chrX	123600000	123700000	0.0	NA
chrX	123700000	123800000	0.0	NA
chrX	123800000	123900000	0.0	NA
chrX	123900000	124000000	0.0	NA
chrX	124000000	124100000	0.0003166827901678405	1941
chrX	124100000	124200000	0.0003608515679733295	80385
chrX	124200000	124300000	0.0004981514412546732	87713
chrX	124300000	124400000	0.00018506098985256295	86602
chrX	124400000	124500000	0.00035109831639441305	75313
chrX	124500000	124600000	0.0004907724761735732	77644
chrX	124600000	124700000	0.0005427595252737599	78830
chrX	124700000	124800000	0.0007473530214972753	79090
chrX	124800000	124900000	0.00035691365956748563	84335
chrX	124900000	125000000	0.00020408421948400548	77285
chrX	125000000	125100000	0.0004121946543758904	77400
chrX	125100000	125200000	0.0006019746479849964	82061
chrX	125200000	125300000	0.000783219956179837	68702
chrX	125300000	125400000	0.0005469336089304857	72324
chrX	125400000	125500000	0.000543977777803319	76372
chrX	125500000	125600000	0.00047685941276086053	73295
chrX	125600000	125700000	0.0006655416485031416	78103
chrX	125700000	125800000	0.00041409838257737864	84456
chrX	125800000	125900000	0.0003442100995149521	84984
chrX	125900000	126000000	0.0006421958377673267	76090
chrX	126000000	126100000	0.0008282596469225706	69628
chrX	126100000	126200000	0.00031747458973524126	82209
chrX	126200000	126300000	0.0004192188530405233	75685
chrX	126300000	126400000	0.0006285182956924366	66387
chrX	126400000	126500000	0.0009316888463177765	78716
chrX	126500000	126600000	0.00033199216953595377	80933
chrX	126600000	126700000	0.0007179114995565113	77666
chrX	126700000	126800000	0.0007395422000901007	77423
chrX	126800000	126900000	0.000558511230346003	88719
chrX	126900000	127000000	0.0009823476623333658	71594
chrX	127000000	127100000	0.0006262605381653192	86740
chrX	127100000	127200000	0.0007755855050645879	82489
chrX	127200000	127300000	0.0005198468811027288	81487
chrX	127300000	127400000	0.00044519301565494433	78164
chrX	127400000	127500000	0.0002528589913266828	86911
chrX	127500000	127600000	0.0002494314307810822	76013
chrX	127600000	127700000	7.585400562178308e-05	83845
chrX	127700000	127800000	0.00015825877343667838	82895
chrX	127800000	127900000	0.00027417934132703656	72823
chrX	127900000	128000000	0.00032299306749456147	71949
chrX	128000000	128100000	0.00020231127673929372	82544
chrX	128100000	128200000	0.00018053631849988797	76311
chrX	128200000	128300000	9.913767578814956e-05	28145
chrX	128300000	128400000	0.0	NA
chrX	128400000	128500000	0.0	NA
chrX	128500000	128600000	0.0	NA
chrX	128600000	128700000	0.0	NA
chrX	128700000	128800000	0.0	NA
chrX	128800000	128900000	0.0	NA
chrX	128900000	129000000	0.0	NA
chrX	129000000	129100000	0.0	NA
chrX	129100000	129200000	0.0	NA
chrX	129200000	129300000	0.0	NA
chrX	129300000	129400000	0.0	NA
chrX	129400000	129500000	0.0	NA
chrX	129500000	129600000	0.0	NA
chrX	129600000	129700000	0.0	NA
chrX	129700000	129800000	0.0	NA
chrX	129800000	129900000	0.0	NA
chrX	129900000	130000000	0.0	NA
chrX	130000000	130100000	0.0	NA
chrX	130100000	130200000	0.0	NA
chrX	130200000	130300000	0.0	NA
chrX	130300000	130400000	0.0	NA
chrX	130400000	130500000	0.0	NA
chrX	130500000	130600000	0.0	NA
chrX	130600000	130700000	0.0	NA
chrX	130700000	130800000	0.0	NA
chrX	130800000	130900000	0.0	NA
chrX	130900000	131000000	0.0	NA
chrX	131000000	131100000	0.0	NA
chrX	131100000	131200000	0.0	NA
chrX	131200000	131300000	0.0	NA
chrX	131300000	131400000	0.0	NA
chrX	131400000	131500000	0.0	NA
chrX	131500000	131600000	0.0	NA
chrX	131600000	131700000	0.0	NA
chrX	131700000	131800000	0.0	NA
chrX	131800000	131900000	0.0	NA
chrX	131900000	132000000	0.0	NA
chrX	132000000	132100000	0.0	NA
chrX	132100000	132200000	0.0	NA
chrX	132200000	132300000	0.0	NA
chrX	132300000	132400000	0.0	NA
chrX	132400000	132500000	0.0	NA
chrX	132500000	132600000	0.0	NA
chrX	132600000	132700000	0.0	NA
chrX	132700000	132800000	0.0	NA
chrX	132800000	132900000	0.0	NA
chrX	132900000	133000000	0.0	NA
chrX	133000000	133100000	0.0	NA
chrX	133100000	133200000	0.0	NA
chrX	133200000	133300000	0.0	NA
chrX	133300000	133400000	0.0	NA
chrX	133400000	133500000	0.0	NA
chrX	133500000	133600000	0.0	NA
chrX	133600000	133700000	0.0	NA
chrX	133700000	133800000	0.0	NA
chrX	133800000	133900000	0.0	NA
chrX	133900000	134000000	0.0	NA
chrX	134000000	134100000	0.0	NA
chrX	134100000	134200000	0.0	NA
chrX	134200000	134300000	0.0	NA
chrX	134300000	134400000	0.0	NA
chrX	134400000	134500000	0.0	NA
chrX	134500000	134600000	0.0	NA
chrX	134600000	134700000	0.0	NA
chrX	134700000	134800000	0.0	NA
chrX	134800000	134900000	0.0	NA
chrX	134900000	135000000	0.0	NA
chrX	135000000	135100000	0.0	NA
chrX	135100000	135200000	0.0	NA
chrX	135200000	135300000	0.0	NA
chrX	135300000	135400000	0.0	NA
chrX	135400000	135500000	0.0	NA
chrX	135500000	135600000	0.0	NA
chrX	135600000	135700000	0.0	NA
chrX	135700000	135800000	0.0	NA
chrX	135800000	135900000	0.0	NA
chrX	135900000	136000000	0.0	NA
chrX	136000000	136100000	0.0	NA
chrX	136100000	136200000	0.0	NA
chrX	136200000	136300000	0.0	NA
chrX	136300000	136400000	0.0	NA
chrX	136400000	136500000	0.0	NA
chrX	136500000	136600000	0.0	NA
chrX	136600000	136700000	0.0	NA
chrX	136700000	136800000	0.00023868253181660423	2815
chrX	136800000	136900000	0.00039868968174203384	70269
chrX	136900000	137000000	0.0003557558132820363	83240
chrX	137000000	137100000	0.0006065033819877741	76557
chrX	137100000	137200000	0.0003107350603472725	69559
chrX	137200000	137300000	0.0005079877971733681	79877
chrX	137300000	137400000	0.0006414410081175908	70831
chrX	137400000	137500000	0.00040038056116147925	81591
chrX	137500000	137600000	0.00027146997551958854	80843
chrX	137600000	137700000	0.00012242042025380445	84750
chrX	137700000	137800000	0.00010693959738545724	11618
chrX	137800000	137900000	0.0	NA
chrX	137900000	138000000	0.0	NA
chrX	138000000	138100000	0.0	NA
chrX	138100000	138200000	0.0	NA
chrX	138200000	138300000	0.00029735792440133526	10876
chrX	138300000	138400000	0.0005054051195300282	82163
chrX	138400000	138500000	0.0009070512630377752	78737
chrX	138500000	138600000	0.00045956311605715414	73499
chrX	138600000	138700000	0.0004536202412112127	20843
chrX	138700000	138800000	0.0005449934347802897	8013
chrX	138800000	138900000	0.00021588134527077897	7085
chrX	138900000	139000000	0.00027630163509425205	63780
chrX	139000000	139100000	0.0005317389731388746	42201
chrX	139100000	139200000	0.00038777868449195804	70268
chrX	139200000	139300000	0.00039003039559213135	78120
chrX	139300000	139400000	0.00017792126498784503	63957
chrX	139400000	139500000	8.102687264737602e-05	76316
chrX	139500000	139600000	0.00014106972177163637	81907
chrX	139600000	139700000	0.0004886565747872697	85526
chrX	139700000	139800000	0.0002760228792785083	65512
chrX	139800000	139900000	0.0012196411033956029	34757
chrX	139900000	140000000	0.0005401449212542303	83458
chrX	140000000	140100000	0.0005428756520796608	63624
chrX	140100000	140200000	0.0	NA
chrX	140200000	140300000	0.0004573570736241576	65869
chrX	140300000	140400000	0.0009431314683889999	53147
chrX	140400000	140500000	0.0006826043343278264	74746
chrX	140500000	140600000	0.0007839855998163213	45584
chrX	140600000	140700000	0.0	NA
chrX	140700000	140800000	0.0007952698877175292	29666
chrX	140800000	140900000	0.0006509228077172629	73662
chrX	140900000	141000000	0.00036400010790124015	28070
chrX	141000000	141100000	0.0008214278122403783	81059
chrX	141100000	141200000	0.0009692295519036919	81718
chrX	141200000	141300000	0.0008478622725285393	70325
chrX	141300000	141400000	0.00048629911972388547	79200
chrX	141400000	141500000	0.0007038734039848194	70039
chrX	141500000	141600000	0.0006480096061460965	72042
chrX	141600000	141700000	0.0005089903484897487	84230
chrX	141700000	141800000	0.00047792990980576137	81333
chrX	141800000	141900000	0.00038480501134601495	72238
chrX	141900000	142000000	0.00044730192889052905	74115
chrX	142000000	142100000	0.0005996320628679517	79354
chrX	142100000	142200000	0.0005226299802943422	82860
chrX	142200000	142300000	0.0004624638851303322	85677
chrX	142300000	142400000	0.00022887197821017878	83784
chrX	142400000	142500000	0.0007095551737235055	82097
chrX	142500000	142600000	0.00046231510367283045	79563
chrX	142600000	142700000	0.0008109223341883489	74762
chrX	142700000	142800000	0.0006009954795550017	70084
chrX	142800000	142900000	0.0006790119532370165	72483
chrX	142900000	143000000	0.0004593869018651094	83030
chrX	143000000	143100000	0.0003566044292904449	79689
chrX	143100000	143200000	0.00035205807253442127	50308
chrX	143200000	143300000	0.0004356771377240642	3317
chrX	143300000	143400000	0.001036315834225171	83346
chrX	143400000	143500000	0.0004389801003508644	80611
chrX	143500000	143600000	0.0006614882933470608	40018
chrX	143600000	143700000	0.00032157212973451453	85863
chrX	143700000	143800000	0.0007753674092113701	81404
chrX	143800000	143900000	0.000661450288639344	84151
chrX	143900000	144000000	0.00043525882327047084	84696
chrX	144000000	144100000	0.0006755808631596035	86463
chrX	144100000	144200000	0.0006558793169848142	83878
chrX	144200000	144300000	0.0006521760512800061	85733
chrX	144300000	144400000	0.0003675733505418072	76908
chrX	144400000	144500000	0.00022004504803718923	76452
chrX	144500000	144600000	0.00045633171853813424	79929
chrX	144600000	144700000	0.0008569140165979655	87538
chrX	144700000	144800000	0.0004366551472462806	87024
chrX	144800000	144900000	0.0004462702450547018	82454
chrX	144900000	145000000	0.00032837286937371907	75125
chrX	145000000	145100000	0.0006003492165591389	80131
chrX	145100000	145200000	0.0005927940514649648	78751
chrX	145200000	145300000	0.0004220361847509966	83307
chrX	145300000	145400000	0.0005666315311570549	76426
chrX	145400000	145500000	0.0002977736129881217	81886
chrX	145500000	145600000	0.0008383065785320227	83363
chrX	145600000	145700000	0.000682460457135165	88228
chrX	145700000	145800000	0.00025080836584650775	80064
chrX	145800000	145900000	0.0005209979671809462	62280
chrX	145900000	146000000	0.0006230857591780234	72931
chrX	146000000	146100000	0.0005256823921094963	83332
chrX	146100000	146200000	0.00046094426090544566	84928
chrX	146200000	146300000	0.00029115698164185546	65998
chrX	146300000	146400000	0.0004960903975682304	70707
chrX	146400000	146500000	0.000408471529237414	79162
chrX	146500000	146600000	0.00038519268739090117	82920
chrX	146600000	146700000	0.000702284044400811	88267
chrX	146700000	146800000	0.00015571059939698678	83557
chrX	146800000	146900000	0.00016121697519996513	90871
chrX	146900000	147000000	0.0003226913430706424	68753
chrX	147000000	147100000	0.00039179335063650955	20925
chrX	147100000	147200000	0.00037154745479026194	77770
chrX	147200000	147300000	0.00039555493595233766	69302
chrX	147300000	147400000	0.00021244167074345666	76285
chrX	147400000	147500000	0.0002014316009167081	72248
chrX	147500000	147600000	0.0001592323278397233	71667
chrX	147600000	147700000	0.0	NA
chrX	147700000	147800000	0.0	NA
chrX	147800000	147900000	0.0	NA
chrX	147900000	148000000	0.0	NA
chrX	148000000	148100000	0.0003682753043007399	16561
chrX	148100000	148200000	0.0004777514075789789	86056
chrX	148200000	148300000	0.00025684886210473087	74065
chrX	148300000	148400000	0.0003082670455624219	84756
chrX	148400000	148500000	8.51949893860451e-05	79877
chrX	148500000	148600000	0.00031559794703028637	55149
chrX	148600000	148700000	0.00022916976939965435	12987
chrX	148700000	148800000	0.0003168712150798805	24016
chrX	148800000	148900000	0.0003415411478579537	32428
chrX	148900000	149000000	9.669294986313894e-05	2418
chrX	149000000	149100000	2.0125452855844846e-05	7879
chrX	149100000	149200000	7.104200453421525e-05	11561
chrX	149200000	149300000	5.519569011513637e-05	80591
chrX	149300000	149400000	0.00015537227638562478	80536
chrX	149400000	149500000	0.0003124780430524894	89618
chrX	149500000	149600000	0.00017505363738429546	27724
chrX	149600000	149700000	0.0009802776228386952	13685
chrX	149700000	149800000	0.0004836899811853421	31273
chrX	149800000	149900000	0.0004513692842756208	17578
chrX	149900000	150000000	0.00043944049577371536	1010
chrX	150000000	150100000	0.00024462304935875934	25319
chrX	150100000	150200000	0.0005975279136994584	60222
chrX	150200000	150300000	0.0008209553645302838	75496
chrX	150300000	150400000	0.000634870844034661	69505
chrX	150400000	150500000	0.0004927399504176725	78099
chrX	150500000	150600000	0.00037937917548755775	71549
chrX	150600000	150700000	0.0002393199798721298	78061
chrX	150700000	150800000	0.00016822323908300248	16602
chrX	150800000	150900000	0.0006924177935756357	38240
chrX	150900000	151000000	0.0004963202784842816	81420
chrX	151000000	151100000	0.0005009051913368792	77446
chrX	151100000	151200000	0.00019076689405266449	62385
chrX	151200000	151300000	0.0004944230543767936	64938
chrX	151300000	151400000	0.0008008712301234881	26120
chrX	151400000	151500000	0.0	NA
chrX	151500000	151600000	0.0	NA
chrX	151600000	151700000	0.0	NA
chrX	151700000	151800000	0.0	NA
chrX	151800000	151900000	0.0	NA
chrX	151900000	152000000	0.0	NA
chrX	152000000	152100000	0.0	NA
chrX	152100000	152200000	0.0	NA
chrX	152200000	152300000	0.0	NA
chrX	152300000	152400000	0.0	NA
chrX	152400000	152500000	0.0	NA
chrX	152500000	152600000	0.0	NA
chrX	152600000	152700000	0.0	NA
chrX	152700000	152800000	0.0	NA
chrX	152800000	152900000	0.0	NA
chrX	152900000	153000000	0.0	NA
chrX	153000000	153100000	0.0	NA
chrX	153100000	153200000	0.0	NA
chrX	153200000	153300000	0.0	NA
chrX	153300000	153400000	0.0	NA
chrX	153400000	153500000	0.0	NA
chrX	153500000	153600000	0.0	NA
chrX	153600000	153700000	0.0	NA
chrX	153700000	153800000	0.0	NA
chrX	153800000	153900000	0.0	NA
chrX	153900000	154000000	0.0	NA
chrX	154000000	154100000	0.0	NA
chrX	154100000	154200000	0.0	NA
chrX	154200000	154300000	0.0	NA
chrX	154300000	154400000	0.0	NA
chrX	154400000	154500000	0.0	NA
chrX	154500000	154600000	0.0	NA
chrX	154600000	154700000	0.0	NA
chrX	154700000	154800000	0.0	NA
chrX	154800000	154900000	0.0	NA
chrX	154900000	155000000	0.0	NA
chrX	155000000	155100000	0.0	NA
chrX	155100000	155200000	0.0002932131664091561	19719
chrX	155200000	155270560	0.0005621397114110781	12695
