chrX	0	100000	0.0019082306582306574	1456
chrX	100000	200000	0.001767157984680643	4965
chrX	200000	300000	0.003712018975176869	2964
chrX	300000	400000	0.0015366437178064034	15533
chrX	400000	500000	0.0018806351880759095	29352
chrX	500000	600000	0.002333158744707782	30548
chrX	600000	700000	0.001772447326585078	32131
chrX	700000	800000	0.0017529623581024926	42139
chrX	800000	900000	0.0013177297085465816	28095
chrX	900000	1000000	0.0015224703866849156	33413
chrX	1000000	1100000	0.0015314440703329587	10800
chrX	1100000	1200000	0.0	NA
chrX	1200000	1300000	0.0016404933611916148	14837
chrX	1300000	1400000	0.0010811272416737829	11710
chrX	1400000	1500000	0.0016692191174378416	3621
chrX	1500000	1600000	0.0011809789587567357	5994
chrX	1600000	1700000	0.0013606408274509077	13016
chrX	1700000	1800000	0.0017578442955279439	15723
chrX	1800000	1900000	0.0013906372401715575	33177
chrX	1900000	2000000	0.0012409344508313026	42559
chrX	2000000	2100000	0.0015544859890108884	27331
chrX	2100000	2200000	0.002232048107534488	5654
chrX	2200000	2300000	0.0	NA
chrX	2300000	2400000	0.0	NA
chrX	2400000	2500000	0.0010063399838360649	45281
chrX	2500000	2600000	0.0009710962328697801	31936
chrX	2600000	2700000	0.0012765780739309256	9973
chrX	2700000	2800000	0.0009615072124647732	6527
chrX	2800000	2900000	0.000662130975839236	22760
chrX	2900000	3000000	0.0002798175594836955	18211
chrX	3000000	3100000	0.0011959353315818691	41962
chrX	3100000	3200000	0.0011620395465368576	67756
chrX	3200000	3300000	0.0014145039737526758	40676
chrX	3300000	3400000	0.0008110656110656127	66600
chrX	3400000	3500000	0.0008082934880612417	62692
chrX	3500000	3600000	0.0005966435701470047	14266
chrX	3600000	3700000	0.0012100151573997161	32614
chrX	3700000	3800000	0.00105847070173231	21192
chrX	3800000	3900000	0.0008799548238537322	25561
chrX	3900000	4000000	0.0009726688875333582	78839
chrX	4000000	4100000	0.0006204642169056346	79245
chrX	4100000	4200000	0.0011335310504883228	79718
chrX	4200000	4300000	0.0006358553474274975	84113
chrX	4300000	4400000	0.0004423196039570192	79369
chrX	4400000	4500000	0.0003886749301950812	77637
chrX	4500000	4600000	0.0007372983091923635	75731
chrX	4600000	4700000	0.000719286150257367	73578
chrX	4700000	4800000	0.000761426650676268	76081
chrX	4800000	4900000	0.0005161563960013569	77400
chrX	4900000	5000000	0.0007387984736610778	79951
chrX	5000000	5100000	0.0007585785912797517	74083
chrX	5100000	5200000	0.0006931780280481415	78953
chrX	5200000	5300000	0.0005138440180497005	81913
chrX	5300000	5400000	0.0007184993276062265	80640
chrX	5400000	5500000	0.0011857574531648298	79923
chrX	5500000	5600000	0.0008774402800935435	82766
chrX	5600000	5700000	0.0012830287206266307	76600
chrX	5700000	5800000	0.0009362789385713911	79391
chrX	5800000	5900000	0.0005046669970735392	6848
chrX	5900000	6000000	0.0	NA
chrX	6000000	6100000	0.0	NA
chrX	6100000	6200000	0.0006124165809794553	40080
chrX	6200000	6300000	0.0005779779137480192	79340
chrX	6300000	6400000	0.0004578660607393297	81858
chrX	6400000	6500000	0.0004586310112810776	76866
chrX	6500000	6600000	0.0005544274676460689	79199
chrX	6600000	6700000	0.0006392112177174863	80898
chrX	6700000	6800000	0.0007065639554981731	84914
chrX	6800000	6900000	0.0008158372796203871	73474
chrX	6900000	7000000	0.0005038781455439991	30759
chrX	7000000	7100000	0.0	NA
chrX	7100000	7200000	0.0	NA
chrX	7200000	7300000	0.00021149998204931386	22227
chrX	7300000	7400000	0.0005272381384109316	85565
chrX	7400000	7500000	0.0003858012169870269	79549
chrX	7500000	7600000	0.00043521357747170207	81085
chrX	7600000	7700000	0.0007357919185217674	39189
chrX	7700000	7800000	0.00032931947569820615	88353
chrX	7800000	7900000	0.0008861000232038321	55024
chrX	7900000	8000000	0.0005066856793768467	79564
chrX	8000000	8100000	0.0004917917011296727	84815
chrX	8100000	8200000	0.00047099596910224695	69704
chrX	8200000	8300000	0.0007611749182452303	83886
chrX	8300000	8400000	0.0007460949798465005	84731
chrX	8400000	8500000	0.0007942319367638209	60611
chrX	8500000	8600000	0.0	NA
chrX	8600000	8700000	0.0	NA
chrX	8700000	8800000	0.00041428557039924343	64184
chrX	8800000	8900000	0.0006505046769310198	92359
chrX	8900000	9000000	0.0005931412376122168	64487
chrX	9000000	9100000	0.000519001929674099	81408
chrX	9100000	9200000	0.0002781327434512607	86934
chrX	9200000	9300000	0.0006689850534868986	81300
chrX	9300000	9400000	0.0007130989213410095	65299
chrX	9400000	9500000	0.0007744378258572149	22404
chrX	9500000	9600000	0.0	NA
chrX	9600000	9700000	0.0010448613361048694	5219
chrX	9700000	9800000	0.000508597112243297	11848
chrX	9800000	9900000	0.0	NA
chrX	9900000	10000000	0.0006615873514353095	44001
chrX	10000000	10100000	0.0	NA
chrX	10100000	10200000	0.0008491993523368311	8765
chrX	10200000	10300000	0.0008304332123612935	29283
chrX	10300000	10400000	0.0	NA
chrX	10400000	10500000	0.0	NA
chrX	10500000	10600000	0.0	NA
chrX	10600000	10700000	0.0	NA
chrX	10700000	10800000	0.0	NA
chrX	10800000	10900000	0.0	NA
chrX	10900000	11000000	0.0	NA
chrX	11000000	11100000	0.0	NA
chrX	11100000	11200000	0.0	NA
chrX	11200000	11300000	0.0	NA
chrX	11300000	11400000	0.0	NA
chrX	11400000	11500000	0.0	NA
chrX	11500000	11600000	0.0	NA
chrX	11600000	11700000	0.0	NA
chrX	11700000	11800000	0.0	NA
chrX	11800000	11900000	0.0	NA
chrX	11900000	12000000	0.0	NA
chrX	12000000	12100000	0.0	NA
chrX	12100000	12200000	0.0	NA
chrX	12200000	12300000	0.0	NA
chrX	12300000	12400000	0.0	NA
chrX	12400000	12500000	0.0	NA
chrX	12500000	12600000	0.0	NA
chrX	12600000	12700000	0.0	NA
chrX	12700000	12800000	0.00060649866771617	43811
chrX	12800000	12900000	0.0010266226453068857	25947
chrX	12900000	13000000	0.0008520889383678134	35930
chrX	13000000	13100000	0.0005882703641992679	74039
chrX	13100000	13200000	0.0003379903988155263	80230
chrX	13200000	13300000	0.00041681511882556474	83862
chrX	13300000	13400000	0.00030807461957904414	73450
chrX	13400000	13500000	0.0008124635362168159	78761
chrX	13500000	13600000	0.0007353300726061224	74737
chrX	13600000	13700000	0.0007059225639272853	22874
chrX	13700000	13800000	0.0005349191412578457	9371
chrX	13800000	13900000	0.0	NA
chrX	13900000	14000000	0.0004889791526489521	29364
chrX	14000000	14100000	0.0005228272013562649	65754
chrX	14100000	14200000	0.0005213824687661217	79481
chrX	14200000	14300000	0.0002942789933725035	74794
chrX	14300000	14400000	0.00050597367621681	79874
chrX	14400000	14500000	0.0001879009538489253	80841
chrX	14500000	14600000	0.00022036715223064455	42635
chrX	14600000	14700000	0.0	NA
chrX	14700000	14800000	0.000316641333792173	38657
chrX	14800000	14900000	0.0003506098066321236	48752
chrX	14900000	15000000	0.0006728716639637588	42771
chrX	15000000	15100000	0.0004987854607005866	80872
chrX	15100000	15200000	0.00044732763870518745	82204
chrX	15200000	15300000	0.000718095250428437	58956
chrX	15300000	15400000	0.0004940640023731556	11373
chrX	15400000	15500000	0.0	NA
chrX	15500000	15600000	0.0003024615412247537	10123
chrX	15600000	15700000	0.0005700452854924398	13653
chrX	15700000	15800000	0.00029854478429552846	23510
chrX	15800000	15900000	0.00031271005052053806	26088
chrX	15900000	16000000	0.00045360907485686734	81552
chrX	16000000	16100000	0.00025273119111552934	82768
chrX	16100000	16200000	0.0005668701052916364	53837
chrX	16200000	16300000	0.000612925710404448	72067
chrX	16300000	16400000	0.0005179528373823088	72354
chrX	16400000	16500000	0.0004347328228516161	84033
chrX	16500000	16600000	0.0006313888547953797	70365
chrX	16600000	16700000	0.00016310144005003054	3618
chrX	16700000	16800000	0.0004776989847322325	12512
chrX	16800000	16900000	0.00041552579873906147	11521
chrX	16900000	17000000	0.0005225191230209347	32283
chrX	17000000	17100000	0.0	NA
chrX	17100000	17200000	0.0	NA
chrX	17200000	17300000	0.0	NA
chrX	17300000	17400000	0.0	NA
chrX	17400000	17500000	0.0	NA
chrX	17500000	17600000	0.0	NA
chrX	17600000	17700000	0.0	NA
chrX	17700000	17800000	0.0	NA
chrX	17800000	17900000	0.0	NA
chrX	17900000	18000000	0.0	NA
chrX	18000000	18100000	0.0	NA
chrX	18100000	18200000	0.0	NA
chrX	18200000	18300000	0.0	NA
chrX	18300000	18400000	0.0	NA
chrX	18400000	18500000	0.0	NA
chrX	18500000	18600000	0.0	NA
chrX	18600000	18700000	0.0	NA
chrX	18700000	18800000	0.0	NA
chrX	18800000	18900000	0.0003560855214946912	32737
chrX	18900000	19000000	0.0002738568325939361	7954
chrX	19000000	19100000	2.4295432458697786e-05	4116
chrX	19100000	19200000	0.00034980849146024285	39110
chrX	19200000	19300000	0.0003082717320367085	73116
chrX	19300000	19400000	0.00024575504145396635	2790
chrX	19400000	19500000	0.0	NA
chrX	19500000	19600000	0.0	NA
chrX	19600000	19700000	0.0	NA
chrX	19700000	19800000	0.0	NA
chrX	19800000	19900000	0.0	NA
chrX	19900000	20000000	0.0	NA
chrX	20000000	20100000	0.0	NA
chrX	20100000	20200000	0.0	NA
chrX	20200000	20300000	0.0	NA
chrX	20300000	20400000	0.0	NA
chrX	20400000	20500000	0.0	NA
chrX	20500000	20600000	0.0	NA
chrX	20600000	20700000	0.0	NA
chrX	20700000	20800000	0.0	NA
chrX	20800000	20900000	0.0	NA
chrX	20900000	21000000	0.0	NA
chrX	21000000	21100000	0.0	NA
chrX	21100000	21200000	0.0	NA
chrX	21200000	21300000	0.0	NA
chrX	21300000	21400000	0.0	NA
chrX	21400000	21500000	0.0	NA
chrX	21500000	21600000	0.0	NA
chrX	21600000	21700000	0.0	NA
chrX	21700000	21800000	0.0	NA
chrX	21800000	21900000	0.0	NA
chrX	21900000	22000000	0.0	NA
chrX	22000000	22100000	0.0	NA
chrX	22100000	22200000	0.0	NA
chrX	22200000	22300000	0.0	NA
chrX	22300000	22400000	0.0	NA
chrX	22400000	22500000	0.0	NA
chrX	22500000	22600000	0.0	NA
chrX	22600000	22700000	0.0	NA
chrX	22700000	22800000	0.0	NA
chrX	22800000	22900000	0.0	NA
chrX	22900000	23000000	0.0	NA
chrX	23000000	23100000	0.0	NA
chrX	23100000	23200000	0.0	NA
chrX	23200000	23300000	0.0	NA
chrX	23300000	23400000	0.0005260949375360811	38178
chrX	23400000	23500000	0.0006383419598707878	60203
chrX	23500000	23600000	0.000504375660610532	72295
chrX	23600000	23700000	0.0010246947082768016	61975
chrX	23700000	23800000	0.001163775434095989	25799
chrX	23800000	23900000	0.000617673951007284	25641
chrX	23900000	24000000	0.0005294600085742513	23844
chrX	24000000	24100000	0.0003660643414110286	10384
chrX	24100000	24200000	0.0005800388942524471	32863
chrX	24200000	24300000	0.0006475818355951195	44739
chrX	24300000	24400000	0.00032870929581885774	68865
chrX	24400000	24500000	0.0005038748746406306	63323
chrX	24500000	24600000	0.0003539706125144462	6730
chrX	24600000	24700000	0.0001270854613551243	7120
chrX	24700000	24800000	9.272190765581265e-05	8397
chrX	24800000	24900000	0.0	NA
chrX	24900000	25000000	0.0	NA
chrX	25000000	25100000	0.00040329326675589395	56512
chrX	25100000	25200000	0.00032932988810687087	78985
chrX	25200000	25300000	0.0005196325168638304	85156
chrX	25300000	25400000	0.00035505873268068484	65743
chrX	25400000	25500000	0.00036262638824509233	80410
chrX	25500000	25600000	0.0006995558373778002	86307
chrX	25600000	25700000	0.0006557192893422825	91717
chrX	25700000	25800000	0.0008158208506052141	79346
chrX	25800000	25900000	0.0006239243244856262	84625
chrX	25900000	26000000	0.0008149362582796742	75396
chrX	26000000	26100000	0.0005817317719972618	81360
chrX	26100000	26200000	0.0006726681151968514	73080
chrX	26200000	26300000	0.0006524844135218124	74608
chrX	26300000	26400000	0.0003902209785308205	71017
chrX	26400000	26500000	0.0004006900885264714	84539
chrX	26500000	26600000	0.0005260971902782822	75100
chrX	26600000	26700000	0.000508964475831526	85836
chrX	26700000	26800000	0.0005559133779563294	81441
chrX	26800000	26900000	0.0006888940124100184	85563
chrX	26900000	27000000	0.0008055913114467637	86586
chrX	27000000	27100000	0.0006410623003954157	78634
chrX	27100000	27200000	0.0006403792417003942	75843
chrX	27200000	27300000	0.0005910549138598564	81114
chrX	27300000	27400000	0.0007300701266810282	74297
chrX	27400000	27500000	0.0009243903491270507	78903
chrX	27500000	27600000	0.0007252715482752206	75188
chrX	27600000	27700000	0.0004779103825587744	82222
chrX	27700000	27800000	0.0005205074487663359	81185
chrX	27800000	27900000	0.0003013339094669964	75740
chrX	27900000	28000000	0.00019843051399090546	83629
chrX	28000000	28100000	0.0004917786754864068	87563
chrX	28100000	28200000	0.0003575740797295011	80671
chrX	28200000	28300000	0.0004995470315322632	83213
chrX	28300000	28400000	0.000329635143886132	81454
chrX	28400000	28500000	0.0006454731396110803	74206
chrX	28500000	28600000	0.0004919015604948849	79862
chrX	28600000	28700000	0.000321033911055603	5532
chrX	28700000	28800000	0.0	NA
chrX	28800000	28900000	0.0	NA
chrX	28900000	29000000	0.0	NA
chrX	29000000	29100000	0.0	NA
chrX	29100000	29200000	0.0	NA
chrX	29200000	29300000	0.0	NA
chrX	29300000	29400000	0.0	NA
chrX	29400000	29500000	0.0	NA
chrX	29500000	29600000	0.0	NA
chrX	29600000	29700000	0.0	NA
chrX	29700000	29800000	0.0	NA
chrX	29800000	29900000	0.0	NA
chrX	29900000	30000000	0.00013104318371007408	17886
chrX	30000000	30100000	0.0003719743874774386	75211
chrX	30100000	30200000	0.0005530846915702204	82088
chrX	30200000	30300000	0.0006402050732926109	68485
chrX	30300000	30400000	0.0005640043265682835	77006
chrX	30400000	30500000	0.0005745581569054568	81302
chrX	30500000	30600000	0.0005734413734413738	61425
chrX	30600000	30700000	0.0005610731147723988	46509
chrX	30700000	30800000	0.0005806041195121705	29646
chrX	30800000	30900000	0.0002648342847775832	20458
chrX	30900000	31000000	0.000659361899984671	81314
chrX	31000000	31100000	0.000466308966132208	79204
chrX	31100000	31200000	0.00020133244730699096	32605
chrX	31200000	31300000	0.0	NA
chrX	31300000	31400000	0.0	NA
chrX	31400000	31500000	0.0	NA
chrX	31500000	31600000	0.0	NA
chrX	31600000	31700000	0.0	NA
chrX	31700000	31800000	0.0	NA
chrX	31800000	31900000	0.0	NA
chrX	31900000	32000000	0.0	NA
chrX	32000000	32100000	0.0	NA
chrX	32100000	32200000	0.0	NA
chrX	32200000	32300000	0.0	NA
chrX	32300000	32400000	0.0	NA
chrX	32400000	32500000	0.0	NA
chrX	32500000	32600000	0.0	NA
chrX	32600000	32700000	0.0	NA
chrX	32700000	32800000	0.0	NA
chrX	32800000	32900000	0.0	NA
chrX	32900000	33000000	0.0	NA
chrX	33000000	33100000	0.0	NA
chrX	33100000	33200000	0.0	NA
chrX	33200000	33300000	0.0	NA
chrX	33300000	33400000	0.0006217829399647574	32560
chrX	33400000	33500000	0.0003342628814560813	84705
chrX	33500000	33600000	0.000527458285277051	81055
chrX	33600000	33700000	0.0006698012610764067	84563
chrX	33700000	33800000	0.0005446360759210913	84785
chrX	33800000	33900000	0.0007465866917763898	85057
chrX	33900000	34000000	0.0007386801549795304	84549
chrX	34000000	34100000	0.0006219048512064924	91089
chrX	34100000	34200000	0.0006949505541719462	76290
chrX	34200000	34300000	0.0007642495895886525	83539
chrX	34300000	34400000	0.0007301802223207733	84866
chrX	34400000	34500000	0.0007407552252012245	74386
chrX	34500000	34600000	0.0005039546942579274	83698
chrX	34600000	34700000	0.0003976060641555959	62606
chrX	34700000	34800000	0.0005276361799969604	85644
chrX	34800000	34900000	0.0005707519739930371	79295
chrX	34900000	35000000	0.0005963291581477902	85031
chrX	35000000	35100000	0.0006869093203688587	84520
chrX	35100000	35200000	0.0003283763349962491	83989
chrX	35200000	35300000	0.0004016114207089363	82838
chrX	35300000	35400000	0.0006103365637065564	83294
chrX	35400000	35500000	0.0004531472467859022	83693
chrX	35500000	35600000	0.0004219812564368467	79453
chrX	35600000	35700000	0.0006014690478688058	72509
chrX	35700000	35800000	0.0004127065632064835	87814
chrX	35800000	35900000	0.0009238412129410969	79834
chrX	35900000	36000000	0.00035216423087684566	28989
chrX	36000000	36100000	0.0	NA
chrX	36100000	36200000	0.0	NA
chrX	36200000	36300000	0.0	NA
chrX	36300000	36400000	0.0	NA
chrX	36400000	36500000	0.0003984515514725883	31231
chrX	36500000	36600000	0.0003046827061163975	87048
chrX	36600000	36700000	0.0007890323523714692	84166
chrX	36700000	36800000	0.0005753142465914167	83505
chrX	36800000	36900000	0.000562894829139551	90691
chrX	36900000	37000000	0.00033361833182850997	78143
chrX	37000000	37100000	0.00035553140816298705	51870
chrX	37100000	37200000	0.000426624175718472	38644
chrX	37200000	37300000	0.0004119032423010745	8119
chrX	37300000	37400000	0.0003018343795821732	41133
chrX	37400000	37500000	0.00012192370439793128	13968
chrX	37500000	37600000	0.0002212531909582136	15052
chrX	37600000	37700000	0.0003474778591312171	49342
chrX	37700000	37800000	0.000496952256970647	78306
chrX	37800000	37900000	0.0007096507644251726	53127
chrX	37900000	38000000	0.000466410032174664	11123
chrX	38000000	38100000	0.0004971379736139332	25187
chrX	38100000	38200000	0.0005856639543329763	33111
chrX	38200000	38300000	0.001076686742964455	25710
chrX	38300000	38400000	0.0003633938434435827	39860
chrX	38400000	38500000	0.0	NA
chrX	38500000	38600000	0.0	NA
chrX	38600000	38700000	0.0	NA
chrX	38700000	38800000	0.0	NA
chrX	38800000	38900000	0.0	NA
chrX	38900000	39000000	0.0	NA
chrX	39000000	39100000	0.0	NA
chrX	39100000	39200000	0.0	NA
chrX	39200000	39300000	0.0	NA
chrX	39300000	39400000	0.0	NA
chrX	39400000	39500000	0.0	NA
chrX	39500000	39600000	0.0	NA
chrX	39600000	39700000	0.0	NA
chrX	39700000	39800000	0.0	NA
chrX	39800000	39900000	0.0	NA
chrX	39900000	40000000	0.0	NA
chrX	40000000	40100000	0.0	NA
chrX	40100000	40200000	0.0	NA
chrX	40200000	40300000	0.0	NA
chrX	40300000	40400000	0.0	NA
chrX	40400000	40500000	0.0	NA
chrX	40500000	40600000	0.0	NA
chrX	40600000	40700000	0.0	NA
chrX	40700000	40800000	0.0	NA
chrX	40800000	40900000	0.0	NA
chrX	40900000	41000000	0.0	NA
chrX	41000000	41100000	0.0	NA
chrX	41100000	41200000	0.0	NA
chrX	41200000	41300000	0.0012053967317344197	12017
chrX	41300000	41400000	0.0007949410240839035	25399
chrX	41400000	41500000	0.0	NA
chrX	41500000	41600000	0.0	NA
chrX	41600000	41700000	0.0	NA
chrX	41700000	41800000	9.50239616996796e-05	14731
chrX	41800000	41900000	0.0002815745233671234	80598
chrX	41900000	42000000	0.0004564140778400809	88976
chrX	42000000	42100000	0.00040896951487837823	79880
chrX	42100000	42200000	0.000439891297228049	79572
chrX	42200000	42300000	0.00022531895966388342	80006
chrX	42300000	42400000	0.0002344048053603169	83348
chrX	42400000	42500000	0.0001773179855352371	81275
chrX	42500000	42600000	0.0005513575428002695	79932
chrX	42600000	42700000	0.0005071789223877851	81058
chrX	42700000	42800000	0.0005862044368808082	79569
chrX	42800000	42900000	0.0006498538232086358	84428
chrX	42900000	43000000	0.0004489601475976408	89394
chrX	43000000	43100000	0.0002533163009310864	44692
chrX	43100000	43200000	0.00023552003175029133	76557
chrX	43200000	43300000	0.00022546594008324386	86165
chrX	43300000	43400000	0.00027588122152652256	85402
chrX	43400000	43500000	0.00045632545112173545	77829
chrX	43500000	43600000	0.0005267871176962085	9768
chrX	43600000	43700000	0.0002912508702715249	17236
chrX	43700000	43800000	0.00015951307111080004	48087
chrX	43800000	43900000	0.0004245947850599009	61576
chrX	43900000	44000000	0.000373294265464894	82612
chrX	44000000	44100000	0.00029436754375025985	6075
chrX	44100000	44200000	0.0	NA
chrX	44200000	44300000	0.0007623067154702325	68152
chrX	44300000	44400000	0.0005058928366961877	50725
chrX	44400000	44500000	0.000659486925389955	45746
chrX	44500000	44600000	0.0004504722940313258	61365
chrX	44600000	44700000	0.0005427845520724774	47804
chrX	44700000	44800000	0.000223101317623394	18821
chrX	44800000	44900000	0.0	NA
chrX	44900000	45000000	0.00027170581193255685	21963
chrX	45000000	45100000	0.000760895691768899	38914
chrX	45100000	45200000	0.00047909535333646373	85322
chrX	45200000	45300000	0.0006159762309118899	85326
chrX	45300000	45400000	0.0004546023751224412	61223
chrX	45400000	45500000	0.00026222173217345455	84098
chrX	45500000	45600000	0.0005650188272931273	76303
chrX	45600000	45700000	0.0005180316075976284	84474
chrX	45700000	45800000	0.00034877697263856335	74446
chrX	45800000	45900000	0.0005030108334376348	78444
chrX	45900000	46000000	0.0002510443727980728	21486
chrX	46000000	46100000	0.0	NA
chrX	46100000	46200000	0.0	NA
chrX	46200000	46300000	0.0	NA
chrX	46300000	46400000	0.0	NA
chrX	46400000	46500000	0.0	NA
chrX	46500000	46600000	0.0	NA
chrX	46600000	46700000	0.0	NA
chrX	46700000	46800000	0.0	NA
chrX	46800000	46900000	0.0	NA
chrX	46900000	47000000	0.0	NA
chrX	47000000	47100000	0.0	NA
chrX	47100000	47200000	0.0	NA
chrX	47200000	47300000	0.0	NA
chrX	47300000	47400000	0.0	NA
chrX	47400000	47500000	0.0	NA
chrX	47500000	47600000	0.0	NA
chrX	47600000	47700000	0.0	NA
chrX	47700000	47800000	0.0	NA
chrX	47800000	47900000	0.0	NA
chrX	47900000	48000000	0.0	NA
chrX	48000000	48100000	0.0	NA
chrX	48100000	48200000	0.0	NA
chrX	48200000	48300000	0.0	NA
chrX	48300000	48400000	0.0	NA
chrX	48400000	48500000	0.0	NA
chrX	48500000	48600000	0.0	NA
chrX	48600000	48700000	0.0	NA
chrX	48700000	48800000	0.0	NA
chrX	48800000	48900000	0.0	NA
chrX	48900000	49000000	0.0	NA
chrX	49000000	49100000	0.0	NA
chrX	49100000	49200000	0.0	NA
chrX	49200000	49300000	0.0	NA
chrX	49300000	49400000	0.0	NA
chrX	49400000	49500000	0.0	NA
chrX	49500000	49600000	0.0	NA
chrX	49600000	49700000	0.0	NA
chrX	49700000	49800000	0.0	NA
chrX	49800000	49900000	0.0	NA
chrX	49900000	50000000	0.0	NA
chrX	50000000	50100000	0.0	NA
chrX	50100000	50200000	0.0	NA
chrX	50200000	50300000	0.0	NA
chrX	50300000	50400000	0.0	NA
chrX	50400000	50500000	0.0	NA
chrX	50500000	50600000	0.0	NA
chrX	50600000	50700000	0.0	NA
chrX	50700000	50800000	0.0	NA
chrX	50800000	50900000	0.0	NA
chrX	50900000	51000000	0.0	NA
chrX	51000000	51100000	0.0	NA
chrX	51100000	51200000	0.0	NA
chrX	51200000	51300000	0.0	NA
chrX	51300000	51400000	0.0	NA
chrX	51400000	51500000	0.0	NA
chrX	51500000	51600000	0.0	NA
chrX	51600000	51700000	0.0	NA
chrX	51700000	51800000	0.0	NA
chrX	51800000	51900000	0.0	NA
chrX	51900000	52000000	0.0	NA
chrX	52000000	52100000	0.0	NA
chrX	52100000	52200000	0.0	NA
chrX	52200000	52300000	0.0	NA
chrX	52300000	52400000	0.0	NA
chrX	52400000	52500000	0.0	NA
chrX	52500000	52600000	0.0	NA
chrX	52600000	52700000	0.0	NA
chrX	52700000	52800000	0.0	NA
chrX	52800000	52900000	0.0	NA
chrX	52900000	53000000	0.0	NA
chrX	53000000	53100000	0.0	NA
chrX	53100000	53200000	0.0	NA
chrX	53200000	53300000	0.0	NA
chrX	53300000	53400000	0.0	NA
chrX	53400000	53500000	0.0	NA
chrX	53500000	53600000	0.0	NA
chrX	53600000	53700000	0.0	NA
chrX	53700000	53800000	0.0	NA
chrX	53800000	53900000	0.0	NA
chrX	53900000	54000000	0.0	NA
chrX	54000000	54100000	0.0	NA
chrX	54100000	54200000	0.0	NA
chrX	54200000	54300000	0.0	NA
chrX	54300000	54400000	0.0	NA
chrX	54400000	54500000	0.0	NA
chrX	54500000	54600000	0.0	NA
chrX	54600000	54700000	0.0	NA
chrX	54700000	54800000	0.0	NA
chrX	54800000	54900000	0.0	NA
chrX	54900000	55000000	0.0	NA
chrX	55000000	55100000	0.0	NA
chrX	55100000	55200000	0.0	NA
chrX	55200000	55300000	0.0	NA
chrX	55300000	55400000	0.0	NA
chrX	55400000	55500000	0.0	NA
chrX	55500000	55600000	0.0	NA
chrX	55600000	55700000	0.0	NA
chrX	55700000	55800000	0.0	NA
chrX	55800000	55900000	0.0	NA
chrX	55900000	56000000	0.0	NA
chrX	56000000	56100000	0.0	NA
chrX	56100000	56200000	0.0	NA
chrX	56200000	56300000	0.0	NA
chrX	56300000	56400000	0.0	NA
chrX	56400000	56500000	0.0	NA
chrX	56500000	56600000	0.0	NA
chrX	56600000	56700000	0.0	NA
chrX	56700000	56800000	0.0	NA
chrX	56800000	56900000	0.0	NA
chrX	56900000	57000000	0.0	NA
chrX	57000000	57100000	0.0	NA
chrX	57100000	57200000	0.0	NA
chrX	57200000	57300000	0.0	NA
chrX	57300000	57400000	0.0	NA
chrX	57400000	57500000	0.0	NA
chrX	57500000	57600000	0.0	NA
chrX	57600000	57700000	0.0	NA
chrX	57700000	57800000	0.0	NA
chrX	57800000	57900000	0.0	NA
chrX	57900000	58000000	0.0	NA
chrX	58000000	58100000	0.0	NA
chrX	58100000	58200000	0.0	NA
chrX	58200000	58300000	0.0	NA
chrX	58300000	58400000	0.0	NA
chrX	58400000	58500000	0.0	NA
chrX	58500000	58600000	0.0	NA
chrX	58600000	58700000	0.0	NA
chrX	58700000	58800000	0.0	NA
chrX	58800000	58900000	0.0	NA
chrX	58900000	59000000	0.0	NA
chrX	59000000	59100000	0.0	NA
chrX	59100000	59200000	0.0	NA
chrX	59200000	59300000	0.0	NA
chrX	59300000	59400000	0.0	NA
chrX	59400000	59500000	0.0	NA
chrX	59500000	59600000	0.0	NA
chrX	59600000	59700000	0.0	NA
chrX	59700000	59800000	0.0	NA
chrX	59800000	59900000	0.0	NA
chrX	59900000	60000000	0.0	NA
chrX	60000000	60100000	0.0	NA
chrX	60100000	60200000	0.0	NA
chrX	60200000	60300000	0.0	NA
chrX	60300000	60400000	0.0	NA
chrX	60400000	60500000	0.0	NA
chrX	60500000	60600000	0.0	NA
chrX	60600000	60700000	0.0	NA
chrX	60700000	60800000	0.0	NA
chrX	60800000	60900000	0.0	NA
chrX	60900000	61000000	0.0	NA
chrX	61000000	61100000	0.0	NA
chrX	61100000	61200000	0.0	NA
chrX	61200000	61300000	0.0	NA
chrX	61300000	61400000	0.0	NA
chrX	61400000	61500000	0.0	NA
chrX	61500000	61600000	0.0	NA
chrX	61600000	61700000	0.0	NA
chrX	61700000	61800000	0.0	NA
chrX	61800000	61900000	0.0	NA
chrX	61900000	62000000	0.0	NA
chrX	62000000	62100000	0.0	NA
chrX	62100000	62200000	0.0	NA
chrX	62200000	62300000	0.0	NA
chrX	62300000	62400000	0.0	NA
chrX	62400000	62500000	0.0	NA
chrX	62500000	62600000	0.0	NA
chrX	62600000	62700000	0.0	NA
chrX	62700000	62800000	0.0	NA
chrX	62800000	62900000	0.0	NA
chrX	62900000	63000000	0.0	NA
chrX	63000000	63100000	0.0	NA
chrX	63100000	63200000	0.0	NA
chrX	63200000	63300000	0.0	NA
chrX	63300000	63400000	0.0	NA
chrX	63400000	63500000	0.0	NA
chrX	63500000	63600000	0.0	NA
chrX	63600000	63700000	0.0	NA
chrX	63700000	63800000	0.0	NA
chrX	63800000	63900000	0.0	NA
chrX	63900000	64000000	0.0	NA
chrX	64000000	64100000	0.0	NA
chrX	64100000	64200000	0.0	NA
chrX	64200000	64300000	0.0	NA
chrX	64300000	64400000	0.0	NA
chrX	64400000	64500000	0.0	NA
chrX	64500000	64600000	0.0	NA
chrX	64600000	64700000	0.0	NA
chrX	64700000	64800000	0.0	NA
chrX	64800000	64900000	0.0	NA
chrX	64900000	65000000	0.0	NA
chrX	65000000	65100000	0.0	NA
chrX	65100000	65200000	0.0	NA
chrX	65200000	65300000	0.0	NA
chrX	65300000	65400000	0.0	NA
chrX	65400000	65500000	0.0	NA
chrX	65500000	65600000	0.0	NA
chrX	65600000	65700000	0.0	NA
chrX	65700000	65800000	0.0	NA
chrX	65800000	65900000	0.0	NA
chrX	65900000	66000000	0.0	NA
chrX	66000000	66100000	0.0	NA
chrX	66100000	66200000	0.0	NA
chrX	66200000	66300000	0.0	NA
chrX	66300000	66400000	0.0	NA
chrX	66400000	66500000	0.0	NA
chrX	66500000	66600000	0.0	NA
chrX	66600000	66700000	0.0	NA
chrX	66700000	66800000	0.0	NA
chrX	66800000	66900000	0.0	NA
chrX	66900000	67000000	0.0	NA
chrX	67000000	67100000	0.0	NA
chrX	67100000	67200000	0.0	NA
chrX	67200000	67300000	0.0	NA
chrX	67300000	67400000	0.0	NA
chrX	67400000	67500000	0.0	NA
chrX	67500000	67600000	0.0	NA
chrX	67600000	67700000	0.0	NA
chrX	67700000	67800000	0.0	NA
chrX	67800000	67900000	0.0	NA
chrX	67900000	68000000	0.0	NA
chrX	68000000	68100000	0.0	NA
chrX	68100000	68200000	0.0	NA
chrX	68200000	68300000	0.0	NA
chrX	68300000	68400000	0.0	NA
chrX	68400000	68500000	0.0	NA
chrX	68500000	68600000	0.0	NA
chrX	68600000	68700000	0.0	NA
chrX	68700000	68800000	0.0	NA
chrX	68800000	68900000	0.0	NA
chrX	68900000	69000000	0.0	NA
chrX	69000000	69100000	0.0	NA
chrX	69100000	69200000	0.0	NA
chrX	69200000	69300000	0.0	NA
chrX	69300000	69400000	0.0	NA
chrX	69400000	69500000	0.0	NA
chrX	69500000	69600000	0.0	NA
chrX	69600000	69700000	0.0	NA
chrX	69700000	69800000	0.0	NA
chrX	69800000	69900000	0.0	NA
chrX	69900000	70000000	0.0	NA
chrX	70000000	70100000	0.0	NA
chrX	70100000	70200000	0.0	NA
chrX	70200000	70300000	0.0	NA
chrX	70300000	70400000	0.0	NA
chrX	70400000	70500000	0.0	NA
chrX	70500000	70600000	0.0	NA
chrX	70600000	70700000	0.0	NA
chrX	70700000	70800000	0.0	NA
chrX	70800000	70900000	0.0	NA
chrX	70900000	71000000	0.0	NA
chrX	71000000	71100000	0.0	NA
chrX	71100000	71200000	0.0	NA
chrX	71200000	71300000	0.0	NA
chrX	71300000	71400000	0.0	NA
chrX	71400000	71500000	0.0	NA
chrX	71500000	71600000	0.0	NA
chrX	71600000	71700000	0.0	NA
chrX	71700000	71800000	0.0	NA
chrX	71800000	71900000	0.0	NA
chrX	71900000	72000000	0.0	NA
chrX	72000000	72100000	0.0	NA
chrX	72100000	72200000	0.0	NA
chrX	72200000	72300000	0.0	NA
chrX	72300000	72400000	0.0	NA
chrX	72400000	72500000	0.0	NA
chrX	72500000	72600000	0.0	NA
chrX	72600000	72700000	0.0	NA
chrX	72700000	72800000	0.0	NA
chrX	72800000	72900000	0.0	NA
chrX	72900000	73000000	0.0	NA
chrX	73000000	73100000	0.0	NA
chrX	73100000	73200000	0.0	NA
chrX	73200000	73300000	0.0	NA
chrX	73300000	73400000	0.0	NA
chrX	73400000	73500000	0.0	NA
chrX	73500000	73600000	0.0	NA
chrX	73600000	73700000	0.0	NA
chrX	73700000	73800000	0.0	NA
chrX	73800000	73900000	0.0	NA
chrX	73900000	74000000	0.0	NA
chrX	74000000	74100000	0.0	NA
chrX	74100000	74200000	0.0	NA
chrX	74200000	74300000	0.0	NA
chrX	74300000	74400000	0.0	NA
chrX	74400000	74500000	0.0	NA
chrX	74500000	74600000	0.0	NA
chrX	74600000	74700000	0.0	NA
chrX	74700000	74800000	0.0	NA
chrX	74800000	74900000	0.0	NA
chrX	74900000	75000000	0.0	NA
chrX	75000000	75100000	0.0	NA
chrX	75100000	75200000	0.0	NA
chrX	75200000	75300000	0.0	NA
chrX	75300000	75400000	0.0	NA
chrX	75400000	75500000	0.0	NA
chrX	75500000	75600000	0.0	NA
chrX	75600000	75700000	0.0	NA
chrX	75700000	75800000	0.0	NA
chrX	75800000	75900000	0.0	NA
chrX	75900000	76000000	0.0	NA
chrX	76000000	76100000	0.0	NA
chrX	76100000	76200000	0.0	NA
chrX	76200000	76300000	0.0	NA
chrX	76300000	76400000	0.0	NA
chrX	76400000	76500000	0.0	NA
chrX	76500000	76600000	0.0	NA
chrX	76600000	76700000	0.0	NA
chrX	76700000	76800000	0.0	NA
chrX	76800000	76900000	0.0	NA
chrX	76900000	77000000	0.0	NA
chrX	77000000	77100000	0.0	NA
chrX	77100000	77200000	0.0	NA
chrX	77200000	77300000	0.0	NA
chrX	77300000	77400000	0.0	NA
chrX	77400000	77500000	0.0	NA
chrX	77500000	77600000	0.0	NA
chrX	77600000	77700000	0.0	NA
chrX	77700000	77800000	0.0	NA
chrX	77800000	77900000	0.0	NA
chrX	77900000	78000000	0.0005293207882817857	37998
chrX	78000000	78100000	0.00046778216186416473	69973
chrX	78100000	78200000	0.00027938334568385574	76470
chrX	78200000	78300000	0.00046259573665955145	56319
chrX	78300000	78400000	0.0004205025782387903	79018
chrX	78400000	78500000	0.0007958160651058502	76906
chrX	78500000	78600000	0.0007586871462214921	80798
chrX	78600000	78700000	0.0008262943908853735	72185
chrX	78700000	78800000	0.0005570413478156488	72233
chrX	78800000	78900000	0.0007331679231072128	85322
chrX	78900000	79000000	0.0010669595623146449	71153
chrX	79000000	79100000	0.0009928322118655955	74574
chrX	79100000	79200000	0.001606293066535712	68742
chrX	79200000	79300000	0.0016005353167903396	57453
chrX	79300000	79400000	0.0005958385978793293	71543
chrX	79400000	79500000	0.0006989557495089236	56673
chrX	79500000	79600000	0.0	185
chrX	79600000	79700000	0.0	NA
chrX	79700000	79800000	0.00028917928634746275	70979
chrX	79800000	79900000	0.0002876219335393371	69882
chrX	79900000	80000000	0.0002988267446472853	17079
chrX	80000000	80100000	0.0003819886773040825	22051
chrX	80100000	80200000	0.0007047695365147808	64438
chrX	80200000	80300000	0.0006809050300597453	60867
chrX	80300000	80400000	0.000527110743372674	49662
chrX	80400000	80500000	0.0	NA
chrX	80500000	80600000	0.0005119286667177984	32793
chrX	80600000	80700000	0.000561179600694536	87081
chrX	80700000	80800000	0.0011419843638992254	78084
chrX	80800000	80900000	0.0006841273519268435	82390
chrX	80900000	81000000	0.000482175494624678	71089
chrX	81000000	81100000	0.0006903373618456565	65405
chrX	81100000	81200000	0.0006369499668011552	81176
chrX	81200000	81300000	0.0003476313234249406	71634
chrX	81300000	81400000	0.0006026389143195794	84901
chrX	81400000	81500000	0.00021471257073351312	80220
chrX	81500000	81600000	0.00014962833651402976	87904
chrX	81600000	81700000	0.0004152515441841496	80926
chrX	81700000	81800000	0.0005893818549900969	75521
chrX	81800000	81900000	0.0007263082141749233	78503
chrX	81900000	82000000	0.0005527806087070481	79390
chrX	82000000	82100000	0.0008552035419573826	70360
chrX	82100000	82200000	0.0005694420631452943	82185
chrX	82200000	82300000	0.0008842568885663782	80752
chrX	82300000	82400000	0.00043255400028072226	75059
chrX	82400000	82500000	0.000574760687123001	81344
chrX	82500000	82600000	0.00027936457407214474	77677
chrX	82600000	82700000	0.0004229102966052869	70306
chrX	82700000	82800000	0.00026697679134024234	86482
chrX	82800000	82900000	0.00036344035774906944	73797
chrX	82900000	83000000	0.00035998656599149344	65746
chrX	83000000	83100000	0.00028838996570966887	71216
chrX	83100000	83200000	0.00027154719263767325	61184
chrX	83200000	83300000	0.0004133231018299725	77716
chrX	83300000	83400000	0.00043927855870203145	10199
chrX	83400000	83500000	0.00044359748028161553	50376
chrX	83500000	83600000	0.0006632366190389275	55116
chrX	83600000	83700000	0.0	NA
chrX	83700000	83800000	0.0012203046970988966	35573
chrX	83800000	83900000	0.0007415005224660395	72500
chrX	83900000	84000000	0.0004966129595475049	82759
chrX	84000000	84100000	0.0008586374361859476	76378
chrX	84100000	84200000	0.0006922749029101198	62829
chrX	84200000	84300000	0.0007097566933928377	33244
chrX	84300000	84400000	0.0007460283959946957	26706
chrX	84400000	84500000	0.0003851046122528489	70104
chrX	84500000	84600000	0.00036765909675608665	3887
chrX	84600000	84700000	0.0003920893643324245	46655
chrX	84700000	84800000	0.00035073187824588163	83194
chrX	84800000	84900000	0.0011108494936346283	74517
chrX	84900000	85000000	0.0010891008146535434	65222
chrX	85000000	85100000	0.000761707043976966	68020
chrX	85100000	85200000	0.000592161850520023	12413
chrX	85200000	85300000	0.0	NA
chrX	85300000	85400000	0.0009164013388848073	70772
chrX	85400000	85500000	0.0005274090988376703	2548
chrX	85500000	85600000	0.0	NA
chrX	85600000	85700000	0.0	NA
chrX	85700000	85800000	0.0	NA
chrX	85800000	85900000	0.0	NA
chrX	85900000	86000000	0.0	NA
chrX	86000000	86100000	0.0008155110639748628	11229
chrX	86100000	86200000	0.0006415392357872416	76098
chrX	86200000	86300000	0.0008118658323751134	73869
chrX	86300000	86400000	0.0007773406393569491	73342
chrX	86400000	86500000	0.0012270280059261413	79538
chrX	86500000	86600000	0.0010300536536192977	80524
chrX	86600000	86700000	0.0010636636568650054	80310
chrX	86700000	86800000	0.0008153020763570808	54161
chrX	86800000	86900000	0.0	NA
chrX	86900000	87000000	0.0006020647884203972	57181
chrX	87000000	87100000	0.000858963977321941	71326
chrX	87100000	87200000	0.000579010127222266	85549
chrX	87200000	87300000	0.0004125177234984446	77545
chrX	87300000	87400000	0.00040769332511484145	87214
chrX	87400000	87500000	0.0006896999474020148	82770
chrX	87500000	87600000	0.0008718394759916301	71770
chrX	87600000	87700000	0.001116236202185202	84236
chrX	87700000	87800000	0.0015337931474338313	73486
chrX	87800000	87900000	0.000612696768807991	82864
chrX	87900000	88000000	0.0007363884034280259	83275
chrX	88000000	88100000	0.0006012604432780497	63045
chrX	88100000	88200000	0.0006152213559982927	81860
chrX	88200000	88300000	0.0008747721395565737	83872
chrX	88300000	88400000	0.0008448902302304312	82143
chrX	88400000	88500000	0.0008755194950674113	47115
chrX	88500000	88600000	0.0020233100233100227	65
chrX	88600000	88700000	0.0	62
chrX	88700000	88800000	0.0	51
chrX	88800000	88900000	0.0006910208807442009	1265
chrX	88900000	89000000	0.0020686816558228233	9301
chrX	89000000	89100000	0.0004286605622164891	599
chrX	89100000	89200000	0.0	33
chrX	89200000	89300000	0.0006509990973465281	34332
chrX	89300000	89400000	0.0006803634788619634	41558
chrX	89400000	89500000	6.915580186389101e-05	3412
chrX	89500000	89600000	0.0004656494018196147	1833
chrX	89600000	89700000	3.891050583657591e-05	514
chrX	89700000	89800000	0.0014445530574562831	372
chrX	89800000	89900000	0.00034243534243534254	4368
chrX	89900000	90000000	0.0002978312537136068	1360
chrX	90000000	90100000	0.00022087886538014415	782
chrX	90100000	90200000	0.0010444037795283366	7649
chrX	90200000	90300000	0.0008674798297439804	6996
chrX	90300000	90400000	0.0010002017010382537	77222
chrX	90400000	90500000	0.0007974481658692183	228
chrX	90500000	90600000	0.000983316805011971	66546
chrX	90600000	90700000	0.0005477962876838036	62942
chrX	90700000	90800000	0.0006863009081135845	30386
chrX	90800000	90900000	0.0003758026360256844	1345
chrX	90900000	91000000	0.0010269428164225648	17357
chrX	91000000	91100000	0.002501097935880545	276
chrX	91100000	91200000	0.0	NA
chrX	91200000	91300000	0.0	NA
chrX	91300000	91400000	0.0	NA
chrX	91400000	91500000	0.0	NA
chrX	91500000	91600000	0.0	NA
chrX	91600000	91700000	0.0	NA
chrX	91700000	91800000	0.0	NA
chrX	91800000	91900000	0.000718294051627385	648
chrX	91900000	92000000	0.0	250
chrX	92000000	92100000	0.001583087512291052	226
chrX	92100000	92200000	0.0005246769422388292	4282
chrX	92200000	92300000	0.00027226760015558156	857
chrX	92300000	92400000	0.0004867340368054965	21631
chrX	92400000	92500000	0.0005558514607566343	82097
chrX	92500000	92600000	0.0011382238943586172	80729
chrX	92600000	92700000	0.0005729155186019558	82484
chrX	92700000	92800000	0.0008420566933955471	84326
chrX	92800000	92900000	0.0006237569737297193	77046
chrX	92900000	93000000	0.0005040674233304461	49011
chrX	93000000	93100000	0.0003451859122234795	90770
chrX	93100000	93200000	0.0005950571496313549	79369
chrX	93200000	93300000	0.0005839809347721191	81587
chrX	93300000	93400000	0.0007942543929841905	82176
chrX	93400000	93500000	0.0006287122512110922	84111
chrX	93500000	93600000	0.0006799063602605805	82435
chrX	93600000	93700000	0.0006223406735872125	86640
chrX	93700000	93800000	0.0007173735919932636	79207
chrX	93800000	93900000	0.0004870510043914915	83504
chrX	93900000	94000000	0.00044864624801651474	79081
chrX	94000000	94100000	0.000544827572984487	68599
chrX	94100000	94200000	0.0004413512730186563	81259
chrX	94200000	94300000	0.0007150329763649614	82929
chrX	94300000	94400000	0.0006626547640162819	79103
chrX	94400000	94500000	0.0007747813565423646	80136
chrX	94500000	94600000	0.0001930986493035277	80477
chrX	94600000	94700000	0.00023734499053770094	83628
chrX	94700000	94800000	0.00021873510301368066	85075
chrX	94800000	94900000	0.0003198840919393462	76229
chrX	94900000	95000000	0.00024628031076523693	86842
chrX	95000000	95100000	0.0005076080156236909	78596
chrX	95100000	95200000	0.0007895578734984179	82344
chrX	95200000	95300000	0.000749114936532779	79875
chrX	95300000	95400000	0.0004605025166329825	73828
chrX	95400000	95500000	0.0002866189244745041	76776
chrX	95500000	95600000	0.000603249826721842	66411
chrX	95600000	95700000	0.0004522393682379748	80332
chrX	95700000	95800000	0.0005941677348407288	72601
chrX	95800000	95900000	0.0007117323789344354	65373
chrX	95900000	96000000	0.0009202521159296661	29983
chrX	96000000	96100000	0.0	NA
chrX	96100000	96200000	0.0	NA
chrX	96200000	96300000	0.0	NA
chrX	96300000	96400000	0.0	NA
chrX	96400000	96500000	0.0	NA
chrX	96500000	96600000	0.0	NA
chrX	96600000	96700000	0.0	NA
chrX	96700000	96800000	0.0	NA
chrX	96800000	96900000	0.00036197486047617885	39876
chrX	96900000	97000000	0.0005654907567600462	83338
chrX	97000000	97100000	0.0006640158949410003	82586
chrX	97100000	97200000	0.00034005750282862265	80776
chrX	97200000	97300000	0.00028323824182945154	85277
chrX	97300000	97400000	0.00041335219371581224	81899
chrX	97400000	97500000	0.0003249798507069198	80460
chrX	97500000	97600000	0.00031421508182881137	79157
chrX	97600000	97700000	0.0004936498073348038	75053
chrX	97700000	97800000	0.00037215243999954336	83246
chrX	97800000	97900000	0.0006248317840210358	79038
chrX	97900000	98000000	0.0004646899624695342	74310
chrX	98000000	98100000	0.0003764769945021406	85181
chrX	98100000	98200000	0.00042001402376443077	79778
chrX	98200000	98300000	0.0004379788098314037	89955
chrX	98300000	98400000	0.0003440331735476465	86195
chrX	98400000	98500000	0.00037086949060663406	78522
chrX	98500000	98600000	0.00010899544737488296	80628
chrX	98600000	98700000	0.00012354609368155808	86591
chrX	98700000	98800000	0.00011200813195570566	15641
chrX	98800000	98900000	0.0	NA
chrX	98900000	99000000	0.0	NA
chrX	99000000	99100000	0.0	NA
chrX	99100000	99200000	0.00017407599181399025	3687
chrX	99200000	99300000	0.00026612038614579774	88148
chrX	99300000	99400000	0.00018465458405678828	74942
chrX	99400000	99500000	0.00018435409289593936	42883
chrX	99500000	99600000	0.0	NA
chrX	99600000	99700000	0.0	NA
chrX	99700000	99800000	0.0	NA
chrX	99800000	99900000	0.0	NA
chrX	99900000	100000000	0.0	NA
chrX	100000000	100100000	0.0	NA
chrX	100100000	100200000	0.0	NA
chrX	100200000	100300000	0.0	NA
chrX	100300000	100400000	0.0	NA
chrX	100400000	100500000	0.0	NA
chrX	100500000	100600000	0.0	NA
chrX	100600000	100700000	0.0	NA
chrX	100700000	100800000	0.0	NA
chrX	100800000	100900000	0.0	NA
chrX	100900000	101000000	0.0	NA
chrX	101000000	101100000	0.0	NA
chrX	101100000	101200000	0.0	NA
chrX	101200000	101300000	0.0	NA
chrX	101300000	101400000	0.0	NA
chrX	101400000	101500000	0.0	NA
chrX	101500000	101600000	0.0	NA
chrX	101600000	101700000	0.0	NA
chrX	101700000	101800000	0.0	NA
chrX	101800000	101900000	0.0	NA
chrX	101900000	102000000	0.0	NA
chrX	102000000	102100000	0.0	NA
chrX	102100000	102200000	0.0	NA
chrX	102200000	102300000	0.0	NA
chrX	102300000	102400000	0.0	NA
chrX	102400000	102500000	0.0	NA
chrX	102500000	102600000	0.0	NA
chrX	102600000	102700000	0.0	NA
chrX	102700000	102800000	0.0	NA
chrX	102800000	102900000	0.0	NA
chrX	102900000	103000000	0.0	NA
chrX	103000000	103100000	0.0	NA
chrX	103100000	103200000	0.0	NA
chrX	103200000	103300000	0.0	NA
chrX	103300000	103400000	0.0	NA
chrX	103400000	103500000	0.0	NA
chrX	103500000	103600000	0.0	NA
chrX	103600000	103700000	0.0	NA
chrX	103700000	103800000	0.0	NA
chrX	103800000	103900000	0.0	NA
chrX	103900000	104000000	0.0	NA
chrX	104000000	104100000	0.0	NA
chrX	104100000	104200000	0.0	NA
chrX	104200000	104300000	0.0	NA
chrX	104300000	104400000	0.0	NA
chrX	104400000	104500000	0.0	NA
chrX	104500000	104600000	0.0	NA
chrX	104600000	104700000	0.0	NA
chrX	104700000	104800000	0.0	NA
chrX	104800000	104900000	0.0	NA
chrX	104900000	105000000	0.0	NA
chrX	105000000	105100000	0.0	NA
chrX	105100000	105200000	0.0	NA
chrX	105200000	105300000	0.0	NA
chrX	105300000	105400000	0.0	NA
chrX	105400000	105500000	0.0	NA
chrX	105500000	105600000	0.0	NA
chrX	105600000	105700000	0.0	NA
chrX	105700000	105800000	0.0	NA
chrX	105800000	105900000	0.0	NA
chrX	105900000	106000000	0.0	NA
chrX	106000000	106100000	0.0	NA
chrX	106100000	106200000	0.0	NA
chrX	106200000	106300000	0.0	NA
chrX	106300000	106400000	0.0	NA
chrX	106400000	106500000	0.0	NA
chrX	106500000	106600000	0.0	NA
chrX	106600000	106700000	0.0	NA
chrX	106700000	106800000	0.0	NA
chrX	106800000	106900000	0.0	NA
chrX	106900000	107000000	0.0	NA
chrX	107000000	107100000	0.0	NA
chrX	107100000	107200000	0.0	NA
chrX	107200000	107300000	0.0	NA
chrX	107300000	107400000	0.0	NA
chrX	107400000	107500000	0.0	NA
chrX	107500000	107600000	0.0	NA
chrX	107600000	107700000	0.0	NA
chrX	107700000	107800000	0.0	NA
chrX	107800000	107900000	0.0	NA
chrX	107900000	108000000	0.0	NA
chrX	108000000	108100000	0.0	NA
chrX	108100000	108200000	0.0	NA
chrX	108200000	108300000	0.0	NA
chrX	108300000	108400000	0.0	NA
chrX	108400000	108500000	0.0	NA
chrX	108500000	108600000	0.0	NA
chrX	108600000	108700000	0.0	NA
chrX	108700000	108800000	0.0	NA
chrX	108800000	108900000	0.0	NA
chrX	108900000	109000000	0.0	NA
chrX	109000000	109100000	0.0	NA
chrX	109100000	109200000	0.0	NA
chrX	109200000	109300000	0.0	NA
chrX	109300000	109400000	0.0	NA
chrX	109400000	109500000	0.0	NA
chrX	109500000	109600000	0.0	NA
chrX	109600000	109700000	0.0	NA
chrX	109700000	109800000	0.0	NA
chrX	109800000	109900000	0.0	NA
chrX	109900000	110000000	0.0	NA
chrX	110000000	110100000	0.0	NA
chrX	110100000	110200000	0.0	NA
chrX	110200000	110300000	0.0	NA
chrX	110300000	110400000	0.0	NA
chrX	110400000	110500000	0.0	NA
chrX	110500000	110600000	0.0	NA
chrX	110600000	110700000	0.0	NA
chrX	110700000	110800000	0.0	NA
chrX	110800000	110900000	0.0	NA
chrX	110900000	111000000	0.0	NA
chrX	111000000	111100000	0.0	NA
chrX	111100000	111200000	0.0	NA
chrX	111200000	111300000	0.0	NA
chrX	111300000	111400000	0.0	NA
chrX	111400000	111500000	0.0	NA
chrX	111500000	111600000	0.0	NA
chrX	111600000	111700000	0.0	NA
chrX	111700000	111800000	0.0007338510965732288	67021
chrX	111800000	111900000	0.0007165338984680663	50947
chrX	111900000	112000000	0.00029961185616397563	57531
chrX	112000000	112100000	0.00047763941303742867	28931
chrX	112100000	112200000	0.0006269002923084988	71251
chrX	112200000	112300000	0.0006108046106292567	68433
chrX	112300000	112400000	0.0	NA
chrX	112400000	112500000	0.0	NA
chrX	112500000	112600000	0.0	NA
chrX	112600000	112700000	0.0	NA
chrX	112700000	112800000	0.0006993678083920396	29177
chrX	112800000	112900000	0.0006137562851410382	48656
chrX	112900000	113000000	0.0	NA
chrX	113000000	113100000	0.0	NA
chrX	113100000	113200000	0.0003477018486283463	16190
chrX	113200000	113300000	0.0006675672213553493	73176
chrX	113300000	113400000	0.0006207034192313344	76626
chrX	113400000	113500000	0.000522276625538526	84368
chrX	113500000	113600000	0.0005490386554231935	40927
chrX	113600000	113700000	0.0006903374091279573	83221
chrX	113700000	113800000	0.00040287859295294777	71662
chrX	113800000	113900000	0.0004411533443791509	16058
chrX	113900000	114000000	0.0	NA
chrX	114000000	114100000	0.0	NA
chrX	114100000	114200000	0.0005167973370927086	41507
chrX	114200000	114300000	0.00041824958119080575	72922
chrX	114300000	114400000	0.00029044497482613306	31462
chrX	114400000	114500000	0.0003328525755367329	23784
chrX	114500000	114600000	0.0004516935089056268	67241
chrX	114600000	114700000	0.0006040068818034186	82924
chrX	114700000	114800000	0.0008155298377935773	38538
chrX	114800000	114900000	0.0003817284489553398	8330
chrX	114900000	115000000	0.00040813262767242376	26510
chrX	115000000	115100000	0.0007167260843731429	12512
chrX	115100000	115200000	0.0004269164294788893	65562
chrX	115200000	115300000	0.0007496563285899512	69242
chrX	115300000	115400000	0.0008833312313662034	71602
chrX	115400000	115500000	0.0007956548335126489	80908
chrX	115500000	115600000	0.0005125326243773153	64329
chrX	115600000	115700000	0.001035898553884168	61160
chrX	115700000	115800000	0.0007763763312537994	52435
chrX	115800000	115900000	0.000651171545706876	74698
chrX	115900000	116000000	0.0006927962042227836	73119
chrX	116000000	116100000	0.000703091071351875	76196
chrX	116100000	116200000	0.0006817132751502332	81446
chrX	116200000	116300000	0.0007658399868471112	78640
chrX	116300000	116400000	0.0008240530523846383	71475
chrX	116400000	116500000	0.0013043802181698966	70502
chrX	116500000	116600000	0.0018865036365534667	70238
chrX	116600000	116700000	0.0009616639577655833	74390
chrX	116700000	116800000	0.0006305046203812915	74679
chrX	116800000	116900000	0.0009175539434577307	73773
chrX	116900000	117000000	0.0007584394410741725	74148
chrX	117000000	117100000	0.0006108912879466343	22332
chrX	117100000	117200000	0.0	NA
chrX	117200000	117300000	0.0004258562024938704	40347
chrX	117300000	117400000	0.0008087943371406527	77294
chrX	117400000	117500000	0.0007772702209445028	49773
chrX	117500000	117600000	0.0007795574026408378	10631
chrX	117600000	117700000	0.0006095929218044201	14298
chrX	117700000	117800000	0.0	NA
chrX	117800000	117900000	0.000489504981539455	26803
chrX	117900000	118000000	0.0007159029503486991	29815
chrX	118000000	118100000	0.0006076310272536683	53000
chrX	118100000	118200000	0.0004352029601898091	39921
chrX	118200000	118300000	0.0004511494541305733	21133
chrX	118300000	118400000	0.00031418425631359916	72783
chrX	118400000	118500000	0.0002331608859053283	44581
chrX	118500000	118600000	0.0006834847664434758	26471
chrX	118600000	118700000	0.0006358290050117825	40897
chrX	118700000	118800000	0.00036830623874240176	13229
chrX	118800000	118900000	0.000939313411790228	36878
chrX	118900000	119000000	0.000723419014220201	35385
chrX	119000000	119100000	0.0006511503838898051	25144
chrX	119100000	119200000	0.000576299181550482	48826
chrX	119200000	119300000	0.00018466414410918153	1874
chrX	119300000	119400000	0.0002669467001925927	36215
chrX	119400000	119500000	0.0005535324031046958	38344
chrX	119500000	119600000	0.0008967792827661451	28773
chrX	119600000	119700000	0.00034077419119739083	36035
chrX	119700000	119800000	0.00039913076946810846	44851
chrX	119800000	119900000	0.0007942868750128888	78262
chrX	119900000	120000000	0.00043598459978836496	65493
chrX	120000000	120100000	0.00013292393796882895	4678
chrX	120100000	120200000	0.00025389404140130063	61988
chrX	120200000	120300000	0.0005423775033775308	78949
chrX	120300000	120400000	0.000735254225202562	78196
chrX	120400000	120500000	0.0008922882150835307	77432
chrX	120500000	120600000	0.0010673754801002078	77204
chrX	120600000	120700000	0.0005781401485903461	79432
chrX	120700000	120800000	0.0005907310548822548	88678
chrX	120800000	120900000	0.0005443001158254642	80903
chrX	120900000	121000000	0.0005606750320106854	79332
chrX	121000000	121100000	0.0008254838231834305	83464
chrX	121100000	121200000	0.000510533162874127	79903
chrX	121200000	121300000	0.0005925581280081298	75811
chrX	121300000	121400000	0.0007432442067736197	74375
chrX	121400000	121500000	0.0007332098993480975	77267
chrX	121500000	121600000	0.0006647354631791586	81218
chrX	121600000	121700000	0.0007219491704490955	71563
chrX	121700000	121800000	0.0004909294984434768	84243
chrX	121800000	121900000	0.0007480225146697707	77265
chrX	121900000	122000000	0.0007833135632656546	85213
chrX	122000000	122100000	0.0005494184399150873	82171
chrX	122100000	122200000	0.0007759062958386626	76885
chrX	122200000	122300000	0.00087802119146875	82119
chrX	122300000	122400000	0.0007055660762166055	17186
chrX	122400000	122500000	0.0	NA
chrX	122500000	122600000	0.0	NA
chrX	122600000	122700000	0.0005603439506019506	57093
chrX	122700000	122800000	0.0002573823743661657	21285
chrX	122800000	122900000	0.00029443929941442367	16884
chrX	122900000	123000000	0.0005649897162987404	37929
chrX	123000000	123100000	0.0005604230148856739	21411
chrX	123100000	123200000	0.0	NA
chrX	123200000	123300000	0.0007220448962971714	38450
chrX	123300000	123400000	0.0007608607347838157	74654
chrX	123400000	123500000	0.0005331056734319995	65027
chrX	123500000	123600000	0.0004497109588759284	2455
chrX	123600000	123700000	0.0	NA
chrX	123700000	123800000	0.0	NA
chrX	123800000	123900000	0.0	NA
chrX	123900000	124000000	0.0	NA
chrX	124000000	124100000	0.0005282084107431866	1941
chrX	124100000	124200000	0.000430941246765095	80385
chrX	124200000	124300000	0.0005148056903212917	87713
chrX	124300000	124400000	0.00025986289536784874	86602
chrX	124400000	124500000	0.0006971069021445458	75313
chrX	124500000	124600000	0.001127099650359657	77644
chrX	124600000	124700000	0.0009563912626198584	78830
chrX	124700000	124800000	0.0007692221238813737	79090
chrX	124800000	124900000	0.000595947019851684	84335
chrX	124900000	125000000	0.0005110848407736557	77285
chrX	125000000	125100000	0.00047268029128494284	77400
chrX	125100000	125200000	0.0007415449384228741	82061
chrX	125200000	125300000	0.0009505082556813248	68702
chrX	125300000	125400000	0.000649621596195349	72324
chrX	125400000	125500000	0.0006080630322499071	76372
chrX	125500000	125600000	0.0005661719865963007	73295
chrX	125600000	125700000	0.0007497610316964265	78103
chrX	125700000	125800000	0.0004890000698469019	84456
chrX	125800000	125900000	0.0007532992544288809	84984
chrX	125900000	126000000	0.00073772818207041	76090
chrX	126000000	126100000	0.0008765021386380624	69628
chrX	126100000	126200000	0.0004026962075350938	82209
chrX	126200000	126300000	0.0004996413230541524	75685
chrX	126300000	126400000	0.0006641710460229154	66387
chrX	126400000	126500000	0.0009443795134124923	78716
chrX	126500000	126600000	0.00040599238651948876	80933
chrX	126600000	126700000	0.0008294075615683528	77666
chrX	126700000	126800000	0.0008632780408609314	77423
chrX	126800000	126900000	0.0006585194495298885	88719
chrX	126900000	127000000	0.0010077928205145588	71594
chrX	127000000	127100000	0.0005670050749598827	86740
chrX	127100000	127200000	0.000709158527534311	82489
chrX	127200000	127300000	0.0005015720511443761	81487
chrX	127300000	127400000	0.00047136324092467667	78164
chrX	127400000	127500000	0.0003021597968152491	86911
chrX	127500000	127600000	0.0002703179294025597	76013
chrX	127600000	127700000	0.00020531632744644838	83845
chrX	127700000	127800000	0.0003698581813063988	82895
chrX	127800000	127900000	0.0004154809010417811	72823
chrX	127900000	128000000	0.0005039203554818788	71949
chrX	128000000	128100000	0.00045990041919485657	82544
chrX	128100000	128200000	0.00035391061219578737	76311
chrX	128200000	128300000	0.00022803985852484697	28145
chrX	128300000	128400000	0.0	NA
chrX	128400000	128500000	0.0	NA
chrX	128500000	128600000	0.0	NA
chrX	128600000	128700000	0.0	NA
chrX	128700000	128800000	0.0	NA
chrX	128800000	128900000	0.0	NA
chrX	128900000	129000000	0.0	NA
chrX	129000000	129100000	0.0	NA
chrX	129100000	129200000	0.0	NA
chrX	129200000	129300000	0.0	NA
chrX	129300000	129400000	0.0	NA
chrX	129400000	129500000	0.0	NA
chrX	129500000	129600000	0.0	NA
chrX	129600000	129700000	0.0	NA
chrX	129700000	129800000	0.0	NA
chrX	129800000	129900000	0.0	NA
chrX	129900000	130000000	0.0	NA
chrX	130000000	130100000	0.0	NA
chrX	130100000	130200000	0.0	NA
chrX	130200000	130300000	0.0	NA
chrX	130300000	130400000	0.0	NA
chrX	130400000	130500000	0.0	NA
chrX	130500000	130600000	0.0	NA
chrX	130600000	130700000	0.0	NA
chrX	130700000	130800000	0.0	NA
chrX	130800000	130900000	0.0	NA
chrX	130900000	131000000	0.0	NA
chrX	131000000	131100000	0.0	NA
chrX	131100000	131200000	0.0	NA
chrX	131200000	131300000	0.0	NA
chrX	131300000	131400000	0.0	NA
chrX	131400000	131500000	0.0	NA
chrX	131500000	131600000	0.0	NA
chrX	131600000	131700000	0.0	NA
chrX	131700000	131800000	0.0	NA
chrX	131800000	131900000	0.0	NA
chrX	131900000	132000000	0.0	NA
chrX	132000000	132100000	0.0	NA
chrX	132100000	132200000	0.0	NA
chrX	132200000	132300000	0.0	NA
chrX	132300000	132400000	0.0	NA
chrX	132400000	132500000	0.0	NA
chrX	132500000	132600000	0.0	NA
chrX	132600000	132700000	0.0	NA
chrX	132700000	132800000	0.0	NA
chrX	132800000	132900000	0.0	NA
chrX	132900000	133000000	0.0	NA
chrX	133000000	133100000	0.0	NA
chrX	133100000	133200000	0.0	NA
chrX	133200000	133300000	0.0	NA
chrX	133300000	133400000	0.0	NA
chrX	133400000	133500000	0.0	NA
chrX	133500000	133600000	0.0	NA
chrX	133600000	133700000	0.0	NA
chrX	133700000	133800000	0.0	NA
chrX	133800000	133900000	0.0	NA
chrX	133900000	134000000	0.0	NA
chrX	134000000	134100000	0.0	NA
chrX	134100000	134200000	0.0	NA
chrX	134200000	134300000	0.0	NA
chrX	134300000	134400000	0.0	NA
chrX	134400000	134500000	0.0	NA
chrX	134500000	134600000	0.0	NA
chrX	134600000	134700000	0.0	NA
chrX	134700000	134800000	0.0	NA
chrX	134800000	134900000	0.0	NA
chrX	134900000	135000000	0.0	NA
chrX	135000000	135100000	0.0	NA
chrX	135100000	135200000	0.0	NA
chrX	135200000	135300000	0.0	NA
chrX	135300000	135400000	0.0	NA
chrX	135400000	135500000	0.0	NA
chrX	135500000	135600000	0.0	NA
chrX	135600000	135700000	0.0	NA
chrX	135700000	135800000	0.0	NA
chrX	135800000	135900000	0.0	NA
chrX	135900000	136000000	0.0	NA
chrX	136000000	136100000	0.0	NA
chrX	136100000	136200000	0.0	NA
chrX	136200000	136300000	0.0	NA
chrX	136300000	136400000	0.0	NA
chrX	136400000	136500000	0.0	NA
chrX	136500000	136600000	0.0	NA
chrX	136600000	136700000	0.0	NA
chrX	136700000	136800000	0.00031584046504117556	2815
chrX	136800000	136900000	0.0004752242860085575	70269
chrX	136900000	137000000	0.00044702187662303054	83240
chrX	137000000	137100000	0.0006947751216727278	76557
chrX	137100000	137200000	0.00040532120032975386	69559
chrX	137200000	137300000	0.0004660397684672505	79877
chrX	137300000	137400000	0.0007218747597960107	70831
chrX	137400000	137500000	0.0005011247898331034	81591
chrX	137500000	137600000	0.00041030519686680375	80843
chrX	137600000	137700000	0.00014879175233157497	84750
chrX	137700000	137800000	0.00011370374427699274	11618
chrX	137800000	137900000	0.0	NA
chrX	137900000	138000000	0.0	NA
chrX	138000000	138100000	0.0	NA
chrX	138100000	138200000	0.0	NA
chrX	138200000	138300000	0.00045913344552550134	10876
chrX	138300000	138400000	0.0005635730010448571	82163
chrX	138400000	138500000	0.0008276036717557228	78737
chrX	138500000	138600000	0.0006596090567301061	73499
chrX	138600000	138700000	0.0004629706361702714	20843
chrX	138700000	138800000	0.00041594025869578106	8013
chrX	138800000	138900000	0.0002483265969504502	7085
chrX	138900000	139000000	0.0002537858991292668	63780
chrX	139000000	139100000	0.000630235436519648	42201
chrX	139100000	139200000	0.00045394458043174354	70268
chrX	139200000	139300000	0.0004251811509876022	78120
chrX	139300000	139400000	0.00027858363802826493	63957
chrX	139400000	139500000	0.00016848870274102182	76316
chrX	139500000	139600000	0.0002725584436549308	81907
chrX	139600000	139700000	0.0006652989432495088	85526
chrX	139700000	139800000	0.0004193387039277868	65512
chrX	139800000	139900000	0.0012382942699137992	34757
chrX	139900000	140000000	0.0007157268483923824	83458
chrX	140000000	140100000	0.0006487736665028264	63624
chrX	140100000	140200000	0.0	NA
chrX	140200000	140300000	0.0005367525472582483	65869
chrX	140300000	140400000	0.000824285149270567	53147
chrX	140400000	140500000	0.0007196547391340429	74746
chrX	140500000	140600000	0.0010110183973820349	45584
chrX	140600000	140700000	0.0	NA
chrX	140700000	140800000	0.000864023502060312	29666
chrX	140800000	140900000	0.0007231638696980399	73662
chrX	140900000	141000000	0.00047025869305852044	28070
chrX	141000000	141100000	0.001090885165201406	81059
chrX	141100000	141200000	0.0012128455558299627	81718
chrX	141200000	141300000	0.0011304972943081736	70325
chrX	141300000	141400000	0.0008947403326191213	79200
chrX	141400000	141500000	0.0007681376941360689	70039
chrX	141500000	141600000	0.0008528919297637579	72042
chrX	141600000	141700000	0.0008379461239487372	84230
chrX	141700000	141800000	0.0007260238398890623	81333
chrX	141800000	141900000	0.0005267212952918532	72238
chrX	141900000	142000000	0.0006291085564204999	74115
chrX	142000000	142100000	0.0006726797892154583	79354
chrX	142100000	142200000	0.0006436510897046762	82860
chrX	142200000	142300000	0.0007573099011874899	85677
chrX	142300000	142400000	0.0005344454764391753	83784
chrX	142400000	142500000	0.0007256899728000997	82097
chrX	142500000	142600000	0.0007392401984177682	79563
chrX	142600000	142700000	0.0009334388092806049	74762
chrX	142700000	142800000	0.0006808107327484083	70084
chrX	142800000	142900000	0.0007545147820798678	72483
chrX	142900000	143000000	0.0005292866032357788	83030
chrX	143000000	143100000	0.00033071748239462713	79689
chrX	143100000	143200000	0.00026613836544662616	50308
chrX	143200000	143300000	0.000576278309169476	3317
chrX	143300000	143400000	0.0013176082084008051	83346
chrX	143400000	143500000	0.0005546427042252706	80611
chrX	143500000	143600000	0.0007671699250488789	40018
chrX	143600000	143700000	0.0007855760827355136	85863
chrX	143700000	143800000	0.0009558982285138276	81404
chrX	143800000	143900000	0.0007341444534110144	84151
chrX	143900000	144000000	0.0006543426138212212	84696
chrX	144000000	144100000	0.0009273611644898457	86463
chrX	144100000	144200000	0.0007282464333055365	83878
chrX	144200000	144300000	0.0010895015712297268	85733
chrX	144300000	144400000	0.0005268422509801892	76908
chrX	144400000	144500000	0.0003021582961937692	76452
chrX	144500000	144600000	0.0006941766878710919	79929
chrX	144600000	144700000	0.000970263765392736	87538
chrX	144700000	144800000	0.0005392057177771472	87024
chrX	144800000	144900000	0.0006671243445687401	82454
chrX	144900000	145000000	0.0006928708670890319	75125
chrX	145000000	145100000	0.0007467418566743444	80131
chrX	145100000	145200000	0.0007764454874967777	78751
chrX	145200000	145300000	0.0005141018501240338	83307
chrX	145300000	145400000	0.0009835406904467178	76426
chrX	145400000	145500000	0.0006440143318242138	81886
chrX	145500000	145600000	0.001128374056411671	83363
chrX	145600000	145700000	0.0008659199328828033	88228
chrX	145700000	145800000	0.0005414960960524498	80064
chrX	145800000	145900000	0.0009063758977053768	62280
chrX	145900000	146000000	0.0009978270591727153	72931
chrX	146000000	146100000	0.0007762233286641695	83332
chrX	146100000	146200000	0.0006950232333435548	84928
chrX	146200000	146300000	0.0004325016276893602	65998
chrX	146300000	146400000	0.0005594062736919909	70707
chrX	146400000	146500000	0.0006152681663659162	79162
chrX	146500000	146600000	0.0005512188942000816	82920
chrX	146600000	146700000	0.0008665741329137613	88267
chrX	146700000	146800000	0.00046920373694739906	83557
chrX	146800000	146900000	0.0003635612210405045	90871
chrX	146900000	147000000	0.00038567867084440924	68753
chrX	147000000	147100000	0.00045026610187900485	20925
chrX	147100000	147200000	0.0006173994022778914	77770
chrX	147200000	147300000	0.0006022768448095287	69302
chrX	147300000	147400000	0.00046626585710285044	76285
chrX	147400000	147500000	0.000656062339707563	72248
chrX	147500000	147600000	0.00045850667643124404	71667
chrX	147600000	147700000	0.0	NA
chrX	147700000	147800000	0.0	NA
chrX	147800000	147900000	0.0	NA
chrX	147900000	148000000	0.0	NA
chrX	148000000	148100000	0.00042394843916491147	16561
chrX	148100000	148200000	0.0004328987560836587	86056
chrX	148200000	148300000	0.000222550898848745	74065
chrX	148300000	148400000	0.00043926689615490436	84756
chrX	148400000	148500000	0.0003105582914539185	79877
chrX	148500000	148600000	0.0005545088045224037	55149
chrX	148600000	148700000	0.00048359159470270566	12987
chrX	148700000	148800000	0.00040546201522217485	24016
chrX	148800000	148900000	0.0003959852627670557	32428
chrX	148900000	149000000	0.0002805557644267322	2418
chrX	149000000	149100000	2.771720248557413e-05	7879
chrX	149100000	149200000	0.00012148122519197693	11561
chrX	149200000	149300000	0.0001335913765341367	80591
chrX	149300000	149400000	0.0002915566713123084	80536
chrX	149400000	149500000	0.0003736533367060397	89618
chrX	149500000	149600000	0.000299816808978546	27724
chrX	149600000	149700000	0.0011421485590283544	13685
chrX	149700000	149800000	0.0005499887436382178	31273
chrX	149800000	149900000	0.0005775125242641454	17578
chrX	149900000	150000000	0.0005260526052605261	1010
chrX	150000000	150100000	0.0004140141491537673	25319
chrX	150100000	150200000	0.0007848976463851429	60222
chrX	150200000	150300000	0.0009305463236797352	75496
chrX	150300000	150400000	0.0008345400852414741	69505
chrX	150400000	150500000	0.0007385911768810409	78099
chrX	150500000	150600000	0.0006131109414174179	71549
chrX	150600000	150700000	0.0006179756598019251	78061
chrX	150700000	150800000	0.00026978616425671006	16602
chrX	150800000	150900000	0.0009204492624994719	38240
chrX	150900000	151000000	0.0006082316657114019	81420
chrX	151000000	151100000	0.0005856619027086209	77446
chrX	151100000	151200000	0.000443424385718206	62385
chrX	151200000	151300000	0.0006671942872626612	64938
chrX	151300000	151400000	0.0006617553792132653	26120
chrX	151400000	151500000	0.0	NA
chrX	151500000	151600000	0.0	NA
chrX	151600000	151700000	0.0	NA
chrX	151700000	151800000	0.0	NA
chrX	151800000	151900000	0.0	NA
chrX	151900000	152000000	0.0	NA
chrX	152000000	152100000	0.0	NA
chrX	152100000	152200000	0.0	NA
chrX	152200000	152300000	0.0	NA
chrX	152300000	152400000	0.0	NA
chrX	152400000	152500000	0.0	NA
chrX	152500000	152600000	0.0	NA
chrX	152600000	152700000	0.0	NA
chrX	152700000	152800000	0.0	NA
chrX	152800000	152900000	0.0	NA
chrX	152900000	153000000	0.0	NA
chrX	153000000	153100000	0.0	NA
chrX	153100000	153200000	0.0	NA
chrX	153200000	153300000	0.0	NA
chrX	153300000	153400000	0.0	NA
chrX	153400000	153500000	0.0	NA
chrX	153500000	153600000	0.0	NA
chrX	153600000	153700000	0.0	NA
chrX	153700000	153800000	0.0	NA
chrX	153800000	153900000	0.0	NA
chrX	153900000	154000000	0.0	NA
chrX	154000000	154100000	0.0	NA
chrX	154100000	154200000	0.0	NA
chrX	154200000	154300000	0.0	NA
chrX	154300000	154400000	0.0	NA
chrX	154400000	154500000	0.0	NA
chrX	154500000	154600000	0.0	NA
chrX	154600000	154700000	0.0	NA
chrX	154700000	154800000	0.0	NA
chrX	154800000	154900000	0.0	NA
chrX	154900000	155000000	0.0	NA
chrX	155000000	155100000	0.0	NA
chrX	155100000	155200000	0.0004656842782508381	19719
chrX	155200000	155270560	0.0008034818448367086	12695
