chrX	0	100000	0.0011773770535452777	1456
chrX	100000	200000	0.001334366526223544	4965
chrX	200000	300000	0.0034746600372112762	2964
chrX	300000	400000	0.001448595790999754	15533
chrX	400000	500000	0.0017302427483841356	29352
chrX	500000	600000	0.002244980922612051	30548
chrX	600000	700000	0.0017389761684219825	32131
chrX	700000	800000	0.0016482643921917554	42139
chrX	800000	900000	0.001185033891156145	28095
chrX	900000	1000000	0.001307622445905687	33413
chrX	1000000	1100000	0.0015476327833544874	10800
chrX	1100000	1200000	0.0	NA
chrX	1200000	1300000	0.001453815901341946	14837
chrX	1300000	1400000	0.0010586254466794307	11710
chrX	1400000	1500000	0.0016205800764721079	3621
chrX	1500000	1600000	0.0010240423878360872	5994
chrX	1600000	1700000	0.0013409887407526545	13016
chrX	1700000	1800000	0.001682401938351763	15723
chrX	1800000	1900000	0.0012294525290382412	33177
chrX	1900000	2000000	0.0011252149612903566	42559
chrX	2000000	2100000	0.0013348022934207128	27331
chrX	2100000	2200000	0.0018843048225934873	5654
chrX	2200000	2300000	0.0	NA
chrX	2300000	2400000	0.0	NA
chrX	2400000	2500000	0.001046413691378148	45281
chrX	2500000	2600000	0.0008752469459514392	31936
chrX	2600000	2700000	0.0011487575817809505	9973
chrX	2700000	2800000	0.0006705113880341438	6527
chrX	2800000	2900000	0.00041375656161392744	22760
chrX	2900000	3000000	0.00017507552852576426	18211
chrX	3000000	3100000	0.0008077162364953681	41962
chrX	3100000	3200000	0.0010967545243228234	67756
chrX	3200000	3300000	0.0013126041140448142	40676
chrX	3300000	3400000	0.0006991025293205987	66600
chrX	3400000	3500000	0.0007510303218709425	62692
chrX	3500000	3600000	0.0005044101739597598	14266
chrX	3600000	3700000	0.0011155693128746392	32614
chrX	3700000	3800000	0.0009675095038377951	21192
chrX	3800000	3900000	0.0008030796202174403	25561
chrX	3900000	4000000	0.0008152867643633953	78839
chrX	4000000	4100000	0.000611285622810865	79245
chrX	4100000	4200000	0.0010576634488423543	79718
chrX	4200000	4300000	0.00037724309923335583	84113
chrX	4300000	4400000	0.00025295136713081296	79369
chrX	4400000	4500000	0.0003538246683105235	77637
chrX	4500000	4600000	0.0007090669140894858	75731
chrX	4600000	4700000	0.0006612719965045165	73578
chrX	4700000	4800000	0.0007521382962117738	76081
chrX	4800000	4900000	0.0005328439961611495	77400
chrX	4900000	5000000	0.0007479789055116105	79951
chrX	5000000	5100000	0.0008525374561524223	74083
chrX	5100000	5200000	0.0006898807527384495	78953
chrX	5200000	5300000	0.0003316611398402306	81913
chrX	5300000	5400000	0.0006502325460009785	80640
chrX	5400000	5500000	0.0011735183137307223	79923
chrX	5500000	5600000	0.0009173021059250922	82766
chrX	5600000	5700000	0.0012306154523279537	76600
chrX	5700000	5800000	0.000898986141904871	79391
chrX	5800000	5900000	0.0003992646131151677	6848
chrX	5900000	6000000	0.0	NA
chrX	6000000	6100000	0.0	NA
chrX	6100000	6200000	0.0005580992664522278	40080
chrX	6200000	6300000	0.0005531333571190436	79340
chrX	6300000	6400000	0.0002996730122550707	81858
chrX	6400000	6500000	0.0003513394408363719	76866
chrX	6500000	6600000	0.0006037781078129587	79199
chrX	6600000	6700000	0.0005722434930624414	80898
chrX	6700000	6800000	0.0006310458977357361	84914
chrX	6800000	6900000	0.0007645487496074872	73474
chrX	6900000	7000000	0.00048098893539768976	30759
chrX	7000000	7100000	0.0	NA
chrX	7100000	7200000	0.0	NA
chrX	7200000	7300000	0.00017782002414652191	22227
chrX	7300000	7400000	0.00047545829639674276	85565
chrX	7400000	7500000	0.00028238547528897367	79549
chrX	7500000	7600000	0.00028407984279836833	81085
chrX	7600000	7700000	0.0005253450362379708	39189
chrX	7700000	7800000	0.00017098213251896281	88353
chrX	7800000	7900000	0.0007119112553648513	55024
chrX	7900000	8000000	0.00038524252781675373	79564
chrX	8000000	8100000	0.00048771676558597067	84815
chrX	8100000	8200000	0.000406056156285967	69704
chrX	8200000	8300000	0.0006948497007101251	83886
chrX	8300000	8400000	0.0007315089103336629	84731
chrX	8400000	8500000	0.0007567994319574066	60611
chrX	8500000	8600000	0.0	NA
chrX	8600000	8700000	0.0	NA
chrX	8700000	8800000	0.00041513512531706767	64184
chrX	8800000	8900000	0.0005726521635136264	92359
chrX	8900000	9000000	0.0005419238063244127	64487
chrX	9000000	9100000	0.0004554978620651753	81408
chrX	9100000	9200000	0.00026665689729666296	86934
chrX	9200000	9300000	0.0005952084442962818	81300
chrX	9300000	9400000	0.0007033625035675429	65299
chrX	9400000	9500000	0.0008059308501319024	22404
chrX	9500000	9600000	0.0	NA
chrX	9600000	9700000	0.0006378629194616072	5219
chrX	9700000	9800000	0.00046729556264664515	11848
chrX	9800000	9900000	0.0	NA
chrX	9900000	10000000	0.0004562264542762013	44001
chrX	10000000	10100000	0.0	NA
chrX	10100000	10200000	0.0007506095963266847	8765
chrX	10200000	10300000	0.0008820300982095604	29283
chrX	10300000	10400000	0.0	NA
chrX	10400000	10500000	0.0	NA
chrX	10500000	10600000	0.0	NA
chrX	10600000	10700000	0.0	NA
chrX	10700000	10800000	0.0	NA
chrX	10800000	10900000	0.0	NA
chrX	10900000	11000000	0.0	NA
chrX	11000000	11100000	0.0	NA
chrX	11100000	11200000	0.0	NA
chrX	11200000	11300000	0.0	NA
chrX	11300000	11400000	0.0	NA
chrX	11400000	11500000	0.0	NA
chrX	11500000	11600000	0.0	NA
chrX	11600000	11700000	0.0	NA
chrX	11700000	11800000	0.0	NA
chrX	11800000	11900000	0.0	NA
chrX	11900000	12000000	0.0	NA
chrX	12000000	12100000	0.0	NA
chrX	12100000	12200000	0.0	NA
chrX	12200000	12300000	0.0	NA
chrX	12300000	12400000	0.0	NA
chrX	12400000	12500000	0.0	NA
chrX	12500000	12600000	0.0	NA
chrX	12600000	12700000	0.0	NA
chrX	12700000	12800000	0.0006266296370326491	43811
chrX	12800000	12900000	0.0010066116750519075	25947
chrX	12900000	13000000	0.0008044419666446928	35930
chrX	13000000	13100000	0.000600352023692565	74039
chrX	13100000	13200000	0.00031392957431531157	80230
chrX	13200000	13300000	0.00034957255057611365	83862
chrX	13300000	13400000	0.0002201868943699373	73450
chrX	13400000	13500000	0.0006925295048073731	78761
chrX	13500000	13600000	0.0006737714839733401	74737
chrX	13600000	13700000	0.0005996626726280196	22874
chrX	13700000	13800000	0.000464524953976902	9371
chrX	13800000	13900000	0.0	NA
chrX	13900000	14000000	0.00042558523141269914	29364
chrX	14000000	14100000	0.00044402785872762237	65754
chrX	14100000	14200000	0.00045389871777580786	79481
chrX	14200000	14300000	0.00023397830133789534	74794
chrX	14300000	14400000	0.0004639684623392607	79874
chrX	14400000	14500000	0.00012671395622606987	80841
chrX	14500000	14600000	0.0002154051981483045	42635
chrX	14600000	14700000	0.0	NA
chrX	14700000	14800000	0.00028797885903960696	38657
chrX	14800000	14900000	0.0003155465152327395	48752
chrX	14900000	15000000	0.0006109557237854715	42771
chrX	15000000	15100000	0.00046348599161490144	80872
chrX	15100000	15200000	0.00040984287180324694	82204
chrX	15200000	15300000	0.0007332808213263883	58956
chrX	15300000	15400000	0.0005680290019078965	11373
chrX	15400000	15500000	0.0	NA
chrX	15500000	15600000	0.0002620587815217237	10123
chrX	15600000	15700000	0.0005202375842904677	13653
chrX	15700000	15800000	0.00028562851302826723	23510
chrX	15800000	15900000	0.0002812922558671669	26088
chrX	15900000	16000000	0.0003792427257347984	81552
chrX	16000000	16100000	0.00019605276337979064	82768
chrX	16100000	16200000	0.00047115733553456036	53837
chrX	16200000	16300000	0.0005726088506468499	72067
chrX	16300000	16400000	0.0004096359890780831	72354
chrX	16400000	16500000	0.0003562492327158277	84033
chrX	16500000	16600000	0.0006083346695149906	70365
chrX	16600000	16700000	2.5305188223721178e-05	3618
chrX	16700000	16800000	0.000423892128976743	12512
chrX	16800000	16900000	0.0004120126898766798	11521
chrX	16900000	17000000	0.000556754121967838	32283
chrX	17000000	17100000	0.0	NA
chrX	17100000	17200000	0.0	NA
chrX	17200000	17300000	0.0	NA
chrX	17300000	17400000	0.0	NA
chrX	17400000	17500000	0.0	NA
chrX	17500000	17600000	0.0	NA
chrX	17600000	17700000	0.0	NA
chrX	17700000	17800000	0.0	NA
chrX	17800000	17900000	0.0	NA
chrX	17900000	18000000	0.0	NA
chrX	18000000	18100000	0.0	NA
chrX	18100000	18200000	0.0	NA
chrX	18200000	18300000	0.0	NA
chrX	18300000	18400000	0.0	NA
chrX	18400000	18500000	0.0	NA
chrX	18500000	18600000	0.0	NA
chrX	18600000	18700000	0.0	NA
chrX	18700000	18800000	0.0	NA
chrX	18800000	18900000	0.00024058654394617084	32737
chrX	18900000	19000000	0.00015675109379799195	7954
chrX	19000000	19100000	6.248358018972804e-05	4116
chrX	19100000	19200000	0.0003147303374078083	39110
chrX	19200000	19300000	0.0001393111968139844	73116
chrX	19300000	19400000	7.890515377200123e-05	2790
chrX	19400000	19500000	0.0	NA
chrX	19500000	19600000	0.0	NA
chrX	19600000	19700000	0.0	NA
chrX	19700000	19800000	0.0	NA
chrX	19800000	19900000	0.0	NA
chrX	19900000	20000000	0.0	NA
chrX	20000000	20100000	0.0	NA
chrX	20100000	20200000	0.0	NA
chrX	20200000	20300000	0.0	NA
chrX	20300000	20400000	0.0	NA
chrX	20400000	20500000	0.0	NA
chrX	20500000	20600000	0.0	NA
chrX	20600000	20700000	0.0	NA
chrX	20700000	20800000	0.0	NA
chrX	20800000	20900000	0.0	NA
chrX	20900000	21000000	0.0	NA
chrX	21000000	21100000	0.0	NA
chrX	21100000	21200000	0.0	NA
chrX	21200000	21300000	0.0	NA
chrX	21300000	21400000	0.0	NA
chrX	21400000	21500000	0.0	NA
chrX	21500000	21600000	0.0	NA
chrX	21600000	21700000	0.0	NA
chrX	21700000	21800000	0.0	NA
chrX	21800000	21900000	0.0	NA
chrX	21900000	22000000	0.0	NA
chrX	22000000	22100000	0.0	NA
chrX	22100000	22200000	0.0	NA
chrX	22200000	22300000	0.0	NA
chrX	22300000	22400000	0.0	NA
chrX	22400000	22500000	0.0	NA
chrX	22500000	22600000	0.0	NA
chrX	22600000	22700000	0.0	NA
chrX	22700000	22800000	0.0	NA
chrX	22800000	22900000	0.0	NA
chrX	22900000	23000000	0.0	NA
chrX	23000000	23100000	0.0	NA
chrX	23100000	23200000	0.0	NA
chrX	23200000	23300000	0.0	NA
chrX	23300000	23400000	0.00047943156576449813	38178
chrX	23400000	23500000	0.00045943266357500426	60203
chrX	23500000	23600000	0.0003934185563452466	72295
chrX	23600000	23700000	0.0008512376234513223	61975
chrX	23700000	23800000	0.0011177485460158888	25799
chrX	23800000	23900000	0.0004859345461629986	25641
chrX	23900000	24000000	0.00047759815749411674	23844
chrX	24000000	24100000	0.00029655616836830206	10384
chrX	24100000	24200000	0.0005559177270623914	32863
chrX	24200000	24300000	0.0007117017978346093	44739
chrX	24300000	24400000	0.00023723179857591554	68865
chrX	24400000	24500000	0.0004578246020541358	63323
chrX	24500000	24600000	0.00040469640183572774	6730
chrX	24600000	24700000	0.00011983657499776367	7120
chrX	24700000	24800000	0.00012137796827255343	8397
chrX	24800000	24900000	0.0	NA
chrX	24900000	25000000	0.0	NA
chrX	25000000	25100000	0.00024499095840159127	56512
chrX	25100000	25200000	0.00024129700437576247	78985
chrX	25200000	25300000	0.00035029067496363355	85156
chrX	25300000	25400000	0.0002494793821143765	65743
chrX	25400000	25500000	0.0003290767216767963	80410
chrX	25500000	25600000	0.0005894399452431653	86307
chrX	25600000	25700000	0.0005579302169106708	91717
chrX	25700000	25800000	0.0007853096607165807	79346
chrX	25800000	25900000	0.0004674093605194264	84625
chrX	25900000	26000000	0.0005767861142573009	75396
chrX	26000000	26100000	0.00046236734257668256	81360
chrX	26100000	26200000	0.0005244587978143338	73080
chrX	26200000	26300000	0.0004255216251724862	74608
chrX	26300000	26400000	0.0003733791712555259	71017
chrX	26400000	26500000	0.00024542939746706243	84539
chrX	26500000	26600000	0.000226390196710144	75100
chrX	26600000	26700000	0.00037169095965418315	85836
chrX	26700000	26800000	0.000482729208426741	81441
chrX	26800000	26900000	0.0006683504704714628	85563
chrX	26900000	27000000	0.0007102005327636333	86586
chrX	27000000	27100000	0.0004917780376494943	78634
chrX	27100000	27200000	0.0006322702296591298	75843
chrX	27200000	27300000	0.0006054365511310727	81114
chrX	27300000	27400000	0.0007508659697984706	74297
chrX	27400000	27500000	0.0008917956393627756	78903
chrX	27500000	27600000	0.0006934526994275034	75188
chrX	27600000	27700000	0.00041972412841159625	82222
chrX	27700000	27800000	0.0005100688025898578	81185
chrX	27800000	27900000	0.00024335635483216148	75740
chrX	27900000	28000000	0.00013702577440081635	83629
chrX	28000000	28100000	0.00043436065201328815	87563
chrX	28100000	28200000	0.00033061868036671113	80671
chrX	28200000	28300000	0.0004451557852238542	83213
chrX	28300000	28400000	0.00021116935250455718	81454
chrX	28400000	28500000	0.0005384755544767294	74206
chrX	28500000	28600000	0.0003533461957771933	79862
chrX	28600000	28700000	0.0003476735126406367	5532
chrX	28700000	28800000	0.0	NA
chrX	28800000	28900000	0.0	NA
chrX	28900000	29000000	0.0	NA
chrX	29000000	29100000	0.0	NA
chrX	29100000	29200000	0.0	NA
chrX	29200000	29300000	0.0	NA
chrX	29300000	29400000	0.0	NA
chrX	29400000	29500000	0.0	NA
chrX	29500000	29600000	0.0	NA
chrX	29600000	29700000	0.0	NA
chrX	29700000	29800000	0.0	NA
chrX	29800000	29900000	0.0	NA
chrX	29900000	30000000	0.00011916361021440855	17886
chrX	30000000	30100000	0.0002539112543279018	75211
chrX	30100000	30200000	0.0005251774311784687	82088
chrX	30200000	30300000	0.0006584453678059691	68485
chrX	30300000	30400000	0.0005824529395456395	77006
chrX	30400000	30500000	0.0005217461208243956	81302
chrX	30500000	30600000	0.00043276723789011806	61425
chrX	30600000	30700000	0.0004358517284263947	46509
chrX	30700000	30800000	0.0005152410302653583	29646
chrX	30800000	30900000	0.00022596083776363774	20458
chrX	30900000	31000000	0.0006000226140267094	81314
chrX	31000000	31100000	0.00047903299302619773	79204
chrX	31100000	31200000	0.00013186356574432768	32605
chrX	31200000	31300000	0.0	NA
chrX	31300000	31400000	0.0	NA
chrX	31400000	31500000	0.0	NA
chrX	31500000	31600000	0.0	NA
chrX	31600000	31700000	0.0	NA
chrX	31700000	31800000	0.0	NA
chrX	31800000	31900000	0.0	NA
chrX	31900000	32000000	0.0	NA
chrX	32000000	32100000	0.0	NA
chrX	32100000	32200000	0.0	NA
chrX	32200000	32300000	0.0	NA
chrX	32300000	32400000	0.0	NA
chrX	32400000	32500000	0.0	NA
chrX	32500000	32600000	0.0	NA
chrX	32600000	32700000	0.0	NA
chrX	32700000	32800000	0.0	NA
chrX	32800000	32900000	0.0	NA
chrX	32900000	33000000	0.0	NA
chrX	33000000	33100000	0.0	NA
chrX	33100000	33200000	0.0	NA
chrX	33200000	33300000	0.0	NA
chrX	33300000	33400000	0.0006011108814847136	32560
chrX	33400000	33500000	0.00029112092220615646	84705
chrX	33500000	33600000	0.0005715621263965339	81055
chrX	33600000	33700000	0.0006237942535726831	84563
chrX	33700000	33800000	0.0004988244959717612	84785
chrX	33800000	33900000	0.0006854666672673274	85057
chrX	33900000	34000000	0.0007033265800537088	84549
chrX	34000000	34100000	0.00058897550566176	91089
chrX	34100000	34200000	0.0006017373450789724	76290
chrX	34200000	34300000	0.0007361706697279216	83539
chrX	34300000	34400000	0.0005471415418179214	84866
chrX	34400000	34500000	0.000703241919305841	74386
chrX	34500000	34600000	0.00045879191122782736	83698
chrX	34600000	34700000	0.0002946335655780067	62606
chrX	34700000	34800000	0.0003573196549380952	85644
chrX	34800000	34900000	0.00040375932322072206	79295
chrX	34900000	35000000	0.0005463077931315744	85031
chrX	35000000	35100000	0.000508929377338557	84520
chrX	35100000	35200000	0.00021822279459934076	83989
chrX	35200000	35300000	0.00026259513338561686	82838
chrX	35300000	35400000	0.0004370058513932183	83294
chrX	35400000	35500000	0.0003419054368614013	83693
chrX	35500000	35600000	0.0003599224616975545	79453
chrX	35600000	35700000	0.0005228865944577295	72509
chrX	35700000	35800000	0.00024412024840287752	87814
chrX	35800000	35900000	0.0008032069798553028	79834
chrX	35900000	36000000	0.0002731667199626846	28989
chrX	36000000	36100000	0.0	NA
chrX	36100000	36200000	0.0	NA
chrX	36200000	36300000	0.0	NA
chrX	36300000	36400000	0.0	NA
chrX	36400000	36500000	0.00031893118949862523	31231
chrX	36500000	36600000	0.0001025064760981865	87048
chrX	36600000	36700000	0.0006563328875199868	84166
chrX	36700000	36800000	0.0003956688266822475	83505
chrX	36800000	36900000	0.000402633449663743	90691
chrX	36900000	37000000	0.00026432622281043504	78143
chrX	37000000	37100000	0.00012678473081817874	51870
chrX	37100000	37200000	0.00013221217622863307	38644
chrX	37200000	37300000	0.00025062041182068856	8119
chrX	37300000	37400000	4.151195511067328e-05	41133
chrX	37400000	37500000	2.2513507608946016e-05	13968
chrX	37500000	37600000	0.00017394412649739363	15052
chrX	37600000	37700000	0.0002792968690535816	49342
chrX	37700000	37800000	0.00015816924059235363	78306
chrX	37800000	37900000	0.0006003072517643766	53127
chrX	37900000	38000000	0.0003156902488169435	11123
chrX	38000000	38100000	0.0004614840632085842	25187
chrX	38100000	38200000	0.0005412738479678149	33111
chrX	38200000	38300000	0.000880578284912029	25710
chrX	38300000	38400000	0.00020223082623727857	39860
chrX	38400000	38500000	0.0	NA
chrX	38500000	38600000	0.0	NA
chrX	38600000	38700000	0.0	NA
chrX	38700000	38800000	0.0	NA
chrX	38800000	38900000	0.0	NA
chrX	38900000	39000000	0.0	NA
chrX	39000000	39100000	0.0	NA
chrX	39100000	39200000	0.0	NA
chrX	39200000	39300000	0.0	NA
chrX	39300000	39400000	0.0	NA
chrX	39400000	39500000	0.0	NA
chrX	39500000	39600000	0.0	NA
chrX	39600000	39700000	0.0	NA
chrX	39700000	39800000	0.0	NA
chrX	39800000	39900000	0.0	NA
chrX	39900000	40000000	0.0	NA
chrX	40000000	40100000	0.0	NA
chrX	40100000	40200000	0.0	NA
chrX	40200000	40300000	0.0	NA
chrX	40300000	40400000	0.0	NA
chrX	40400000	40500000	0.0	NA
chrX	40500000	40600000	0.0	NA
chrX	40600000	40700000	0.0	NA
chrX	40700000	40800000	0.0	NA
chrX	40800000	40900000	0.0	NA
chrX	40900000	41000000	0.0	NA
chrX	41000000	41100000	0.0	NA
chrX	41100000	41200000	0.0	NA
chrX	41200000	41300000	0.0011913144966864038	12017
chrX	41300000	41400000	0.0008187840582816764	25399
chrX	41400000	41500000	0.0	NA
chrX	41500000	41600000	0.0	NA
chrX	41600000	41700000	0.0	NA
chrX	41700000	41800000	0.00013821184002700893	14731
chrX	41800000	41900000	0.0001997722785418868	80598
chrX	41900000	42000000	0.0004460640254793301	88976
chrX	42000000	42100000	0.00035119527681969515	79880
chrX	42100000	42200000	0.00027688371625162475	79572
chrX	42200000	42300000	0.00015137104592544975	80006
chrX	42300000	42400000	0.00013645158161405547	83348
chrX	42400000	42500000	0.0001259800677664915	81275
chrX	42500000	42600000	0.0003762479000192743	79932
chrX	42600000	42700000	0.000340134381168343	81058
chrX	42700000	42800000	0.0004430715408303433	79569
chrX	42800000	42900000	0.0005420796569943613	84428
chrX	42900000	43000000	0.00039508166185216415	89394
chrX	43000000	43100000	0.0002804898522085568	44692
chrX	43100000	43200000	0.00019568376857350615	76557
chrX	43200000	43300000	0.00021097840951186893	86165
chrX	43300000	43400000	0.00026195415554635217	85402
chrX	43400000	43500000	0.0003687180095248443	77829
chrX	43500000	43600000	0.00036128949680351547	9768
chrX	43600000	43700000	0.00015091936098392915	17236
chrX	43700000	43800000	0.00010818556245079702	48087
chrX	43800000	43900000	0.00037140290078988177	61576
chrX	43900000	44000000	0.00034266706065648196	82612
chrX	44000000	44100000	0.00025714110710841606	6075
chrX	44100000	44200000	0.0	NA
chrX	44200000	44300000	0.0007247964976867833	68152
chrX	44300000	44400000	0.000499776433135254	50725
chrX	44400000	44500000	0.0006568165297941381	45746
chrX	44500000	44600000	0.0004430361914421982	61365
chrX	44600000	44700000	0.00047748914969192167	47804
chrX	44700000	44800000	0.00014361678033247922	18821
chrX	44800000	44900000	0.0	NA
chrX	44900000	45000000	0.00021060310263775218	21963
chrX	45000000	45100000	0.0006997172969201398	38914
chrX	45100000	45200000	0.00037902059762950934	85322
chrX	45200000	45300000	0.0006066972250105843	85326
chrX	45300000	45400000	0.0003796899821712443	61223
chrX	45400000	45500000	0.0001426021781557147	84098
chrX	45500000	45600000	0.00036852083684308566	76303
chrX	45600000	45700000	0.0003629161011878341	84474
chrX	45700000	45800000	0.00029390049384470497	74446
chrX	45800000	45900000	0.0004306039593669035	78444
chrX	45900000	46000000	0.00023364405431058698	21486
chrX	46000000	46100000	0.0	NA
chrX	46100000	46200000	0.0	NA
chrX	46200000	46300000	0.0	NA
chrX	46300000	46400000	0.0	NA
chrX	46400000	46500000	0.0	NA
chrX	46500000	46600000	0.0	NA
chrX	46600000	46700000	0.0	NA
chrX	46700000	46800000	0.0	NA
chrX	46800000	46900000	0.0	NA
chrX	46900000	47000000	0.0	NA
chrX	47000000	47100000	0.0	NA
chrX	47100000	47200000	0.0	NA
chrX	47200000	47300000	0.0	NA
chrX	47300000	47400000	0.0	NA
chrX	47400000	47500000	0.0	NA
chrX	47500000	47600000	0.0	NA
chrX	47600000	47700000	0.0	NA
chrX	47700000	47800000	0.0	NA
chrX	47800000	47900000	0.0	NA
chrX	47900000	48000000	0.0	NA
chrX	48000000	48100000	0.0	NA
chrX	48100000	48200000	0.0	NA
chrX	48200000	48300000	0.0	NA
chrX	48300000	48400000	0.0	NA
chrX	48400000	48500000	0.0	NA
chrX	48500000	48600000	0.0	NA
chrX	48600000	48700000	0.0	NA
chrX	48700000	48800000	0.0	NA
chrX	48800000	48900000	0.0	NA
chrX	48900000	49000000	0.0	NA
chrX	49000000	49100000	0.0	NA
chrX	49100000	49200000	0.0	NA
chrX	49200000	49300000	0.0	NA
chrX	49300000	49400000	0.0	NA
chrX	49400000	49500000	0.0	NA
chrX	49500000	49600000	0.0	NA
chrX	49600000	49700000	0.0	NA
chrX	49700000	49800000	0.0	NA
chrX	49800000	49900000	0.0	NA
chrX	49900000	50000000	0.0	NA
chrX	50000000	50100000	0.0	NA
chrX	50100000	50200000	0.0	NA
chrX	50200000	50300000	0.0	NA
chrX	50300000	50400000	0.0	NA
chrX	50400000	50500000	0.0	NA
chrX	50500000	50600000	0.0	NA
chrX	50600000	50700000	0.0	NA
chrX	50700000	50800000	0.0	NA
chrX	50800000	50900000	0.0	NA
chrX	50900000	51000000	0.0	NA
chrX	51000000	51100000	0.0	NA
chrX	51100000	51200000	0.0	NA
chrX	51200000	51300000	0.0	NA
chrX	51300000	51400000	0.0	NA
chrX	51400000	51500000	0.0	NA
chrX	51500000	51600000	0.0	NA
chrX	51600000	51700000	0.0	NA
chrX	51700000	51800000	0.0	NA
chrX	51800000	51900000	0.0	NA
chrX	51900000	52000000	0.0	NA
chrX	52000000	52100000	0.0	NA
chrX	52100000	52200000	0.0	NA
chrX	52200000	52300000	0.0	NA
chrX	52300000	52400000	0.0	NA
chrX	52400000	52500000	0.0	NA
chrX	52500000	52600000	0.0	NA
chrX	52600000	52700000	0.0	NA
chrX	52700000	52800000	0.0	NA
chrX	52800000	52900000	0.0	NA
chrX	52900000	53000000	0.0	NA
chrX	53000000	53100000	0.0	NA
chrX	53100000	53200000	0.0	NA
chrX	53200000	53300000	0.0	NA
chrX	53300000	53400000	0.0	NA
chrX	53400000	53500000	0.0	NA
chrX	53500000	53600000	0.0	NA
chrX	53600000	53700000	0.0	NA
chrX	53700000	53800000	0.0	NA
chrX	53800000	53900000	0.0	NA
chrX	53900000	54000000	0.0	NA
chrX	54000000	54100000	0.0	NA
chrX	54100000	54200000	0.0	NA
chrX	54200000	54300000	0.0	NA
chrX	54300000	54400000	0.0	NA
chrX	54400000	54500000	0.0	NA
chrX	54500000	54600000	0.0	NA
chrX	54600000	54700000	0.0	NA
chrX	54700000	54800000	0.0	NA
chrX	54800000	54900000	0.0	NA
chrX	54900000	55000000	0.0	NA
chrX	55000000	55100000	0.0	NA
chrX	55100000	55200000	0.0	NA
chrX	55200000	55300000	0.0	NA
chrX	55300000	55400000	0.0	NA
chrX	55400000	55500000	0.0	NA
chrX	55500000	55600000	0.0	NA
chrX	55600000	55700000	0.0	NA
chrX	55700000	55800000	0.0	NA
chrX	55800000	55900000	0.0	NA
chrX	55900000	56000000	0.0	NA
chrX	56000000	56100000	0.0	NA
chrX	56100000	56200000	0.0	NA
chrX	56200000	56300000	0.0	NA
chrX	56300000	56400000	0.0	NA
chrX	56400000	56500000	0.0	NA
chrX	56500000	56600000	0.0	NA
chrX	56600000	56700000	0.0	NA
chrX	56700000	56800000	0.0	NA
chrX	56800000	56900000	0.0	NA
chrX	56900000	57000000	0.0	NA
chrX	57000000	57100000	0.0	NA
chrX	57100000	57200000	0.0	NA
chrX	57200000	57300000	0.0	NA
chrX	57300000	57400000	0.0	NA
chrX	57400000	57500000	0.0	NA
chrX	57500000	57600000	0.0	NA
chrX	57600000	57700000	0.0	NA
chrX	57700000	57800000	0.0	NA
chrX	57800000	57900000	0.0	NA
chrX	57900000	58000000	0.0	NA
chrX	58000000	58100000	0.0	NA
chrX	58100000	58200000	0.0	NA
chrX	58200000	58300000	0.0	NA
chrX	58300000	58400000	0.0	NA
chrX	58400000	58500000	0.0	NA
chrX	58500000	58600000	0.0	NA
chrX	58600000	58700000	0.0	NA
chrX	58700000	58800000	0.0	NA
chrX	58800000	58900000	0.0	NA
chrX	58900000	59000000	0.0	NA
chrX	59000000	59100000	0.0	NA
chrX	59100000	59200000	0.0	NA
chrX	59200000	59300000	0.0	NA
chrX	59300000	59400000	0.0	NA
chrX	59400000	59500000	0.0	NA
chrX	59500000	59600000	0.0	NA
chrX	59600000	59700000	0.0	NA
chrX	59700000	59800000	0.0	NA
chrX	59800000	59900000	0.0	NA
chrX	59900000	60000000	0.0	NA
chrX	60000000	60100000	0.0	NA
chrX	60100000	60200000	0.0	NA
chrX	60200000	60300000	0.0	NA
chrX	60300000	60400000	0.0	NA
chrX	60400000	60500000	0.0	NA
chrX	60500000	60600000	0.0	NA
chrX	60600000	60700000	0.0	NA
chrX	60700000	60800000	0.0	NA
chrX	60800000	60900000	0.0	NA
chrX	60900000	61000000	0.0	NA
chrX	61000000	61100000	0.0	NA
chrX	61100000	61200000	0.0	NA
chrX	61200000	61300000	0.0	NA
chrX	61300000	61400000	0.0	NA
chrX	61400000	61500000	0.0	NA
chrX	61500000	61600000	0.0	NA
chrX	61600000	61700000	0.0	NA
chrX	61700000	61800000	0.0	NA
chrX	61800000	61900000	0.0	NA
chrX	61900000	62000000	0.0	NA
chrX	62000000	62100000	0.0	NA
chrX	62100000	62200000	0.0	NA
chrX	62200000	62300000	0.0	NA
chrX	62300000	62400000	0.0	NA
chrX	62400000	62500000	0.0	NA
chrX	62500000	62600000	0.0	NA
chrX	62600000	62700000	0.0	NA
chrX	62700000	62800000	0.0	NA
chrX	62800000	62900000	0.0	NA
chrX	62900000	63000000	0.0	NA
chrX	63000000	63100000	0.0	NA
chrX	63100000	63200000	0.0	NA
chrX	63200000	63300000	0.0	NA
chrX	63300000	63400000	0.0	NA
chrX	63400000	63500000	0.0	NA
chrX	63500000	63600000	0.0	NA
chrX	63600000	63700000	0.0	NA
chrX	63700000	63800000	0.0	NA
chrX	63800000	63900000	0.0	NA
chrX	63900000	64000000	0.0	NA
chrX	64000000	64100000	0.0	NA
chrX	64100000	64200000	0.0	NA
chrX	64200000	64300000	0.0	NA
chrX	64300000	64400000	0.0	NA
chrX	64400000	64500000	0.0	NA
chrX	64500000	64600000	0.0	NA
chrX	64600000	64700000	0.0	NA
chrX	64700000	64800000	0.0	NA
chrX	64800000	64900000	0.0	NA
chrX	64900000	65000000	0.0	NA
chrX	65000000	65100000	0.0	NA
chrX	65100000	65200000	0.0	NA
chrX	65200000	65300000	0.0	NA
chrX	65300000	65400000	0.0	NA
chrX	65400000	65500000	0.0	NA
chrX	65500000	65600000	0.0	NA
chrX	65600000	65700000	0.0	NA
chrX	65700000	65800000	0.0	NA
chrX	65800000	65900000	0.0	NA
chrX	65900000	66000000	0.0	NA
chrX	66000000	66100000	0.0	NA
chrX	66100000	66200000	0.0	NA
chrX	66200000	66300000	0.0	NA
chrX	66300000	66400000	0.0	NA
chrX	66400000	66500000	0.0	NA
chrX	66500000	66600000	0.0	NA
chrX	66600000	66700000	0.0	NA
chrX	66700000	66800000	0.0	NA
chrX	66800000	66900000	0.0	NA
chrX	66900000	67000000	0.0	NA
chrX	67000000	67100000	0.0	NA
chrX	67100000	67200000	0.0	NA
chrX	67200000	67300000	0.0	NA
chrX	67300000	67400000	0.0	NA
chrX	67400000	67500000	0.0	NA
chrX	67500000	67600000	0.0	NA
chrX	67600000	67700000	0.0	NA
chrX	67700000	67800000	0.0	NA
chrX	67800000	67900000	0.0	NA
chrX	67900000	68000000	0.0	NA
chrX	68000000	68100000	0.0	NA
chrX	68100000	68200000	0.0	NA
chrX	68200000	68300000	0.0	NA
chrX	68300000	68400000	0.0	NA
chrX	68400000	68500000	0.0	NA
chrX	68500000	68600000	0.0	NA
chrX	68600000	68700000	0.0	NA
chrX	68700000	68800000	0.0	NA
chrX	68800000	68900000	0.0	NA
chrX	68900000	69000000	0.0	NA
chrX	69000000	69100000	0.0	NA
chrX	69100000	69200000	0.0	NA
chrX	69200000	69300000	0.0	NA
chrX	69300000	69400000	0.0	NA
chrX	69400000	69500000	0.0	NA
chrX	69500000	69600000	0.0	NA
chrX	69600000	69700000	0.0	NA
chrX	69700000	69800000	0.0	NA
chrX	69800000	69900000	0.0	NA
chrX	69900000	70000000	0.0	NA
chrX	70000000	70100000	0.0	NA
chrX	70100000	70200000	0.0	NA
chrX	70200000	70300000	0.0	NA
chrX	70300000	70400000	0.0	NA
chrX	70400000	70500000	0.0	NA
chrX	70500000	70600000	0.0	NA
chrX	70600000	70700000	0.0	NA
chrX	70700000	70800000	0.0	NA
chrX	70800000	70900000	0.0	NA
chrX	70900000	71000000	0.0	NA
chrX	71000000	71100000	0.0	NA
chrX	71100000	71200000	0.0	NA
chrX	71200000	71300000	0.0	NA
chrX	71300000	71400000	0.0	NA
chrX	71400000	71500000	0.0	NA
chrX	71500000	71600000	0.0	NA
chrX	71600000	71700000	0.0	NA
chrX	71700000	71800000	0.0	NA
chrX	71800000	71900000	0.0	NA
chrX	71900000	72000000	0.0	NA
chrX	72000000	72100000	0.0	NA
chrX	72100000	72200000	0.0	NA
chrX	72200000	72300000	0.0	NA
chrX	72300000	72400000	0.0	NA
chrX	72400000	72500000	0.0	NA
chrX	72500000	72600000	0.0	NA
chrX	72600000	72700000	0.0	NA
chrX	72700000	72800000	0.0	NA
chrX	72800000	72900000	0.0	NA
chrX	72900000	73000000	0.0	NA
chrX	73000000	73100000	0.0	NA
chrX	73100000	73200000	0.0	NA
chrX	73200000	73300000	0.0	NA
chrX	73300000	73400000	0.0	NA
chrX	73400000	73500000	0.0	NA
chrX	73500000	73600000	0.0	NA
chrX	73600000	73700000	0.0	NA
chrX	73700000	73800000	0.0	NA
chrX	73800000	73900000	0.0	NA
chrX	73900000	74000000	0.0	NA
chrX	74000000	74100000	0.0	NA
chrX	74100000	74200000	0.0	NA
chrX	74200000	74300000	0.0	NA
chrX	74300000	74400000	0.0	NA
chrX	74400000	74500000	0.0	NA
chrX	74500000	74600000	0.0	NA
chrX	74600000	74700000	0.0	NA
chrX	74700000	74800000	0.0	NA
chrX	74800000	74900000	0.0	NA
chrX	74900000	75000000	0.0	NA
chrX	75000000	75100000	0.0	NA
chrX	75100000	75200000	0.0	NA
chrX	75200000	75300000	0.0	NA
chrX	75300000	75400000	0.0	NA
chrX	75400000	75500000	0.0	NA
chrX	75500000	75600000	0.0	NA
chrX	75600000	75700000	0.0	NA
chrX	75700000	75800000	0.0	NA
chrX	75800000	75900000	0.0	NA
chrX	75900000	76000000	0.0	NA
chrX	76000000	76100000	0.0	NA
chrX	76100000	76200000	0.0	NA
chrX	76200000	76300000	0.0	NA
chrX	76300000	76400000	0.0	NA
chrX	76400000	76500000	0.0	NA
chrX	76500000	76600000	0.0	NA
chrX	76600000	76700000	0.0	NA
chrX	76700000	76800000	0.0	NA
chrX	76800000	76900000	0.0	NA
chrX	76900000	77000000	0.0	NA
chrX	77000000	77100000	0.0	NA
chrX	77100000	77200000	0.0	NA
chrX	77200000	77300000	0.0	NA
chrX	77300000	77400000	0.0	NA
chrX	77400000	77500000	0.0	NA
chrX	77500000	77600000	0.0	NA
chrX	77600000	77700000	0.0	NA
chrX	77700000	77800000	0.0	NA
chrX	77800000	77900000	0.0	NA
chrX	77900000	78000000	0.0005462111822358035	37998
chrX	78000000	78100000	0.000515191546685537	69973
chrX	78100000	78200000	0.000295086275539181	76470
chrX	78200000	78300000	0.00048424580566503134	56319
chrX	78300000	78400000	0.0004348571690852401	79018
chrX	78400000	78500000	0.0008109903548466622	76906
chrX	78500000	78600000	0.0008232265292852306	80798
chrX	78600000	78700000	0.0008391240604161852	72185
chrX	78700000	78800000	0.0005104246676593497	72233
chrX	78800000	78900000	0.000710512654162297	85322
chrX	78900000	79000000	0.0007597014369704149	71153
chrX	79000000	79100000	0.0006633663981229924	74574
chrX	79100000	79200000	0.0013669711114198799	68742
chrX	79200000	79300000	0.0014975956659130098	57453
chrX	79300000	79400000	0.0006211254139922888	71543
chrX	79400000	79500000	0.0006906350464269479	56673
chrX	79500000	79600000	0.0	185
chrX	79600000	79700000	0.0	NA
chrX	79700000	79800000	0.00027705513420293176	70979
chrX	79800000	79900000	0.0002728527718718126	69882
chrX	79900000	80000000	0.00029082624630909595	17079
chrX	80000000	80100000	0.00031332538706057265	22051
chrX	80100000	80200000	0.0004788452848937277	64438
chrX	80200000	80300000	0.0005642164048979961	60867
chrX	80300000	80400000	0.00041910870269452774	49662
chrX	80400000	80500000	0.0	NA
chrX	80500000	80600000	0.0005122020686374944	32793
chrX	80600000	80700000	0.0005526836516289142	87081
chrX	80700000	80800000	0.001126896137218116	78084
chrX	80800000	80900000	0.000678818178163099	82390
chrX	80900000	81000000	0.0004736772684493353	71089
chrX	81000000	81100000	0.0006853561385460759	65405
chrX	81100000	81200000	0.0006595990650828474	81176
chrX	81200000	81300000	0.00034438165942054263	71634
chrX	81300000	81400000	0.0006397184717684902	84901
chrX	81400000	81500000	0.00015083347723493864	80220
chrX	81500000	81600000	0.00012465808069295648	87904
chrX	81600000	81700000	0.00044747280412677767	80926
chrX	81700000	81800000	0.0006695979779903823	75521
chrX	81800000	81900000	0.000777959699643863	78503
chrX	81900000	82000000	0.0005245714216452551	79390
chrX	82000000	82100000	0.0007712769673287807	70360
chrX	82100000	82200000	0.0005219958430716699	82185
chrX	82200000	82300000	0.0008110889296486726	80752
chrX	82300000	82400000	0.00039863644637857767	75059
chrX	82400000	82500000	0.00030385171824478255	81344
chrX	82500000	82600000	0.00015161389377093775	77677
chrX	82600000	82700000	0.0003856552817024947	70306
chrX	82700000	82800000	0.00025116821929599355	86482
chrX	82800000	82900000	0.0003768371293758887	73797
chrX	82900000	83000000	0.00039939150530719184	65746
chrX	83000000	83100000	0.0001995814934653629	71216
chrX	83100000	83200000	0.00020293269467508407	61184
chrX	83200000	83300000	0.00035181036807856343	77716
chrX	83300000	83400000	0.0003607341627470043	10199
chrX	83400000	83500000	0.0003287668563486005	50376
chrX	83500000	83600000	0.0006496321010212875	55116
chrX	83600000	83700000	0.0	NA
chrX	83700000	83800000	0.0013754252598635014	35573
chrX	83800000	83900000	0.0007212542223177097	72500
chrX	83900000	84000000	0.00041773050434728095	82759
chrX	84000000	84100000	0.0007104042952062036	76378
chrX	84100000	84200000	0.0006342198775304574	62829
chrX	84200000	84300000	0.0006944780235329753	33244
chrX	84300000	84400000	0.0006804928981050978	26706
chrX	84400000	84500000	0.00032100604167898663	70104
chrX	84500000	84600000	0.00026185393296948936	3887
chrX	84600000	84700000	0.00015161778873734846	46655
chrX	84700000	84800000	0.0002427610366401784	83194
chrX	84800000	84900000	0.000985797015530682	74517
chrX	84900000	85000000	0.0011487909775340472	65222
chrX	85000000	85100000	0.0007980951380638678	68020
chrX	85100000	85200000	0.000497585730432512	12413
chrX	85200000	85300000	0.0	NA
chrX	85300000	85400000	0.0007609618782340863	70772
chrX	85400000	85500000	0.0004281247605680182	2548
chrX	85500000	85600000	0.0	NA
chrX	85600000	85700000	0.0	NA
chrX	85700000	85800000	0.0	NA
chrX	85800000	85900000	0.0	NA
chrX	85900000	86000000	0.0	NA
chrX	86000000	86100000	0.0007826000403630251	11229
chrX	86100000	86200000	0.0005326331820340997	76098
chrX	86200000	86300000	0.0008037297988452996	73869
chrX	86300000	86400000	0.000621919797848116	73342
chrX	86400000	86500000	0.0012012888623562949	79538
chrX	86500000	86600000	0.0009158942811741288	80524
chrX	86600000	86700000	0.0010497117887638516	80310
chrX	86700000	86800000	0.0008039182742779358	54161
chrX	86800000	86900000	0.0	NA
chrX	86900000	87000000	0.0003029463641257611	57181
chrX	87000000	87100000	0.0006514775778765978	71326
chrX	87100000	87200000	0.0004380660943227757	85549
chrX	87200000	87300000	0.0003227036787290925	77545
chrX	87300000	87400000	0.0003357579839877442	87214
chrX	87400000	87500000	0.0008905789847573144	82770
chrX	87500000	87600000	0.000994019442034195	71770
chrX	87600000	87700000	0.0011709897743817574	84236
chrX	87700000	87800000	0.0013061404772865622	73486
chrX	87800000	87900000	0.00041120688289656153	82864
chrX	87900000	88000000	0.0003100511279694666	83275
chrX	88000000	88100000	0.0005965152441152753	63045
chrX	88100000	88200000	0.0006026211117648303	81860
chrX	88200000	88300000	0.0008333525651971746	83872
chrX	88300000	88400000	0.0008346490217460396	82143
chrX	88400000	88500000	0.0008371142289839941	47115
chrX	88500000	88600000	0.0026093670953484045	65
chrX	88600000	88700000	0.0	62
chrX	88700000	88800000	0.0	51
chrX	88800000	88900000	0.0004479304763741984	1265
chrX	88900000	89000000	0.0022487783948464987	9301
chrX	89000000	89100000	3.091572373709264e-05	599
chrX	89100000	89200000	0.0	33
chrX	89200000	89300000	0.0006079035139414224	34332
chrX	89300000	89400000	0.000677626023331361	41558
chrX	89400000	89500000	7.365123886253266e-05	3412
chrX	89500000	89600000	0.0003743718531283985	1833
chrX	89600000	89700000	0.0002740840407664654	514
chrX	89700000	89800000	0.0006848371836815209	372
chrX	89800000	89900000	0.0005028467839994318	4368
chrX	89900000	90000000	0.0002976554069187384	1360
chrX	90000000	90100000	0.0	782
chrX	90100000	90200000	0.0009366759068664507	7649
chrX	90200000	90300000	0.0006644997754737365	6996
chrX	90300000	90400000	0.0008116251868637602	77222
chrX	90400000	90500000	0.0005457786036569443	228
chrX	90500000	90600000	0.0009251792473348728	66546
chrX	90600000	90700000	0.00043901092567169103	62942
chrX	90700000	90800000	0.0009209415979380757	30386
chrX	90800000	90900000	0.00019687547047446982	1345
chrX	90900000	91000000	0.0008138001845192084	17357
chrX	91000000	91100000	0.0021564806035888253	276
chrX	91100000	91200000	0.0	NA
chrX	91200000	91300000	0.0	NA
chrX	91300000	91400000	0.0	NA
chrX	91400000	91500000	0.0	NA
chrX	91500000	91600000	0.0	NA
chrX	91600000	91700000	0.0	NA
chrX	91700000	91800000	0.0	NA
chrX	91800000	91900000	0.000567018789875603	648
chrX	91900000	92000000	0.0	250
chrX	92000000	92100000	0.002156486152847082	226
chrX	92100000	92200000	0.0002885851711843583	4282
chrX	92200000	92300000	0.00024435825262442775	857
chrX	92300000	92400000	0.0002913187900147777	21631
chrX	92400000	92500000	0.0002960452951852463	82097
chrX	92500000	92600000	0.0010513554013712565	80729
chrX	92600000	92700000	0.0005723987898157508	82484
chrX	92700000	92800000	0.0010396119883088687	84326
chrX	92800000	92900000	0.0006096298267670106	77046
chrX	92900000	93000000	0.0005501798930014637	49011
chrX	93000000	93100000	0.00031011743571679934	90770
chrX	93100000	93200000	0.0005495666208793346	79369
chrX	93200000	93300000	0.0003824019856902139	81587
chrX	93300000	93400000	0.0005730828840493628	82176
chrX	93400000	93500000	0.0004612079492658424	84111
chrX	93500000	93600000	0.0004315660934951476	82435
chrX	93600000	93700000	0.0005478301175503489	86640
chrX	93700000	93800000	0.0005420815872643917	79207
chrX	93800000	93900000	0.00040319295242222445	83504
chrX	93900000	94000000	0.00036079923293636646	79081
chrX	94000000	94100000	0.0003900394621602112	68599
chrX	94100000	94200000	0.00034673263404332575	81259
chrX	94200000	94300000	0.0006393242233539368	82929
chrX	94300000	94400000	0.0007676480113753129	79103
chrX	94400000	94500000	0.0007112000979435706	80136
chrX	94500000	94600000	9.369970939068449e-05	80477
chrX	94600000	94700000	6.18436262335881e-05	83628
chrX	94700000	94800000	7.834595479911161e-05	85075
chrX	94800000	94900000	0.00017863955595603587	76229
chrX	94900000	95000000	0.00016821348939814412	86842
chrX	95000000	95100000	0.00044467229225626955	78596
chrX	95100000	95200000	0.00048095181214640874	82344
chrX	95200000	95300000	0.0005904994986650029	79875
chrX	95300000	95400000	0.00047241281330974075	73828
chrX	95400000	95500000	0.0002858761209306898	76776
chrX	95500000	95600000	0.000650052661197645	66411
chrX	95600000	95700000	0.000524844653428321	80332
chrX	95700000	95800000	0.0006102240047165236	72601
chrX	95800000	95900000	0.0005689718435884903	65373
chrX	95900000	96000000	0.0007965573014739506	29983
chrX	96000000	96100000	0.0	NA
chrX	96100000	96200000	0.0	NA
chrX	96200000	96300000	0.0	NA
chrX	96300000	96400000	0.0	NA
chrX	96400000	96500000	0.0	NA
chrX	96500000	96600000	0.0	NA
chrX	96600000	96700000	0.0	NA
chrX	96700000	96800000	0.0	NA
chrX	96800000	96900000	0.00018212813546660908	39876
chrX	96900000	97000000	0.0003150893124232189	83338
chrX	97000000	97100000	0.0006582480767249613	82586
chrX	97100000	97200000	0.00017150188687214138	80776
chrX	97200000	97300000	3.925878297456176e-05	85277
chrX	97300000	97400000	0.0002205901517944514	81899
chrX	97400000	97500000	0.0002366928410170425	80460
chrX	97500000	97600000	0.00024396923355210327	79157
chrX	97600000	97700000	0.00042587650198521083	75053
chrX	97700000	97800000	0.00031053936009881267	83246
chrX	97800000	97900000	0.0005664975781680568	79038
chrX	97900000	98000000	0.00039348273878537994	74310
chrX	98000000	98100000	0.00029057096015229267	85181
chrX	98100000	98200000	0.0003720041009266276	79778
chrX	98200000	98300000	0.00034832038533785575	89955
chrX	98300000	98400000	0.0003116389217129063	86195
chrX	98400000	98500000	0.00028310109579077176	78522
chrX	98500000	98600000	5.0640890607897234e-05	80628
chrX	98600000	98700000	5.7746718949233174e-05	86591
chrX	98700000	98800000	6.728727643744308e-05	15641
chrX	98800000	98900000	0.0	NA
chrX	98900000	99000000	0.0	NA
chrX	99000000	99100000	0.0	NA
chrX	99100000	99200000	7.458873162824145e-05	3687
chrX	99200000	99300000	0.0002174687547185543	88148
chrX	99300000	99400000	0.00017538889356771216	74942
chrX	99400000	99500000	0.00018548057060148524	42883
chrX	99500000	99600000	0.0	NA
chrX	99600000	99700000	0.0	NA
chrX	99700000	99800000	0.0	NA
chrX	99800000	99900000	0.0	NA
chrX	99900000	100000000	0.0	NA
chrX	100000000	100100000	0.0	NA
chrX	100100000	100200000	0.0	NA
chrX	100200000	100300000	0.0	NA
chrX	100300000	100400000	0.0	NA
chrX	100400000	100500000	0.0	NA
chrX	100500000	100600000	0.0	NA
chrX	100600000	100700000	0.0	NA
chrX	100700000	100800000	0.0	NA
chrX	100800000	100900000	0.0	NA
chrX	100900000	101000000	0.0	NA
chrX	101000000	101100000	0.0	NA
chrX	101100000	101200000	0.0	NA
chrX	101200000	101300000	0.0	NA
chrX	101300000	101400000	0.0	NA
chrX	101400000	101500000	0.0	NA
chrX	101500000	101600000	0.0	NA
chrX	101600000	101700000	0.0	NA
chrX	101700000	101800000	0.0	NA
chrX	101800000	101900000	0.0	NA
chrX	101900000	102000000	0.0	NA
chrX	102000000	102100000	0.0	NA
chrX	102100000	102200000	0.0	NA
chrX	102200000	102300000	0.0	NA
chrX	102300000	102400000	0.0	NA
chrX	102400000	102500000	0.0	NA
chrX	102500000	102600000	0.0	NA
chrX	102600000	102700000	0.0	NA
chrX	102700000	102800000	0.0	NA
chrX	102800000	102900000	0.0	NA
chrX	102900000	103000000	0.0	NA
chrX	103000000	103100000	0.0	NA
chrX	103100000	103200000	0.0	NA
chrX	103200000	103300000	0.0	NA
chrX	103300000	103400000	0.0	NA
chrX	103400000	103500000	0.0	NA
chrX	103500000	103600000	0.0	NA
chrX	103600000	103700000	0.0	NA
chrX	103700000	103800000	0.0	NA
chrX	103800000	103900000	0.0	NA
chrX	103900000	104000000	0.0	NA
chrX	104000000	104100000	0.0	NA
chrX	104100000	104200000	0.0	NA
chrX	104200000	104300000	0.0	NA
chrX	104300000	104400000	0.0	NA
chrX	104400000	104500000	0.0	NA
chrX	104500000	104600000	0.0	NA
chrX	104600000	104700000	0.0	NA
chrX	104700000	104800000	0.0	NA
chrX	104800000	104900000	0.0	NA
chrX	104900000	105000000	0.0	NA
chrX	105000000	105100000	0.0	NA
chrX	105100000	105200000	0.0	NA
chrX	105200000	105300000	0.0	NA
chrX	105300000	105400000	0.0	NA
chrX	105400000	105500000	0.0	NA
chrX	105500000	105600000	0.0	NA
chrX	105600000	105700000	0.0	NA
chrX	105700000	105800000	0.0	NA
chrX	105800000	105900000	0.0	NA
chrX	105900000	106000000	0.0	NA
chrX	106000000	106100000	0.0	NA
chrX	106100000	106200000	0.0	NA
chrX	106200000	106300000	0.0	NA
chrX	106300000	106400000	0.0	NA
chrX	106400000	106500000	0.0	NA
chrX	106500000	106600000	0.0	NA
chrX	106600000	106700000	0.0	NA
chrX	106700000	106800000	0.0	NA
chrX	106800000	106900000	0.0	NA
chrX	106900000	107000000	0.0	NA
chrX	107000000	107100000	0.0	NA
chrX	107100000	107200000	0.0	NA
chrX	107200000	107300000	0.0	NA
chrX	107300000	107400000	0.0	NA
chrX	107400000	107500000	0.0	NA
chrX	107500000	107600000	0.0	NA
chrX	107600000	107700000	0.0	NA
chrX	107700000	107800000	0.0	NA
chrX	107800000	107900000	0.0	NA
chrX	107900000	108000000	0.0	NA
chrX	108000000	108100000	0.0	NA
chrX	108100000	108200000	0.0	NA
chrX	108200000	108300000	0.0	NA
chrX	108300000	108400000	0.0	NA
chrX	108400000	108500000	0.0	NA
chrX	108500000	108600000	0.0	NA
chrX	108600000	108700000	0.0	NA
chrX	108700000	108800000	0.0	NA
chrX	108800000	108900000	0.0	NA
chrX	108900000	109000000	0.0	NA
chrX	109000000	109100000	0.0	NA
chrX	109100000	109200000	0.0	NA
chrX	109200000	109300000	0.0	NA
chrX	109300000	109400000	0.0	NA
chrX	109400000	109500000	0.0	NA
chrX	109500000	109600000	0.0	NA
chrX	109600000	109700000	0.0	NA
chrX	109700000	109800000	0.0	NA
chrX	109800000	109900000	0.0	NA
chrX	109900000	110000000	0.0	NA
chrX	110000000	110100000	0.0	NA
chrX	110100000	110200000	0.0	NA
chrX	110200000	110300000	0.0	NA
chrX	110300000	110400000	0.0	NA
chrX	110400000	110500000	0.0	NA
chrX	110500000	110600000	0.0	NA
chrX	110600000	110700000	0.0	NA
chrX	110700000	110800000	0.0	NA
chrX	110800000	110900000	0.0	NA
chrX	110900000	111000000	0.0	NA
chrX	111000000	111100000	0.0	NA
chrX	111100000	111200000	0.0	NA
chrX	111200000	111300000	0.0	NA
chrX	111300000	111400000	0.0	NA
chrX	111400000	111500000	0.0	NA
chrX	111500000	111600000	0.0	NA
chrX	111600000	111700000	0.0	NA
chrX	111700000	111800000	0.0008228952628720221	67021
chrX	111800000	111900000	0.000547090511390961	50947
chrX	111900000	112000000	0.0001416155254873981	57531
chrX	112000000	112100000	0.0003131129522088092	28931
chrX	112100000	112200000	0.0004650120254334766	71251
chrX	112200000	112300000	0.0004539816219321013	68433
chrX	112300000	112400000	0.0	NA
chrX	112400000	112500000	0.0	NA
chrX	112500000	112600000	0.0	NA
chrX	112600000	112700000	0.0	NA
chrX	112700000	112800000	0.0005674002243121624	29177
chrX	112800000	112900000	0.00054261638827671	48656
chrX	112900000	113000000	0.0	NA
chrX	113000000	113100000	0.0	NA
chrX	113100000	113200000	0.0002750309955057318	16190
chrX	113200000	113300000	0.0005417267739115774	73176
chrX	113300000	113400000	0.0005935605899113567	76626
chrX	113400000	113500000	0.0007145138504461537	84368
chrX	113500000	113600000	0.0006125817157266135	40927
chrX	113600000	113700000	0.0005283404479913892	83221
chrX	113700000	113800000	0.00035404409155849275	71662
chrX	113800000	113900000	0.0004219409555556677	16058
chrX	113900000	114000000	0.0	NA
chrX	114000000	114100000	0.0	NA
chrX	114100000	114200000	0.0003281400911887294	41507
chrX	114200000	114300000	0.00026162987714275284	72922
chrX	114300000	114400000	0.0001943038571708552	31462
chrX	114400000	114500000	0.0002311605767239177	23784
chrX	114500000	114600000	0.0005039517063097479	67241
chrX	114600000	114700000	0.0006153695279353422	82924
chrX	114700000	114800000	0.0007113763687564133	38538
chrX	114800000	114900000	0.00016723200183500184	8330
chrX	114900000	115000000	0.0003260784836772737	26510
chrX	115000000	115100000	0.0007036650838040751	12512
chrX	115100000	115200000	0.00041810399566930006	65562
chrX	115200000	115300000	0.0007026015258970738	69242
chrX	115300000	115400000	0.0010204648520108286	71602
chrX	115400000	115500000	0.0007747369365318735	80908
chrX	115500000	115600000	0.00032294934871540573	64329
chrX	115600000	115700000	0.0010456262574194406	61160
chrX	115700000	115800000	0.0007179140152853043	52435
chrX	115800000	115900000	0.0006243879763369969	74698
chrX	115900000	116000000	0.0006108502973746216	73119
chrX	116000000	116100000	0.00060775156366065	76196
chrX	116100000	116200000	0.0006009506022690885	81446
chrX	116200000	116300000	0.0006225533797647595	78640
chrX	116300000	116400000	0.0007339874287666629	71475
chrX	116400000	116500000	0.0010356280051817316	70502
chrX	116500000	116600000	0.0013602911944811163	70238
chrX	116600000	116700000	0.0008967687392709364	74390
chrX	116700000	116800000	0.0006542412509734591	74679
chrX	116800000	116900000	0.0009474466914700044	73773
chrX	116900000	117000000	0.00041732416468924765	74148
chrX	117000000	117100000	0.0005422201861743796	22332
chrX	117100000	117200000	0.0	NA
chrX	117200000	117300000	0.00018985096602652132	40347
chrX	117300000	117400000	0.0004673103194974662	77294
chrX	117400000	117500000	0.00054563745712214	49773
chrX	117500000	117600000	0.0006289690290017316	10631
chrX	117600000	117700000	0.0005251056953602108	14298
chrX	117700000	117800000	0.0	NA
chrX	117800000	117900000	0.0002746408105900225	26803
chrX	117900000	118000000	0.0004280521389923452	29815
chrX	118000000	118100000	0.0005991333424766688	53000
chrX	118100000	118200000	0.0002985820845252102	39921
chrX	118200000	118300000	0.0002192676532449867	21133
chrX	118300000	118400000	9.728678145265598e-05	72783
chrX	118400000	118500000	0.0001330879719414125	44581
chrX	118500000	118600000	0.0006372105793549894	26471
chrX	118600000	118700000	0.0005189949748641648	40897
chrX	118700000	118800000	0.0002840764810184868	13229
chrX	118800000	118900000	0.0008106022212652161	36878
chrX	118900000	119000000	0.0007476723553153852	35385
chrX	119000000	119100000	0.0006589459046112465	25144
chrX	119100000	119200000	0.0004682779633960467	48826
chrX	119200000	119300000	4.940906755207708e-05	1874
chrX	119300000	119400000	0.0001748814947765657	36215
chrX	119400000	119500000	0.0005515012410289987	38344
chrX	119500000	119600000	0.0007278779742320493	28773
chrX	119600000	119700000	0.00019417873944042015	36035
chrX	119700000	119800000	0.000382251022324687	44851
chrX	119800000	119900000	0.0007655366134923314	78262
chrX	119900000	120000000	0.000348888812676981	65493
chrX	120000000	120100000	0.00013329888206522922	4678
chrX	120100000	120200000	0.0002419292712288827	61988
chrX	120200000	120300000	0.0005666013051237374	78949
chrX	120300000	120400000	0.0009573687802203459	78196
chrX	120400000	120500000	0.001034944986777874	77432
chrX	120500000	120600000	0.0011397252277948505	77204
chrX	120600000	120700000	0.0005594846288537856	79432
chrX	120700000	120800000	0.000606860336896951	88678
chrX	120800000	120900000	0.0005828135815600603	80903
chrX	120900000	121000000	0.0005591994294623872	79332
chrX	121000000	121100000	0.0006963660810957976	83464
chrX	121100000	121200000	0.0004744134921952165	79903
chrX	121200000	121300000	0.000503303429715239	75811
chrX	121300000	121400000	0.0005961994351219206	74375
chrX	121400000	121500000	0.00048238014235032253	77267
chrX	121500000	121600000	0.0005817579992587934	81218
chrX	121600000	121700000	0.0002667700053089915	71563
chrX	121700000	121800000	0.000476610404931913	84243
chrX	121800000	121900000	0.0006613875811460781	77265
chrX	121900000	122000000	0.0005892370040094609	85213
chrX	122000000	122100000	0.0004281862567586996	82171
chrX	122100000	122200000	0.0005608377689754237	76885
chrX	122200000	122300000	0.00047920941551145193	82119
chrX	122300000	122400000	0.0004893822106484878	17186
chrX	122400000	122500000	0.0	NA
chrX	122500000	122600000	0.0	NA
chrX	122600000	122700000	0.00046825642496650546	57093
chrX	122700000	122800000	0.00021675048601562153	21285
chrX	122800000	122900000	0.00020462145584198866	16884
chrX	122900000	123000000	0.00044750771834799744	37929
chrX	123000000	123100000	0.0005243113244633991	21411
chrX	123100000	123200000	0.0	NA
chrX	123200000	123300000	0.0006530758119786232	38450
chrX	123300000	123400000	0.0006210049744846668	74654
chrX	123400000	123500000	0.00042508369782633587	65027
chrX	123500000	123600000	0.0002560452985867455	2455
chrX	123600000	123700000	0.0	NA
chrX	123700000	123800000	0.0	NA
chrX	123800000	123900000	0.0	NA
chrX	123900000	124000000	0.0	NA
chrX	124000000	124100000	0.0002432435276089429	1941
chrX	124100000	124200000	0.00036665232542084573	80385
chrX	124200000	124300000	0.00040141023350814115	87713
chrX	124300000	124400000	0.00018063242315903607	86602
chrX	124400000	124500000	0.00041371590858957754	75313
chrX	124500000	124600000	0.0008988468621748168	77644
chrX	124600000	124700000	0.0008506920637128685	78830
chrX	124700000	124800000	0.000802195675007082	79090
chrX	124800000	124900000	0.0006015194762896002	84335
chrX	124900000	125000000	0.0005816827051981087	77285
chrX	125000000	125100000	0.00041610653615290307	77400
chrX	125100000	125200000	0.000576165535056955	82061
chrX	125200000	125300000	0.000774216241490999	68702
chrX	125300000	125400000	0.0005537200401355324	72324
chrX	125400000	125500000	0.0006935818351510647	76372
chrX	125500000	125600000	0.000611669212248233	73295
chrX	125600000	125700000	0.0007243343983194239	78103
chrX	125700000	125800000	0.00031182197956646207	84456
chrX	125800000	125900000	0.0006847439643475589	84984
chrX	125900000	126000000	0.0006055025563404109	76090
chrX	126000000	126100000	0.0007997403319620355	69628
chrX	126100000	126200000	0.0002612990711594648	82209
chrX	126200000	126300000	0.0003245356195575966	75685
chrX	126300000	126400000	0.0004663723197317428	66387
chrX	126400000	126500000	0.0005006694413139826	78716
chrX	126500000	126600000	0.00023184097977243476	80933
chrX	126600000	126700000	0.0004900121836868235	77666
chrX	126700000	126800000	0.0005371274159160015	77423
chrX	126800000	126900000	0.0004108728976480597	88719
chrX	126900000	127000000	0.0005352960798242991	71594
chrX	127000000	127100000	0.0003070530702792986	86740
chrX	127100000	127200000	0.00034769942221776935	82489
chrX	127200000	127300000	0.00025387830254130274	81487
chrX	127300000	127400000	0.0002422992588171294	78164
chrX	127400000	127500000	0.00014366399314714147	86911
chrX	127500000	127600000	0.00015022206786994684	76013
chrX	127600000	127700000	0.00014168663801971367	83845
chrX	127700000	127800000	0.00031427196983443414	82895
chrX	127800000	127900000	0.00032427354704477567	72823
chrX	127900000	128000000	0.00042547492909204246	71949
chrX	128000000	128100000	0.0004457549006998028	82544
chrX	128100000	128200000	0.00030409443931491044	76311
chrX	128200000	128300000	0.0002139872874370293	28145
chrX	128300000	128400000	0.0	NA
chrX	128400000	128500000	0.0	NA
chrX	128500000	128600000	0.0	NA
chrX	128600000	128700000	0.0	NA
chrX	128700000	128800000	0.0	NA
chrX	128800000	128900000	0.0	NA
chrX	128900000	129000000	0.0	NA
chrX	129000000	129100000	0.0	NA
chrX	129100000	129200000	0.0	NA
chrX	129200000	129300000	0.0	NA
chrX	129300000	129400000	0.0	NA
chrX	129400000	129500000	0.0	NA
chrX	129500000	129600000	0.0	NA
chrX	129600000	129700000	0.0	NA
chrX	129700000	129800000	0.0	NA
chrX	129800000	129900000	0.0	NA
chrX	129900000	130000000	0.0	NA
chrX	130000000	130100000	0.0	NA
chrX	130100000	130200000	0.0	NA
chrX	130200000	130300000	0.0	NA
chrX	130300000	130400000	0.0	NA
chrX	130400000	130500000	0.0	NA
chrX	130500000	130600000	0.0	NA
chrX	130600000	130700000	0.0	NA
chrX	130700000	130800000	0.0	NA
chrX	130800000	130900000	0.0	NA
chrX	130900000	131000000	0.0	NA
chrX	131000000	131100000	0.0	NA
chrX	131100000	131200000	0.0	NA
chrX	131200000	131300000	0.0	NA
chrX	131300000	131400000	0.0	NA
chrX	131400000	131500000	0.0	NA
chrX	131500000	131600000	0.0	NA
chrX	131600000	131700000	0.0	NA
chrX	131700000	131800000	0.0	NA
chrX	131800000	131900000	0.0	NA
chrX	131900000	132000000	0.0	NA
chrX	132000000	132100000	0.0	NA
chrX	132100000	132200000	0.0	NA
chrX	132200000	132300000	0.0	NA
chrX	132300000	132400000	0.0	NA
chrX	132400000	132500000	0.0	NA
chrX	132500000	132600000	0.0	NA
chrX	132600000	132700000	0.0	NA
chrX	132700000	132800000	0.0	NA
chrX	132800000	132900000	0.0	NA
chrX	132900000	133000000	0.0	NA
chrX	133000000	133100000	0.0	NA
chrX	133100000	133200000	0.0	NA
chrX	133200000	133300000	0.0	NA
chrX	133300000	133400000	0.0	NA
chrX	133400000	133500000	0.0	NA
chrX	133500000	133600000	0.0	NA
chrX	133600000	133700000	0.0	NA
chrX	133700000	133800000	0.0	NA
chrX	133800000	133900000	0.0	NA
chrX	133900000	134000000	0.0	NA
chrX	134000000	134100000	0.0	NA
chrX	134100000	134200000	0.0	NA
chrX	134200000	134300000	0.0	NA
chrX	134300000	134400000	0.0	NA
chrX	134400000	134500000	0.0	NA
chrX	134500000	134600000	0.0	NA
chrX	134600000	134700000	0.0	NA
chrX	134700000	134800000	0.0	NA
chrX	134800000	134900000	0.0	NA
chrX	134900000	135000000	0.0	NA
chrX	135000000	135100000	0.0	NA
chrX	135100000	135200000	0.0	NA
chrX	135200000	135300000	0.0	NA
chrX	135300000	135400000	0.0	NA
chrX	135400000	135500000	0.0	NA
chrX	135500000	135600000	0.0	NA
chrX	135600000	135700000	0.0	NA
chrX	135700000	135800000	0.0	NA
chrX	135800000	135900000	0.0	NA
chrX	135900000	136000000	0.0	NA
chrX	136000000	136100000	0.0	NA
chrX	136100000	136200000	0.0	NA
chrX	136200000	136300000	0.0	NA
chrX	136300000	136400000	0.0	NA
chrX	136400000	136500000	0.0	NA
chrX	136500000	136600000	0.0	NA
chrX	136600000	136700000	0.0	NA
chrX	136700000	136800000	0.000347554606282051	2815
chrX	136800000	136900000	0.0004525358051320963	70269
chrX	136900000	137000000	0.000440942453678962	83240
chrX	137000000	137100000	0.0006567885156668631	76557
chrX	137100000	137200000	0.00031670373374511354	69559
chrX	137200000	137300000	0.0004268158000783599	79877
chrX	137300000	137400000	0.0006595758167519683	70831
chrX	137400000	137500000	0.0002979130866495213	81591
chrX	137500000	137600000	0.00024288452950399657	80843
chrX	137600000	137700000	0.0001060088567049667	84750
chrX	137700000	137800000	0.00012474525838416544	11618
chrX	137800000	137900000	0.0	NA
chrX	137900000	138000000	0.0	NA
chrX	138000000	138100000	0.0	NA
chrX	138100000	138200000	0.0	NA
chrX	138200000	138300000	0.00015699809208967656	10876
chrX	138300000	138400000	0.00043656939449108226	82163
chrX	138400000	138500000	0.000623808659587064	78737
chrX	138500000	138600000	0.0005783474772753421	73499
chrX	138600000	138700000	0.0004220347054916672	20843
chrX	138700000	138800000	0.00014512156755310692	8013
chrX	138800000	138900000	8.129539124994836e-05	7085
chrX	138900000	139000000	3.0025438995526008e-05	63780
chrX	139000000	139100000	0.0003186467990973885	42201
chrX	139100000	139200000	0.0003920459754705044	70268
chrX	139200000	139300000	0.0003462136426160146	78120
chrX	139300000	139400000	0.0001550345030244419	63957
chrX	139400000	139500000	4.08296697753276e-05	76316
chrX	139500000	139600000	0.00012621428156644806	81907
chrX	139600000	139700000	0.0005420167522045718	85526
chrX	139700000	139800000	0.0003805659611173735	65512
chrX	139800000	139900000	0.001194855569110577	34757
chrX	139900000	140000000	0.0006678959470816508	83458
chrX	140000000	140100000	0.0005703902430935443	63624
chrX	140100000	140200000	0.0	NA
chrX	140200000	140300000	0.0004418469269335117	65869
chrX	140300000	140400000	0.0007210387292680653	53147
chrX	140400000	140500000	0.000608853260300118	74746
chrX	140500000	140600000	0.0010813892239125884	45584
chrX	140600000	140700000	0.0	NA
chrX	140700000	140800000	0.0007084353022085959	29666
chrX	140800000	140900000	0.0007450113204053216	73662
chrX	140900000	141000000	0.00045997332714868783	28070
chrX	141000000	141100000	0.0010821572897102751	81059
chrX	141100000	141200000	0.001126528211639466	81718
chrX	141200000	141300000	0.0010883554165579219	70325
chrX	141300000	141400000	0.0008648487295943176	79200
chrX	141400000	141500000	0.0006763575835173194	70039
chrX	141500000	141600000	0.0006768075147579628	72042
chrX	141600000	141700000	0.0006861579580248202	84230
chrX	141700000	141800000	0.0006621773559266384	81333
chrX	141800000	141900000	0.00024466018643365487	72238
chrX	141900000	142000000	0.0005127400755942161	74115
chrX	142000000	142100000	0.0004810874090234839	79354
chrX	142100000	142200000	0.0005950642849724972	82860
chrX	142200000	142300000	0.0007391801449553023	85677
chrX	142300000	142400000	0.0005552092662941129	83784
chrX	142400000	142500000	0.000702123874917308	82097
chrX	142500000	142600000	0.0006912375807626932	79563
chrX	142600000	142700000	0.0008843709590528099	74762
chrX	142700000	142800000	0.0006288157123976572	70084
chrX	142800000	142900000	0.0006949720445543712	72483
chrX	142900000	143000000	0.0005409639165482417	83030
chrX	143000000	143100000	0.0002406182521919838	79689
chrX	143100000	143200000	9.880293501411695e-05	50308
chrX	143200000	143300000	0.00037504645034813896	3317
chrX	143300000	143400000	0.001155668575136705	83346
chrX	143400000	143500000	0.0005382759887867332	80611
chrX	143500000	143600000	0.0007305686134558944	40018
chrX	143600000	143700000	0.0006296306601602558	85863
chrX	143700000	143800000	0.0009270306297548303	81404
chrX	143800000	143900000	0.0006088669192833203	84151
chrX	143900000	144000000	0.0005676053296945265	84696
chrX	144000000	144100000	0.0008581833576177776	86463
chrX	144100000	144200000	0.0006752751348443065	83878
chrX	144200000	144300000	0.0009358104500478164	85733
chrX	144300000	144400000	0.0004185659433901187	76908
chrX	144400000	144500000	0.00028684769021507125	76452
chrX	144500000	144600000	0.0005351443145592936	79929
chrX	144600000	144700000	0.0007147921819104413	87538
chrX	144700000	144800000	0.00041854748129781564	87024
chrX	144800000	144900000	0.0006284360337676744	82454
chrX	144900000	145000000	0.0006319748089695376	75125
chrX	145000000	145100000	0.0006857302665673489	80131
chrX	145100000	145200000	0.000729854967991331	78751
chrX	145200000	145300000	0.0003691800045990034	83307
chrX	145300000	145400000	0.000808164728074062	76426
chrX	145400000	145500000	0.0005992721250381736	81886
chrX	145500000	145600000	0.001109781449475845	83363
chrX	145600000	145700000	0.00080182213950755	88228
chrX	145700000	145800000	0.0004994295494722263	80064
chrX	145800000	145900000	0.0006988142741508617	62280
chrX	145900000	146000000	0.000789702651608485	72931
chrX	146000000	146100000	0.0006246579696053958	83332
chrX	146100000	146200000	0.0006281540980091578	84928
chrX	146200000	146300000	0.00036557743743999483	65998
chrX	146300000	146400000	0.00047465022987942476	70707
chrX	146400000	146500000	0.0005334988380988977	79162
chrX	146500000	146600000	0.0003520932151613229	82920
chrX	146600000	146700000	0.000712963146293879	88267
chrX	146700000	146800000	0.00018800215196452163	83557
chrX	146800000	146900000	0.0002975168367785632	90871
chrX	146900000	147000000	0.0003101719793844431	68753
chrX	147000000	147100000	0.0004256411974229275	20925
chrX	147100000	147200000	0.000541453789348673	77770
chrX	147200000	147300000	0.0005961262008544707	69302
chrX	147300000	147400000	0.0004885148474822963	76285
chrX	147400000	147500000	0.0006962048992511058	72248
chrX	147500000	147600000	0.0004553385085803394	71667
chrX	147600000	147700000	0.0	NA
chrX	147700000	147800000	0.0	NA
chrX	147800000	147900000	0.0	NA
chrX	147900000	148000000	0.0	NA
chrX	148000000	148100000	0.00011407735217812603	16561
chrX	148100000	148200000	0.00017302803268516546	86056
chrX	148200000	148300000	0.00017242532771012103	74065
chrX	148300000	148400000	0.00032036035491450014	84756
chrX	148400000	148500000	0.0001384895805511426	79877
chrX	148500000	148600000	0.000344144618542795	55149
chrX	148600000	148700000	0.0004896527914873361	12987
chrX	148700000	148800000	0.0004162089125306792	24016
chrX	148800000	148900000	0.0003723294993156391	32428
chrX	148900000	149000000	0.0003330421630090004	2418
chrX	149000000	149100000	1.632075238360962e-05	7879
chrX	149100000	149200000	0.00010934220454303684	11561
chrX	149200000	149300000	7.199324509054011e-05	80591
chrX	149300000	149400000	0.0002305533369484338	80536
chrX	149400000	149500000	0.0002851455175681598	89618
chrX	149500000	149600000	0.0002218563050839009	27724
chrX	149600000	149700000	0.001062564174163954	13685
chrX	149700000	149800000	0.0005247505091358336	31273
chrX	149800000	149900000	0.0005466708617843796	17578
chrX	149900000	150000000	0.0004655761526308393	1010
chrX	150000000	150100000	0.0003483894416897704	25319
chrX	150100000	150200000	0.0007329750811578338	60222
chrX	150200000	150300000	0.0008436281440532956	75496
chrX	150300000	150400000	0.0007410509997898666	69505
chrX	150400000	150500000	0.0007635310847995742	78099
chrX	150500000	150600000	0.0006243122416823665	71549
chrX	150600000	150700000	0.0006138106911082575	78061
chrX	150700000	150800000	0.0002072735880845926	16602
chrX	150800000	150900000	0.0008647720179413771	38240
chrX	150900000	151000000	0.0005453690248351376	81420
chrX	151000000	151100000	0.00047085588871593093	77446
chrX	151100000	151200000	0.0004744874563658881	62385
chrX	151200000	151300000	0.0003840124799498563	64938
chrX	151300000	151400000	0.0005547591142830943	26120
chrX	151400000	151500000	0.0	NA
chrX	151500000	151600000	0.0	NA
chrX	151600000	151700000	0.0	NA
chrX	151700000	151800000	0.0	NA
chrX	151800000	151900000	0.0	NA
chrX	151900000	152000000	0.0	NA
chrX	152000000	152100000	0.0	NA
chrX	152100000	152200000	0.0	NA
chrX	152200000	152300000	0.0	NA
chrX	152300000	152400000	0.0	NA
chrX	152400000	152500000	0.0	NA
chrX	152500000	152600000	0.0	NA
chrX	152600000	152700000	0.0	NA
chrX	152700000	152800000	0.0	NA
chrX	152800000	152900000	0.0	NA
chrX	152900000	153000000	0.0	NA
chrX	153000000	153100000	0.0	NA
chrX	153100000	153200000	0.0	NA
chrX	153200000	153300000	0.0	NA
chrX	153300000	153400000	0.0	NA
chrX	153400000	153500000	0.0	NA
chrX	153500000	153600000	0.0	NA
chrX	153600000	153700000	0.0	NA
chrX	153700000	153800000	0.0	NA
chrX	153800000	153900000	0.0	NA
chrX	153900000	154000000	0.0	NA
chrX	154000000	154100000	0.0	NA
chrX	154100000	154200000	0.0	NA
chrX	154200000	154300000	0.0	NA
chrX	154300000	154400000	0.0	NA
chrX	154400000	154500000	0.0	NA
chrX	154500000	154600000	0.0	NA
chrX	154600000	154700000	0.0	NA
chrX	154700000	154800000	0.0	NA
chrX	154800000	154900000	0.0	NA
chrX	154900000	155000000	0.0	NA
chrX	155000000	155100000	0.0	NA
chrX	155100000	155200000	0.00040155742351025305	19719
chrX	155200000	155270560	0.0006953484792651734	12695
