chrX	0	100000	0.004636651958080531	1456
chrX	100000	200000	0.0023770965613865913	4965
chrX	200000	300000	0.003807541636489007	2964
chrX	300000	400000	0.002103722626158729	15533
chrX	400000	500000	0.0023780880664568318	29352
chrX	500000	600000	0.0023477093416205586	30548
chrX	600000	700000	0.002094351717768355	32131
chrX	700000	800000	0.0022858787838972417	42139
chrX	800000	900000	0.0015994753047609421	28095
chrX	900000	1000000	0.001801900022652423	33413
chrX	1000000	1100000	0.0015311889270222601	10800
chrX	1100000	1200000	0.0	NA
chrX	1200000	1300000	0.00205043454184116	14837
chrX	1300000	1400000	0.0014626588281584007	11710
chrX	1400000	1500000	0.0024667227919482845	3621
chrX	1500000	1600000	0.0014840022347529854	5994
chrX	1600000	1700000	0.002115280945182605	13016
chrX	1700000	1800000	0.002043778589285172	15723
chrX	1800000	1900000	0.001725767595195208	33177
chrX	1900000	2000000	0.001589708512568541	42559
chrX	2000000	2100000	0.0018217488855226214	27331
chrX	2100000	2200000	0.0021696522182903504	5654
chrX	2200000	2300000	0.0	NA
chrX	2300000	2400000	0.0	NA
chrX	2400000	2500000	0.001512704721556116	45281
chrX	2500000	2600000	0.001346795505425263	31936
chrX	2600000	2700000	0.00138265853196165	9973
chrX	2700000	2800000	0.0011383513566752424	6527
chrX	2800000	2900000	0.0014302268311495018	22760
chrX	2900000	3000000	0.0009697121127026125	18211
chrX	3000000	3100000	0.0013020874067773643	41962
chrX	3100000	3200000	0.0013164192461966801	67756
chrX	3200000	3300000	0.0017571644421629671	40676
chrX	3300000	3400000	0.0009993489439365732	66600
chrX	3400000	3500000	0.0008241503208963167	62692
chrX	3500000	3600000	0.0007169578703295233	14266
chrX	3600000	3700000	0.0012890582239634789	32614
chrX	3700000	3800000	0.0010455746759540632	21192
chrX	3800000	3900000	0.0008301110468474805	25561
chrX	3900000	4000000	0.0013996316524253147	78839
chrX	4000000	4100000	0.0008664141277175581	79245
chrX	4100000	4200000	0.0013878232222897166	79718
chrX	4200000	4300000	0.0013187378230111772	84113
chrX	4300000	4400000	0.0008002510081407376	79369
chrX	4400000	4500000	0.0005734683417360483	77637
chrX	4500000	4600000	0.0009416681396832358	75731
chrX	4600000	4700000	0.0009724553423077438	73578
chrX	4700000	4800000	0.0008881553912507765	76081
chrX	4800000	4900000	0.0007187170559263598	77400
chrX	4900000	5000000	0.0011464410142975725	79951
chrX	5000000	5100000	0.0012085517633349096	74083
chrX	5100000	5200000	0.0007692760286075281	78953
chrX	5200000	5300000	0.0008650354174874078	81913
chrX	5300000	5400000	0.0011982745660200989	80640
chrX	5400000	5500000	0.0012760783341260126	79923
chrX	5500000	5600000	0.0012228424861631699	82766
chrX	5600000	5700000	0.0011119644915336816	76600
chrX	5700000	5800000	0.0008133951559528776	79391
chrX	5800000	5900000	0.0007499911669012139	6848
chrX	5900000	6000000	0.0	NA
chrX	6000000	6100000	0.0	NA
chrX	6100000	6200000	0.0006969731707755658	40080
chrX	6200000	6300000	0.0007031870719796108	79340
chrX	6300000	6400000	0.0009529816253044266	81858
chrX	6400000	6500000	0.0008393758735262134	76866
chrX	6500000	6600000	0.0006942683665243304	79199
chrX	6600000	6700000	0.000717676068117365	80898
chrX	6700000	6800000	0.0007029369619755172	84914
chrX	6800000	6900000	0.0007416604597239928	73474
chrX	6900000	7000000	0.0005103036045199311	30759
chrX	7000000	7100000	0.0	NA
chrX	7100000	7200000	0.0	NA
chrX	7200000	7300000	0.0002624218611531341	22227
chrX	7300000	7400000	0.0006305520402990163	85565
chrX	7400000	7500000	0.0004957888966487439	79549
chrX	7500000	7600000	0.0007660443237307026	81085
chrX	7600000	7700000	0.001202366231456029	39189
chrX	7700000	7800000	0.0005373539548949551	88353
chrX	7800000	7900000	0.0009114097360238309	55024
chrX	7900000	8000000	0.0005506320579720609	79564
chrX	8000000	8100000	0.0005561049794970688	84815
chrX	8100000	8200000	0.000566940462785751	69704
chrX	8200000	8300000	0.0009017052191717809	83886
chrX	8300000	8400000	0.000833915120008757	84731
chrX	8400000	8500000	0.0008874636273128291	60611
chrX	8500000	8600000	0.0	NA
chrX	8600000	8700000	0.0	NA
chrX	8700000	8800000	0.0006713099092040881	64184
chrX	8800000	8900000	0.0007365606698102712	92359
chrX	8900000	9000000	0.000781052934975431	64487
chrX	9000000	9100000	0.000634965612301992	81408
chrX	9100000	9200000	0.0005149896403606113	86934
chrX	9200000	9300000	0.0008251403848808101	81300
chrX	9300000	9400000	0.000759726720308047	65299
chrX	9400000	9500000	0.000686993807641906	22404
chrX	9500000	9600000	0.0	NA
chrX	9600000	9700000	0.001006463858542801	5219
chrX	9700000	9800000	0.0007245356671420146	11848
chrX	9800000	9900000	0.0	NA
chrX	9900000	10000000	0.001182394591067122	44001
chrX	10000000	10100000	0.0	NA
chrX	10100000	10200000	0.0010381357643194495	8765
chrX	10200000	10300000	0.001009706854394898	29283
chrX	10300000	10400000	0.0	NA
chrX	10400000	10500000	0.0	NA
chrX	10500000	10600000	0.0	NA
chrX	10600000	10700000	0.0	NA
chrX	10700000	10800000	0.0	NA
chrX	10800000	10900000	0.0	NA
chrX	10900000	11000000	0.0	NA
chrX	11000000	11100000	0.0	NA
chrX	11100000	11200000	0.0	NA
chrX	11200000	11300000	0.0	NA
chrX	11300000	11400000	0.0	NA
chrX	11400000	11500000	0.0	NA
chrX	11500000	11600000	0.0	NA
chrX	11600000	11700000	0.0	NA
chrX	11700000	11800000	0.0	NA
chrX	11800000	11900000	0.0	NA
chrX	11900000	12000000	0.0	NA
chrX	12000000	12100000	0.0	NA
chrX	12100000	12200000	0.0	NA
chrX	12200000	12300000	0.0	NA
chrX	12300000	12400000	0.0	NA
chrX	12400000	12500000	0.0	NA
chrX	12500000	12600000	0.0	NA
chrX	12600000	12700000	0.0	NA
chrX	12700000	12800000	0.0009164460586477887	43811
chrX	12800000	12900000	0.001244127284710011	25947
chrX	12900000	13000000	0.000912882585579496	35930
chrX	13000000	13100000	0.0007149093681439444	74039
chrX	13100000	13200000	0.0003448379024846677	80230
chrX	13200000	13300000	0.0005343168575621891	83862
chrX	13300000	13400000	0.0003307501316350871	73450
chrX	13400000	13500000	0.0009757666545376258	78761
chrX	13500000	13600000	0.0007418571299246197	74737
chrX	13600000	13700000	0.0010687500851005263	22874
chrX	13700000	13800000	0.0006829168604859565	9371
chrX	13800000	13900000	0.0	NA
chrX	13900000	14000000	0.0005391925728051594	29364
chrX	14000000	14100000	0.0006718178426363479	65754
chrX	14100000	14200000	0.0008029366901298548	79481
chrX	14200000	14300000	0.000553026917106923	74794
chrX	14300000	14400000	0.0006752893690445336	79874
chrX	14400000	14500000	0.0005485550859642671	80841
chrX	14500000	14600000	0.0003599098268970437	42635
chrX	14600000	14700000	0.0	NA
chrX	14700000	14800000	0.00041449584869922675	38657
chrX	14800000	14900000	0.0005478770708915113	48752
chrX	14900000	15000000	0.0007251888608415224	42771
chrX	15000000	15100000	0.0005835146103100397	80872
chrX	15100000	15200000	0.0005682080778791395	82204
chrX	15200000	15300000	0.0007664350525391245	58956
chrX	15300000	15400000	0.0006035965875058464	11373
chrX	15400000	15500000	0.0	NA
chrX	15500000	15600000	0.0004946239758054439	10123
chrX	15600000	15700000	0.000689797616221691	13653
chrX	15700000	15800000	0.000398698053951138	23510
chrX	15800000	15900000	0.00043370557112507404	26088
chrX	15900000	16000000	0.0005522291609695966	81552
chrX	16000000	16100000	0.0004219358661602156	82768
chrX	16100000	16200000	0.0007425382098005017	53837
chrX	16200000	16300000	0.0007295960960844769	72067
chrX	16300000	16400000	0.0008397196907852841	72354
chrX	16400000	16500000	0.0005178166182856052	84033
chrX	16500000	16600000	0.0008291569579141531	70365
chrX	16600000	16700000	0.0006635989223053899	3618
chrX	16700000	16800000	0.0005544998551712109	12512
chrX	16800000	16900000	0.00037316446482317495	11521
chrX	16900000	17000000	0.0005385577939243955	32283
chrX	17000000	17100000	0.0	NA
chrX	17100000	17200000	0.0	NA
chrX	17200000	17300000	0.0	NA
chrX	17300000	17400000	0.0	NA
chrX	17400000	17500000	0.0	NA
chrX	17500000	17600000	0.0	NA
chrX	17600000	17700000	0.0	NA
chrX	17700000	17800000	0.0	NA
chrX	17800000	17900000	0.0	NA
chrX	17900000	18000000	0.0	NA
chrX	18000000	18100000	0.0	NA
chrX	18100000	18200000	0.0	NA
chrX	18200000	18300000	0.0	NA
chrX	18300000	18400000	0.0	NA
chrX	18400000	18500000	0.0	NA
chrX	18500000	18600000	0.0	NA
chrX	18600000	18700000	0.0	NA
chrX	18700000	18800000	0.0	NA
chrX	18800000	18900000	0.0005842505040660026	32737
chrX	18900000	19000000	0.00047473746241661767	7954
chrX	19000000	19100000	8.590952468503498e-05	4116
chrX	19100000	19200000	0.0007732702567783104	39110
chrX	19200000	19300000	0.0010058680048832679	73116
chrX	19300000	19400000	0.0010212401341433601	2790
chrX	19400000	19500000	0.0	NA
chrX	19500000	19600000	0.0	NA
chrX	19600000	19700000	0.0	NA
chrX	19700000	19800000	0.0	NA
chrX	19800000	19900000	0.0	NA
chrX	19900000	20000000	0.0	NA
chrX	20000000	20100000	0.0	NA
chrX	20100000	20200000	0.0	NA
chrX	20200000	20300000	0.0	NA
chrX	20300000	20400000	0.0	NA
chrX	20400000	20500000	0.0	NA
chrX	20500000	20600000	0.0	NA
chrX	20600000	20700000	0.0	NA
chrX	20700000	20800000	0.0	NA
chrX	20800000	20900000	0.0	NA
chrX	20900000	21000000	0.0	NA
chrX	21000000	21100000	0.0	NA
chrX	21100000	21200000	0.0	NA
chrX	21200000	21300000	0.0	NA
chrX	21300000	21400000	0.0	NA
chrX	21400000	21500000	0.0	NA
chrX	21500000	21600000	0.0	NA
chrX	21600000	21700000	0.0	NA
chrX	21700000	21800000	0.0	NA
chrX	21800000	21900000	0.0	NA
chrX	21900000	22000000	0.0	NA
chrX	22000000	22100000	0.0	NA
chrX	22100000	22200000	0.0	NA
chrX	22200000	22300000	0.0	NA
chrX	22300000	22400000	0.0	NA
chrX	22400000	22500000	0.0	NA
chrX	22500000	22600000	0.0	NA
chrX	22600000	22700000	0.0	NA
chrX	22700000	22800000	0.0	NA
chrX	22800000	22900000	0.0	NA
chrX	22900000	23000000	0.0	NA
chrX	23000000	23100000	0.0	NA
chrX	23100000	23200000	0.0	NA
chrX	23200000	23300000	0.0	NA
chrX	23300000	23400000	0.0007779973008638729	38178
chrX	23400000	23500000	0.0008319690623728631	60203
chrX	23500000	23600000	0.0005548129121681931	72295
chrX	23600000	23700000	0.0016582095263014977	61975
chrX	23700000	23800000	0.0011113599576330687	25799
chrX	23800000	23900000	0.0006749403467550185	25641
chrX	23900000	24000000	0.0006599160631621625	23844
chrX	24000000	24100000	0.0005515210758854827	10384
chrX	24100000	24200000	0.0006808911580234949	32863
chrX	24200000	24300000	0.0008599151658019308	44739
chrX	24300000	24400000	0.0005647322027195692	68865
chrX	24400000	24500000	0.0006044473299657041	63323
chrX	24500000	24600000	0.0002834558183740948	6730
chrX	24600000	24700000	0.00021087751073706128	7120
chrX	24700000	24800000	0.0001611816992310025	8397
chrX	24800000	24900000	0.0	NA
chrX	24900000	25000000	0.0	NA
chrX	25000000	25100000	0.0003923808713057011	56512
chrX	25100000	25200000	0.0004178536184399902	78985
chrX	25200000	25300000	0.0006893832005979127	85156
chrX	25300000	25400000	0.00034773289720584424	65743
chrX	25400000	25500000	0.0002599091176382554	80410
chrX	25500000	25600000	0.0006097606075012316	86307
chrX	25600000	25700000	0.0006554805142246857	91717
chrX	25700000	25800000	0.0008261229242753184	79346
chrX	25800000	25900000	0.0008472023405553678	84625
chrX	25900000	26000000	0.001048799106056786	75396
chrX	26000000	26100000	0.0007262319209221854	81360
chrX	26100000	26200000	0.0008556850305618791	73080
chrX	26200000	26300000	0.0006110062085962785	74608
chrX	26300000	26400000	0.0008514737593690518	71017
chrX	26400000	26500000	0.0006021395956810377	84539
chrX	26500000	26600000	0.0006932991104096294	75100
chrX	26600000	26700000	0.0005764168484355816	85836
chrX	26700000	26800000	0.0005511486890644814	81441
chrX	26800000	26900000	0.0006593112068025298	85563
chrX	26900000	27000000	0.0009687551178092355	86586
chrX	27000000	27100000	0.0009544402123985256	78634
chrX	27100000	27200000	0.0007299188354130803	75843
chrX	27200000	27300000	0.0006594009340144416	81114
chrX	27300000	27400000	0.0008023793994290784	74297
chrX	27400000	27500000	0.0010062287352124231	78903
chrX	27500000	27600000	0.0007327578150049823	75188
chrX	27600000	27700000	0.0007622624545615993	82222
chrX	27700000	27800000	0.0007130523743814378	81185
chrX	27800000	27900000	0.0006260218780023379	75740
chrX	27900000	28000000	0.0005752332038668125	83629
chrX	28000000	28100000	0.0006979714447480506	87563
chrX	28100000	28200000	0.0004378833186583181	80671
chrX	28200000	28300000	0.0006586229926333054	83213
chrX	28300000	28400000	0.0005398523565218886	81454
chrX	28400000	28500000	0.000837257155816302	74206
chrX	28500000	28600000	0.0008057234475931721	79862
chrX	28600000	28700000	0.0002874640211950407	5532
chrX	28700000	28800000	0.0	NA
chrX	28800000	28900000	0.0	NA
chrX	28900000	29000000	0.0	NA
chrX	29000000	29100000	0.0	NA
chrX	29100000	29200000	0.0	NA
chrX	29200000	29300000	0.0	NA
chrX	29300000	29400000	0.0	NA
chrX	29400000	29500000	0.0	NA
chrX	29500000	29600000	0.0	NA
chrX	29600000	29700000	0.0	NA
chrX	29700000	29800000	0.0	NA
chrX	29800000	29900000	0.0	NA
chrX	29900000	30000000	0.00026819722391678124	17886
chrX	30000000	30100000	0.0005614320874056826	75211
chrX	30100000	30200000	0.0006546058731395775	82088
chrX	30200000	30300000	0.0007181231336155756	68485
chrX	30300000	30400000	0.0007687666685017537	77006
chrX	30400000	30500000	0.0009780355758929452	81302
chrX	30500000	30600000	0.0009706016848873988	61425
chrX	30600000	30700000	0.0006636286307962752	46509
chrX	30700000	30800000	0.000616612145148878	29646
chrX	30800000	30900000	0.0004150371549433045	20458
chrX	30900000	31000000	0.0008553424893169584	81314
chrX	31000000	31100000	0.0008679487509470843	79204
chrX	31100000	31200000	0.0004700189487798747	32605
chrX	31200000	31300000	0.0	NA
chrX	31300000	31400000	0.0	NA
chrX	31400000	31500000	0.0	NA
chrX	31500000	31600000	0.0	NA
chrX	31600000	31700000	0.0	NA
chrX	31700000	31800000	0.0	NA
chrX	31800000	31900000	0.0	NA
chrX	31900000	32000000	0.0	NA
chrX	32000000	32100000	0.0	NA
chrX	32100000	32200000	0.0	NA
chrX	32200000	32300000	0.0	NA
chrX	32300000	32400000	0.0	NA
chrX	32400000	32500000	0.0	NA
chrX	32500000	32600000	0.0	NA
chrX	32600000	32700000	0.0	NA
chrX	32700000	32800000	0.0	NA
chrX	32800000	32900000	0.0	NA
chrX	32900000	33000000	0.0	NA
chrX	33000000	33100000	0.0	NA
chrX	33100000	33200000	0.0	NA
chrX	33200000	33300000	0.0	NA
chrX	33300000	33400000	0.00047330203580203575	32560
chrX	33400000	33500000	0.0007447415540208173	84705
chrX	33500000	33600000	0.0008724215019323286	81055
chrX	33600000	33700000	0.0007285849084271564	84563
chrX	33700000	33800000	0.0006736820170083752	84785
chrX	33800000	33900000	0.0008361926090625655	85057
chrX	33900000	34000000	0.0008272715312420089	84549
chrX	34000000	34100000	0.0006753281009777393	91089
chrX	34100000	34200000	0.0008556306432830213	76290
chrX	34200000	34300000	0.0008490955518691056	83539
chrX	34300000	34400000	0.0008868151778740235	84866
chrX	34400000	34500000	0.0008585710918811242	74386
chrX	34500000	34600000	0.0008591707706381884	83698
chrX	34600000	34700000	0.0006263671179533504	62606
chrX	34700000	34800000	0.0008359293351652321	85644
chrX	34800000	34900000	0.0008374658336824933	79295
chrX	34900000	35000000	0.000742546586121282	85031
chrX	35000000	35100000	0.0007192292184010122	84520
chrX	35100000	35200000	0.0003402342339584114	83989
chrX	35200000	35300000	0.00036387911366785795	82838
chrX	35300000	35400000	0.0004564664173999778	83294
chrX	35400000	35500000	0.0003327722491810281	83693
chrX	35500000	35600000	0.00034319278400684987	79453
chrX	35600000	35700000	0.0007947602384155083	72509
chrX	35700000	35800000	0.0005826911004331446	87814
chrX	35800000	35900000	0.0011792819593257286	79834
chrX	35900000	36000000	0.000753547711014336	28989
chrX	36000000	36100000	0.0	NA
chrX	36100000	36200000	0.0	NA
chrX	36200000	36300000	0.0	NA
chrX	36300000	36400000	0.0	NA
chrX	36400000	36500000	0.0006031002757012168	31231
chrX	36500000	36600000	0.0007092752388451302	87048
chrX	36600000	36700000	0.0010744589865018508	84166
chrX	36700000	36800000	0.0008365816610831877	83505
chrX	36800000	36900000	0.0007363527393078278	90691
chrX	36900000	37000000	0.000541868568735856	78143
chrX	37000000	37100000	0.0005684751925353424	51870
chrX	37100000	37200000	0.0008724742383266337	38644
chrX	37200000	37300000	0.0007817276569585969	8119
chrX	37300000	37400000	0.0007621046659045343	41133
chrX	37400000	37500000	0.0003329452427390572	13968
chrX	37500000	37600000	0.00036303790788244693	15052
chrX	37600000	37700000	0.0005726388878672936	49342
chrX	37700000	37800000	0.0009022145113249238	78306
chrX	37800000	37900000	0.0008630547974949132	53127
chrX	37900000	38000000	0.0004998223329608748	11123
chrX	38000000	38100000	0.0006066591011205294	25187
chrX	38100000	38200000	0.0007002789688302049	33111
chrX	38200000	38300000	0.001063240269774692	25710
chrX	38300000	38400000	0.000698403520781845	39860
chrX	38400000	38500000	0.0	NA
chrX	38500000	38600000	0.0	NA
chrX	38600000	38700000	0.0	NA
chrX	38700000	38800000	0.0	NA
chrX	38800000	38900000	0.0	NA
chrX	38900000	39000000	0.0	NA
chrX	39000000	39100000	0.0	NA
chrX	39100000	39200000	0.0	NA
chrX	39200000	39300000	0.0	NA
chrX	39300000	39400000	0.0	NA
chrX	39400000	39500000	0.0	NA
chrX	39500000	39600000	0.0	NA
chrX	39600000	39700000	0.0	NA
chrX	39700000	39800000	0.0	NA
chrX	39800000	39900000	0.0	NA
chrX	39900000	40000000	0.0	NA
chrX	40000000	40100000	0.0	NA
chrX	40100000	40200000	0.0	NA
chrX	40200000	40300000	0.0	NA
chrX	40300000	40400000	0.0	NA
chrX	40400000	40500000	0.0	NA
chrX	40500000	40600000	0.0	NA
chrX	40600000	40700000	0.0	NA
chrX	40700000	40800000	0.0	NA
chrX	40800000	40900000	0.0	NA
chrX	40900000	41000000	0.0	NA
chrX	41000000	41100000	0.0	NA
chrX	41100000	41200000	0.0	NA
chrX	41200000	41300000	0.0012562105014464174	12017
chrX	41300000	41400000	0.0006744608303724799	25399
chrX	41400000	41500000	0.0	NA
chrX	41500000	41600000	0.0	NA
chrX	41600000	41700000	0.0	NA
chrX	41700000	41800000	0.00016219658470693703	14731
chrX	41800000	41900000	0.00043256931144968115	80598
chrX	41900000	42000000	0.0006470318113345443	88976
chrX	42000000	42100000	0.00049710787223306	79880
chrX	42100000	42200000	0.0005255666449302398	79572
chrX	42200000	42300000	0.0004551224830827707	80006
chrX	42300000	42400000	0.0004934440418795168	83348
chrX	42400000	42500000	0.0003354793877073489	81275
chrX	42500000	42600000	0.0007466851972181506	79932
chrX	42600000	42700000	0.00077227241958052	81058
chrX	42700000	42800000	0.0007808942460000038	79569
chrX	42800000	42900000	0.0009367603530677399	84428
chrX	42900000	43000000	0.0007935492951265806	89394
chrX	43000000	43100000	0.0005096299902976705	44692
chrX	43100000	43200000	0.0004247913697735394	76557
chrX	43200000	43300000	0.00031133586521505004	86165
chrX	43300000	43400000	0.0007190499187173742	85402
chrX	43400000	43500000	0.0006780221722595385	77829
chrX	43500000	43600000	0.0006777080256809988	9768
chrX	43600000	43700000	0.0005863785743108096	17236
chrX	43700000	43800000	0.00031809703342550036	48087
chrX	43800000	43900000	0.0005783286464883188	61576
chrX	43900000	44000000	0.0005088856088105587	82612
chrX	44000000	44100000	0.000504340319155134	6075
chrX	44100000	44200000	0.0	NA
chrX	44200000	44300000	0.0007606634228009981	68152
chrX	44300000	44400000	0.0006472303465896364	50725
chrX	44400000	44500000	0.0007623933868851452	45746
chrX	44500000	44600000	0.0005704913979174547	61365
chrX	44600000	44700000	0.0007747038879370907	47804
chrX	44700000	44800000	0.0007102577237001551	18821
chrX	44800000	44900000	0.0	NA
chrX	44900000	45000000	0.0005401619935153602	21963
chrX	45000000	45100000	0.0008180101334236093	38914
chrX	45100000	45200000	0.0007104153733979574	85322
chrX	45200000	45300000	0.000743965132018011	85326
chrX	45300000	45400000	0.00061480099619361	61223
chrX	45400000	45500000	0.0005503821260438544	84098
chrX	45500000	45600000	0.0006890520353293767	76303
chrX	45600000	45700000	0.0006312541979313864	84474
chrX	45700000	45800000	0.00043787839136145203	74446
chrX	45800000	45900000	0.0007330028842190383	78444
chrX	45900000	46000000	0.0003895116642952445	21486
chrX	46000000	46100000	0.0	NA
chrX	46100000	46200000	0.0	NA
chrX	46200000	46300000	0.0	NA
chrX	46300000	46400000	0.0	NA
chrX	46400000	46500000	0.0	NA
chrX	46500000	46600000	0.0	NA
chrX	46600000	46700000	0.0	NA
chrX	46700000	46800000	0.0	NA
chrX	46800000	46900000	0.0	NA
chrX	46900000	47000000	0.0	NA
chrX	47000000	47100000	0.0	NA
chrX	47100000	47200000	0.0	NA
chrX	47200000	47300000	0.0	NA
chrX	47300000	47400000	0.0	NA
chrX	47400000	47500000	0.0	NA
chrX	47500000	47600000	0.0	NA
chrX	47600000	47700000	0.0	NA
chrX	47700000	47800000	0.0	NA
chrX	47800000	47900000	0.0	NA
chrX	47900000	48000000	0.0	NA
chrX	48000000	48100000	0.0	NA
chrX	48100000	48200000	0.0	NA
chrX	48200000	48300000	0.0	NA
chrX	48300000	48400000	0.0	NA
chrX	48400000	48500000	0.0	NA
chrX	48500000	48600000	0.0	NA
chrX	48600000	48700000	0.0	NA
chrX	48700000	48800000	0.0	NA
chrX	48800000	48900000	0.0	NA
chrX	48900000	49000000	0.0	NA
chrX	49000000	49100000	0.0	NA
chrX	49100000	49200000	0.0	NA
chrX	49200000	49300000	0.0	NA
chrX	49300000	49400000	0.0	NA
chrX	49400000	49500000	0.0	NA
chrX	49500000	49600000	0.0	NA
chrX	49600000	49700000	0.0	NA
chrX	49700000	49800000	0.0	NA
chrX	49800000	49900000	0.0	NA
chrX	49900000	50000000	0.0	NA
chrX	50000000	50100000	0.0	NA
chrX	50100000	50200000	0.0	NA
chrX	50200000	50300000	0.0	NA
chrX	50300000	50400000	0.0	NA
chrX	50400000	50500000	0.0	NA
chrX	50500000	50600000	0.0	NA
chrX	50600000	50700000	0.0	NA
chrX	50700000	50800000	0.0	NA
chrX	50800000	50900000	0.0	NA
chrX	50900000	51000000	0.0	NA
chrX	51000000	51100000	0.0	NA
chrX	51100000	51200000	0.0	NA
chrX	51200000	51300000	0.0	NA
chrX	51300000	51400000	0.0	NA
chrX	51400000	51500000	0.0	NA
chrX	51500000	51600000	0.0	NA
chrX	51600000	51700000	0.0	NA
chrX	51700000	51800000	0.0	NA
chrX	51800000	51900000	0.0	NA
chrX	51900000	52000000	0.0	NA
chrX	52000000	52100000	0.0	NA
chrX	52100000	52200000	0.0	NA
chrX	52200000	52300000	0.0	NA
chrX	52300000	52400000	0.0	NA
chrX	52400000	52500000	0.0	NA
chrX	52500000	52600000	0.0	NA
chrX	52600000	52700000	0.0	NA
chrX	52700000	52800000	0.0	NA
chrX	52800000	52900000	0.0	NA
chrX	52900000	53000000	0.0	NA
chrX	53000000	53100000	0.0	NA
chrX	53100000	53200000	0.0	NA
chrX	53200000	53300000	0.0	NA
chrX	53300000	53400000	0.0	NA
chrX	53400000	53500000	0.0	NA
chrX	53500000	53600000	0.0	NA
chrX	53600000	53700000	0.0	NA
chrX	53700000	53800000	0.0	NA
chrX	53800000	53900000	0.0	NA
chrX	53900000	54000000	0.0	NA
chrX	54000000	54100000	0.0	NA
chrX	54100000	54200000	0.0	NA
chrX	54200000	54300000	0.0	NA
chrX	54300000	54400000	0.0	NA
chrX	54400000	54500000	0.0	NA
chrX	54500000	54600000	0.0	NA
chrX	54600000	54700000	0.0	NA
chrX	54700000	54800000	0.0	NA
chrX	54800000	54900000	0.0	NA
chrX	54900000	55000000	0.0	NA
chrX	55000000	55100000	0.0	NA
chrX	55100000	55200000	0.0	NA
chrX	55200000	55300000	0.0	NA
chrX	55300000	55400000	0.0	NA
chrX	55400000	55500000	0.0	NA
chrX	55500000	55600000	0.0	NA
chrX	55600000	55700000	0.0	NA
chrX	55700000	55800000	0.0	NA
chrX	55800000	55900000	0.0	NA
chrX	55900000	56000000	0.0	NA
chrX	56000000	56100000	0.0	NA
chrX	56100000	56200000	0.0	NA
chrX	56200000	56300000	0.0	NA
chrX	56300000	56400000	0.0	NA
chrX	56400000	56500000	0.0	NA
chrX	56500000	56600000	0.0	NA
chrX	56600000	56700000	0.0	NA
chrX	56700000	56800000	0.0	NA
chrX	56800000	56900000	0.0	NA
chrX	56900000	57000000	0.0	NA
chrX	57000000	57100000	0.0	NA
chrX	57100000	57200000	0.0	NA
chrX	57200000	57300000	0.0	NA
chrX	57300000	57400000	0.0	NA
chrX	57400000	57500000	0.0	NA
chrX	57500000	57600000	0.0	NA
chrX	57600000	57700000	0.0	NA
chrX	57700000	57800000	0.0	NA
chrX	57800000	57900000	0.0	NA
chrX	57900000	58000000	0.0	NA
chrX	58000000	58100000	0.0	NA
chrX	58100000	58200000	0.0	NA
chrX	58200000	58300000	0.0	NA
chrX	58300000	58400000	0.0	NA
chrX	58400000	58500000	0.0	NA
chrX	58500000	58600000	0.0	NA
chrX	58600000	58700000	0.0	NA
chrX	58700000	58800000	0.0	NA
chrX	58800000	58900000	0.0	NA
chrX	58900000	59000000	0.0	NA
chrX	59000000	59100000	0.0	NA
chrX	59100000	59200000	0.0	NA
chrX	59200000	59300000	0.0	NA
chrX	59300000	59400000	0.0	NA
chrX	59400000	59500000	0.0	NA
chrX	59500000	59600000	0.0	NA
chrX	59600000	59700000	0.0	NA
chrX	59700000	59800000	0.0	NA
chrX	59800000	59900000	0.0	NA
chrX	59900000	60000000	0.0	NA
chrX	60000000	60100000	0.0	NA
chrX	60100000	60200000	0.0	NA
chrX	60200000	60300000	0.0	NA
chrX	60300000	60400000	0.0	NA
chrX	60400000	60500000	0.0	NA
chrX	60500000	60600000	0.0	NA
chrX	60600000	60700000	0.0	NA
chrX	60700000	60800000	0.0	NA
chrX	60800000	60900000	0.0	NA
chrX	60900000	61000000	0.0	NA
chrX	61000000	61100000	0.0	NA
chrX	61100000	61200000	0.0	NA
chrX	61200000	61300000	0.0	NA
chrX	61300000	61400000	0.0	NA
chrX	61400000	61500000	0.0	NA
chrX	61500000	61600000	0.0	NA
chrX	61600000	61700000	0.0	NA
chrX	61700000	61800000	0.0	NA
chrX	61800000	61900000	0.0	NA
chrX	61900000	62000000	0.0	NA
chrX	62000000	62100000	0.0	NA
chrX	62100000	62200000	0.0	NA
chrX	62200000	62300000	0.0	NA
chrX	62300000	62400000	0.0	NA
chrX	62400000	62500000	0.0	NA
chrX	62500000	62600000	0.0	NA
chrX	62600000	62700000	0.0	NA
chrX	62700000	62800000	0.0	NA
chrX	62800000	62900000	0.0	NA
chrX	62900000	63000000	0.0	NA
chrX	63000000	63100000	0.0	NA
chrX	63100000	63200000	0.0	NA
chrX	63200000	63300000	0.0	NA
chrX	63300000	63400000	0.0	NA
chrX	63400000	63500000	0.0	NA
chrX	63500000	63600000	0.0	NA
chrX	63600000	63700000	0.0	NA
chrX	63700000	63800000	0.0	NA
chrX	63800000	63900000	0.0	NA
chrX	63900000	64000000	0.0	NA
chrX	64000000	64100000	0.0	NA
chrX	64100000	64200000	0.0	NA
chrX	64200000	64300000	0.0	NA
chrX	64300000	64400000	0.0	NA
chrX	64400000	64500000	0.0	NA
chrX	64500000	64600000	0.0	NA
chrX	64600000	64700000	0.0	NA
chrX	64700000	64800000	0.0	NA
chrX	64800000	64900000	0.0	NA
chrX	64900000	65000000	0.0	NA
chrX	65000000	65100000	0.0	NA
chrX	65100000	65200000	0.0	NA
chrX	65200000	65300000	0.0	NA
chrX	65300000	65400000	0.0	NA
chrX	65400000	65500000	0.0	NA
chrX	65500000	65600000	0.0	NA
chrX	65600000	65700000	0.0	NA
chrX	65700000	65800000	0.0	NA
chrX	65800000	65900000	0.0	NA
chrX	65900000	66000000	0.0	NA
chrX	66000000	66100000	0.0	NA
chrX	66100000	66200000	0.0	NA
chrX	66200000	66300000	0.0	NA
chrX	66300000	66400000	0.0	NA
chrX	66400000	66500000	0.0	NA
chrX	66500000	66600000	0.0	NA
chrX	66600000	66700000	0.0	NA
chrX	66700000	66800000	0.0	NA
chrX	66800000	66900000	0.0	NA
chrX	66900000	67000000	0.0	NA
chrX	67000000	67100000	0.0	NA
chrX	67100000	67200000	0.0	NA
chrX	67200000	67300000	0.0	NA
chrX	67300000	67400000	0.0	NA
chrX	67400000	67500000	0.0	NA
chrX	67500000	67600000	0.0	NA
chrX	67600000	67700000	0.0	NA
chrX	67700000	67800000	0.0	NA
chrX	67800000	67900000	0.0	NA
chrX	67900000	68000000	0.0	NA
chrX	68000000	68100000	0.0	NA
chrX	68100000	68200000	0.0	NA
chrX	68200000	68300000	0.0	NA
chrX	68300000	68400000	0.0	NA
chrX	68400000	68500000	0.0	NA
chrX	68500000	68600000	0.0	NA
chrX	68600000	68700000	0.0	NA
chrX	68700000	68800000	0.0	NA
chrX	68800000	68900000	0.0	NA
chrX	68900000	69000000	0.0	NA
chrX	69000000	69100000	0.0	NA
chrX	69100000	69200000	0.0	NA
chrX	69200000	69300000	0.0	NA
chrX	69300000	69400000	0.0	NA
chrX	69400000	69500000	0.0	NA
chrX	69500000	69600000	0.0	NA
chrX	69600000	69700000	0.0	NA
chrX	69700000	69800000	0.0	NA
chrX	69800000	69900000	0.0	NA
chrX	69900000	70000000	0.0	NA
chrX	70000000	70100000	0.0	NA
chrX	70100000	70200000	0.0	NA
chrX	70200000	70300000	0.0	NA
chrX	70300000	70400000	0.0	NA
chrX	70400000	70500000	0.0	NA
chrX	70500000	70600000	0.0	NA
chrX	70600000	70700000	0.0	NA
chrX	70700000	70800000	0.0	NA
chrX	70800000	70900000	0.0	NA
chrX	70900000	71000000	0.0	NA
chrX	71000000	71100000	0.0	NA
chrX	71100000	71200000	0.0	NA
chrX	71200000	71300000	0.0	NA
chrX	71300000	71400000	0.0	NA
chrX	71400000	71500000	0.0	NA
chrX	71500000	71600000	0.0	NA
chrX	71600000	71700000	0.0	NA
chrX	71700000	71800000	0.0	NA
chrX	71800000	71900000	0.0	NA
chrX	71900000	72000000	0.0	NA
chrX	72000000	72100000	0.0	NA
chrX	72100000	72200000	0.0	NA
chrX	72200000	72300000	0.0	NA
chrX	72300000	72400000	0.0	NA
chrX	72400000	72500000	0.0	NA
chrX	72500000	72600000	0.0	NA
chrX	72600000	72700000	0.0	NA
chrX	72700000	72800000	0.0	NA
chrX	72800000	72900000	0.0	NA
chrX	72900000	73000000	0.0	NA
chrX	73000000	73100000	0.0	NA
chrX	73100000	73200000	0.0	NA
chrX	73200000	73300000	0.0	NA
chrX	73300000	73400000	0.0	NA
chrX	73400000	73500000	0.0	NA
chrX	73500000	73600000	0.0	NA
chrX	73600000	73700000	0.0	NA
chrX	73700000	73800000	0.0	NA
chrX	73800000	73900000	0.0	NA
chrX	73900000	74000000	0.0	NA
chrX	74000000	74100000	0.0	NA
chrX	74100000	74200000	0.0	NA
chrX	74200000	74300000	0.0	NA
chrX	74300000	74400000	0.0	NA
chrX	74400000	74500000	0.0	NA
chrX	74500000	74600000	0.0	NA
chrX	74600000	74700000	0.0	NA
chrX	74700000	74800000	0.0	NA
chrX	74800000	74900000	0.0	NA
chrX	74900000	75000000	0.0	NA
chrX	75000000	75100000	0.0	NA
chrX	75100000	75200000	0.0	NA
chrX	75200000	75300000	0.0	NA
chrX	75300000	75400000	0.0	NA
chrX	75400000	75500000	0.0	NA
chrX	75500000	75600000	0.0	NA
chrX	75600000	75700000	0.0	NA
chrX	75700000	75800000	0.0	NA
chrX	75800000	75900000	0.0	NA
chrX	75900000	76000000	0.0	NA
chrX	76000000	76100000	0.0	NA
chrX	76100000	76200000	0.0	NA
chrX	76200000	76300000	0.0	NA
chrX	76300000	76400000	0.0	NA
chrX	76400000	76500000	0.0	NA
chrX	76500000	76600000	0.0	NA
chrX	76600000	76700000	0.0	NA
chrX	76700000	76800000	0.0	NA
chrX	76800000	76900000	0.0	NA
chrX	76900000	77000000	0.0	NA
chrX	77000000	77100000	0.0	NA
chrX	77100000	77200000	0.0	NA
chrX	77200000	77300000	0.0	NA
chrX	77300000	77400000	0.0	NA
chrX	77400000	77500000	0.0	NA
chrX	77500000	77600000	0.0	NA
chrX	77600000	77700000	0.0	NA
chrX	77700000	77800000	0.0	NA
chrX	77800000	77900000	0.0	NA
chrX	77900000	78000000	0.0006592079661714903	37998
chrX	78000000	78100000	0.0005052463607906417	69973
chrX	78100000	78200000	0.00032070474891188866	76470
chrX	78200000	78300000	0.0004867931145031231	56319
chrX	78300000	78400000	0.0004657344772888065	79018
chrX	78400000	78500000	0.0008039469768723691	76906
chrX	78500000	78600000	0.0009190141402572401	80798
chrX	78600000	78700000	0.000784568503900774	72185
chrX	78700000	78800000	0.0007824291893068064	72233
chrX	78800000	78900000	0.0007235630082023747	85322
chrX	78900000	79000000	0.0012178674515469882	71153
chrX	79000000	79100000	0.0016624564808248121	74574
chrX	79100000	79200000	0.0018196574214001625	68742
chrX	79200000	79300000	0.001143041637010619	57453
chrX	79300000	79400000	0.0007825616515495336	71543
chrX	79400000	79500000	0.0007672177951676121	56673
chrX	79500000	79600000	9.652509652509678e-05	185
chrX	79600000	79700000	0.0	NA
chrX	79700000	79800000	0.0004710526431739743	70979
chrX	79800000	79900000	0.0003769914476534202	69882
chrX	79900000	80000000	0.00037044916282576596	17079
chrX	80000000	80100000	0.0003594685468523392	22051
chrX	80100000	80200000	0.0007356472233563396	64438
chrX	80200000	80300000	0.0005471531606382996	60867
chrX	80300000	80400000	0.0005134905008047447	49662
chrX	80400000	80500000	0.0	NA
chrX	80500000	80600000	0.0004736430040610809	32793
chrX	80600000	80700000	0.0006411507255549012	87081
chrX	80700000	80800000	0.0011458183138681034	78084
chrX	80800000	80900000	0.000749527118018439	82390
chrX	80900000	81000000	0.0005644401050160018	71089
chrX	81000000	81100000	0.0007227415911767275	65405
chrX	81100000	81200000	0.0006848589727149914	81176
chrX	81200000	81300000	0.0004081572209137327	71634
chrX	81300000	81400000	0.0007314996464123115	84901
chrX	81400000	81500000	0.00034037469994837194	80220
chrX	81500000	81600000	0.00022576401353248773	87904
chrX	81600000	81700000	0.0005149412601900066	80926
chrX	81700000	81800000	0.0009168825458334332	75521
chrX	81800000	81900000	0.0011158448543007074	78503
chrX	81900000	82000000	0.0006951855000814536	79390
chrX	82000000	82100000	0.0009045820977316142	70360
chrX	82100000	82200000	0.0006512091837881217	82185
chrX	82200000	82300000	0.0009988727355437913	80752
chrX	82300000	82400000	0.0007003756787260434	75059
chrX	82400000	82500000	0.000762793719707025	81344
chrX	82500000	82600000	0.00038190686645184094	77677
chrX	82600000	82700000	0.000437474447516264	70306
chrX	82700000	82800000	0.0003017697465675077	86482
chrX	82800000	82900000	0.0002822013269592438	73797
chrX	82900000	83000000	0.0003087376045426722	65746
chrX	83000000	83100000	0.00031272119882825303	71216
chrX	83100000	83200000	0.00029277207338465155	61184
chrX	83200000	83300000	0.00034020265053771675	77716
chrX	83300000	83400000	0.00022408006033851707	10199
chrX	83400000	83500000	0.00035255151530758924	50376
chrX	83500000	83600000	0.000720952243649826	55116
chrX	83600000	83700000	0.0	NA
chrX	83700000	83800000	0.001661012406521644	35573
chrX	83800000	83900000	0.0011018262104469019	72500
chrX	83900000	84000000	0.0007265731794181867	82759
chrX	84000000	84100000	0.0009885909015894079	76378
chrX	84100000	84200000	0.000921889813281656	62829
chrX	84200000	84300000	0.0010198519290385481	33244
chrX	84300000	84400000	0.0011133614116089958	26706
chrX	84400000	84500000	0.0005420242710554244	70104
chrX	84500000	84600000	0.0007985814842002133	3887
chrX	84600000	84700000	0.0013948260920718313	46655
chrX	84700000	84800000	0.0008597231714283429	83194
chrX	84800000	84900000	0.0019234922835958122	74517
chrX	84900000	85000000	0.0014169652903515653	65222
chrX	85000000	85100000	0.0009560506656948904	68020
chrX	85100000	85200000	0.0007657025199118164	12413
chrX	85200000	85300000	0.0	NA
chrX	85300000	85400000	0.0010692519876943076	70772
chrX	85400000	85500000	0.000647730877322714	2548
chrX	85500000	85600000	0.0	NA
chrX	85600000	85700000	0.0	NA
chrX	85700000	85800000	0.0	NA
chrX	85800000	85900000	0.0	NA
chrX	85900000	86000000	0.0	NA
chrX	86000000	86100000	0.0008965255091357144	11229
chrX	86100000	86200000	0.0007736528434516167	76098
chrX	86200000	86300000	0.0009006060208188308	73869
chrX	86300000	86400000	0.0011206051043388435	73342
chrX	86400000	86500000	0.0014266895018862568	79538
chrX	86500000	86600000	0.001129292724034663	80524
chrX	86600000	86700000	0.0011474880077793786	80310
chrX	86700000	86800000	0.0008778376030642414	54161
chrX	86800000	86900000	0.0	NA
chrX	86900000	87000000	0.0010734726461978524	57181
chrX	87000000	87100000	0.0013353387175696011	71326
chrX	87100000	87200000	0.0009917848641854744	85549
chrX	87200000	87300000	0.001035750155616037	77545
chrX	87300000	87400000	0.0010281924911456834	87214
chrX	87400000	87500000	0.0013098721099808397	82770
chrX	87500000	87600000	0.0015966687138515053	71770
chrX	87600000	87700000	0.0015748466663158657	84236
chrX	87700000	87800000	0.0017902117672822287	73486
chrX	87800000	87900000	0.0008977336420496261	82864
chrX	87900000	88000000	0.0012495501318790761	83275
chrX	88000000	88100000	0.0006485454558259691	63045
chrX	88100000	88200000	0.0008123790452606914	81860
chrX	88200000	88300000	0.000993253355483896	83872
chrX	88300000	88400000	0.0008096225637586427	82143
chrX	88400000	88500000	0.0009937191933371478	47115
chrX	88500000	88600000	0.0	65
chrX	88600000	88700000	0.0	62
chrX	88700000	88800000	0.0	51
chrX	88800000	88900000	0.0008178562526388616	1265
chrX	88900000	89000000	0.0026069524913735205	9301
chrX	89000000	89100000	0.0021671146462465328	599
chrX	89100000	89200000	0.0	33
chrX	89200000	89300000	0.0011021813494725052	34332
chrX	89300000	89400000	0.0012156762752315931	41558
chrX	89400000	89500000	0.00032175032175032174	3412
chrX	89500000	89600000	0.0007032693202905969	1833
chrX	89600000	89700000	0.00045539564022054285	514
chrX	89700000	89800000	0.002779853586305199	372
chrX	89800000	89900000	0.0009225645386359671	4368
chrX	89900000	90000000	0.00069661310470134	1360
chrX	90000000	90100000	0.0005856925613958861	782
chrX	90100000	90200000	0.0006415236183833389	7649
chrX	90200000	90300000	0.0017438950221969085	6996
chrX	90300000	90400000	0.0009805110019427176	77222
chrX	90400000	90500000	0.0027546343335817024	228
chrX	90500000	90600000	0.0010378905356050227	66546
chrX	90600000	90700000	0.0009963208145661816	62942
chrX	90700000	90800000	0.0011002312925896172	30386
chrX	90800000	90900000	0.0005272399324443934	1345
chrX	90900000	91000000	0.0010823968521151213	17357
chrX	91000000	91100000	0.0012310447093055788	276
chrX	91100000	91200000	0.0	NA
chrX	91200000	91300000	0.0	NA
chrX	91300000	91400000	0.0	NA
chrX	91400000	91500000	0.0	NA
chrX	91500000	91600000	0.0	NA
chrX	91600000	91700000	0.0	NA
chrX	91700000	91800000	0.0	NA
chrX	91800000	91900000	0.0004746810302365858	648
chrX	91900000	92000000	0.0	250
chrX	92000000	92100000	0.0019454505073974108	226
chrX	92100000	92200000	0.0008892466564115327	4282
chrX	92200000	92300000	0.0004745535667355971	857
chrX	92300000	92400000	0.0005657975669309835	21631
chrX	92400000	92500000	0.0008511684760512361	82097
chrX	92500000	92600000	0.001185837795048855	80729
chrX	92600000	92700000	0.00082258650435509	82484
chrX	92700000	92800000	0.0011139678665115632	84326
chrX	92800000	92900000	0.0008091135680497862	77046
chrX	92900000	93000000	0.0008161827039221911	49011
chrX	93000000	93100000	0.0004598775186524445	90770
chrX	93100000	93200000	0.0007820856892912715	79369
chrX	93200000	93300000	0.0013778082401329906	81587
chrX	93300000	93400000	0.001148469896007393	82176
chrX	93400000	93500000	0.0009470367702346871	84111
chrX	93500000	93600000	0.0013800428854714019	82435
chrX	93600000	93700000	0.0009322673579945035	86640
chrX	93700000	93800000	0.0008451448877574106	79207
chrX	93800000	93900000	0.0006413423698130945	83504
chrX	93900000	94000000	0.0005087765200813841	79081
chrX	94000000	94100000	0.0010252161048819879	68599
chrX	94100000	94200000	0.0006638967979912041	81259
chrX	94200000	94300000	0.0009126366070257818	82929
chrX	94300000	94400000	0.001088654414065587	79103
chrX	94400000	94500000	0.0011398535938068716	80136
chrX	94500000	94600000	0.0006670491032482648	80477
chrX	94600000	94700000	0.0007921160660075842	83628
chrX	94700000	94800000	0.000656633058216119	85075
chrX	94800000	94900000	0.0008431035578503228	76229
chrX	94900000	95000000	0.0005528187154013368	86842
chrX	95000000	95100000	0.0006923203475827014	78596
chrX	95100000	95200000	0.0010398802068504775	82344
chrX	95200000	95300000	0.001076599738571567	79875
chrX	95300000	95400000	0.0005795105587867132	73828
chrX	95400000	95500000	0.00046899710857197516	76776
chrX	95500000	95600000	0.0008914544420710566	66411
chrX	95600000	95700000	0.0005268375142771386	80332
chrX	95700000	95800000	0.0006365316984316725	72601
chrX	95800000	95900000	0.0008217511275130084	65373
chrX	95900000	96000000	0.0008121343836582472	29983
chrX	96000000	96100000	0.0	NA
chrX	96100000	96200000	0.0	NA
chrX	96200000	96300000	0.0	NA
chrX	96300000	96400000	0.0	NA
chrX	96400000	96500000	0.0	NA
chrX	96500000	96600000	0.0	NA
chrX	96600000	96700000	0.0	NA
chrX	96700000	96800000	0.0	NA
chrX	96800000	96900000	0.0007231353812003821	39876
chrX	96900000	97000000	0.000899822196829564	83338
chrX	97000000	97100000	0.0007443150458780049	82586
chrX	97100000	97200000	0.0005442681376745946	80776
chrX	97200000	97300000	0.0007771724574027653	85277
chrX	97300000	97400000	0.0008470897614843203	81899
chrX	97400000	97500000	0.0004444001367938725	80460
chrX	97500000	97600000	0.00045937000385282985	79157
chrX	97600000	97700000	0.00047596995420533456	75053
chrX	97700000	97800000	0.0004273146210896971	83246
chrX	97800000	97900000	0.0005916687908261572	79038
chrX	97900000	98000000	0.0005636800650930639	74310
chrX	98000000	98100000	0.0004708480028680539	85181
chrX	98100000	98200000	0.0003700120633987113	79778
chrX	98200000	98300000	0.0004898362952389973	89955
chrX	98300000	98400000	0.0005230388460274183	86195
chrX	98400000	98500000	0.0009198907342102875	78522
chrX	98500000	98600000	0.0004445057233790677	80628
chrX	98600000	98700000	0.00041154136845374925	86591
chrX	98700000	98800000	0.0004683595246858467	15641
chrX	98800000	98900000	0.0	NA
chrX	98900000	99000000	0.0	NA
chrX	99000000	99100000	0.0	NA
chrX	99100000	99200000	0.0009267665899073547	3687
chrX	99200000	99300000	0.0005514958491770211	88148
chrX	99300000	99400000	0.00030969037333959513	74942
chrX	99400000	99500000	0.0003479619848577245	42883
chrX	99500000	99600000	0.0	NA
chrX	99600000	99700000	0.0	NA
chrX	99700000	99800000	0.0	NA
chrX	99800000	99900000	0.0	NA
chrX	99900000	100000000	0.0	NA
chrX	100000000	100100000	0.0	NA
chrX	100100000	100200000	0.0	NA
chrX	100200000	100300000	0.0	NA
chrX	100300000	100400000	0.0	NA
chrX	100400000	100500000	0.0	NA
chrX	100500000	100600000	0.0	NA
chrX	100600000	100700000	0.0	NA
chrX	100700000	100800000	0.0	NA
chrX	100800000	100900000	0.0	NA
chrX	100900000	101000000	0.0	NA
chrX	101000000	101100000	0.0	NA
chrX	101100000	101200000	0.0	NA
chrX	101200000	101300000	0.0	NA
chrX	101300000	101400000	0.0	NA
chrX	101400000	101500000	0.0	NA
chrX	101500000	101600000	0.0	NA
chrX	101600000	101700000	0.0	NA
chrX	101700000	101800000	0.0	NA
chrX	101800000	101900000	0.0	NA
chrX	101900000	102000000	0.0	NA
chrX	102000000	102100000	0.0	NA
chrX	102100000	102200000	0.0	NA
chrX	102200000	102300000	0.0	NA
chrX	102300000	102400000	0.0	NA
chrX	102400000	102500000	0.0	NA
chrX	102500000	102600000	0.0	NA
chrX	102600000	102700000	0.0	NA
chrX	102700000	102800000	0.0	NA
chrX	102800000	102900000	0.0	NA
chrX	102900000	103000000	0.0	NA
chrX	103000000	103100000	0.0	NA
chrX	103100000	103200000	0.0	NA
chrX	103200000	103300000	0.0	NA
chrX	103300000	103400000	0.0	NA
chrX	103400000	103500000	0.0	NA
chrX	103500000	103600000	0.0	NA
chrX	103600000	103700000	0.0	NA
chrX	103700000	103800000	0.0	NA
chrX	103800000	103900000	0.0	NA
chrX	103900000	104000000	0.0	NA
chrX	104000000	104100000	0.0	NA
chrX	104100000	104200000	0.0	NA
chrX	104200000	104300000	0.0	NA
chrX	104300000	104400000	0.0	NA
chrX	104400000	104500000	0.0	NA
chrX	104500000	104600000	0.0	NA
chrX	104600000	104700000	0.0	NA
chrX	104700000	104800000	0.0	NA
chrX	104800000	104900000	0.0	NA
chrX	104900000	105000000	0.0	NA
chrX	105000000	105100000	0.0	NA
chrX	105100000	105200000	0.0	NA
chrX	105200000	105300000	0.0	NA
chrX	105300000	105400000	0.0	NA
chrX	105400000	105500000	0.0	NA
chrX	105500000	105600000	0.0	NA
chrX	105600000	105700000	0.0	NA
chrX	105700000	105800000	0.0	NA
chrX	105800000	105900000	0.0	NA
chrX	105900000	106000000	0.0	NA
chrX	106000000	106100000	0.0	NA
chrX	106100000	106200000	0.0	NA
chrX	106200000	106300000	0.0	NA
chrX	106300000	106400000	0.0	NA
chrX	106400000	106500000	0.0	NA
chrX	106500000	106600000	0.0	NA
chrX	106600000	106700000	0.0	NA
chrX	106700000	106800000	0.0	NA
chrX	106800000	106900000	0.0	NA
chrX	106900000	107000000	0.0	NA
chrX	107000000	107100000	0.0	NA
chrX	107100000	107200000	0.0	NA
chrX	107200000	107300000	0.0	NA
chrX	107300000	107400000	0.0	NA
chrX	107400000	107500000	0.0	NA
chrX	107500000	107600000	0.0	NA
chrX	107600000	107700000	0.0	NA
chrX	107700000	107800000	0.0	NA
chrX	107800000	107900000	0.0	NA
chrX	107900000	108000000	0.0	NA
chrX	108000000	108100000	0.0	NA
chrX	108100000	108200000	0.0	NA
chrX	108200000	108300000	0.0	NA
chrX	108300000	108400000	0.0	NA
chrX	108400000	108500000	0.0	NA
chrX	108500000	108600000	0.0	NA
chrX	108600000	108700000	0.0	NA
chrX	108700000	108800000	0.0	NA
chrX	108800000	108900000	0.0	NA
chrX	108900000	109000000	0.0	NA
chrX	109000000	109100000	0.0	NA
chrX	109100000	109200000	0.0	NA
chrX	109200000	109300000	0.0	NA
chrX	109300000	109400000	0.0	NA
chrX	109400000	109500000	0.0	NA
chrX	109500000	109600000	0.0	NA
chrX	109600000	109700000	0.0	NA
chrX	109700000	109800000	0.0	NA
chrX	109800000	109900000	0.0	NA
chrX	109900000	110000000	0.0	NA
chrX	110000000	110100000	0.0	NA
chrX	110100000	110200000	0.0	NA
chrX	110200000	110300000	0.0	NA
chrX	110300000	110400000	0.0	NA
chrX	110400000	110500000	0.0	NA
chrX	110500000	110600000	0.0	NA
chrX	110600000	110700000	0.0	NA
chrX	110700000	110800000	0.0	NA
chrX	110800000	110900000	0.0	NA
chrX	110900000	111000000	0.0	NA
chrX	111000000	111100000	0.0	NA
chrX	111100000	111200000	0.0	NA
chrX	111200000	111300000	0.0	NA
chrX	111300000	111400000	0.0	NA
chrX	111400000	111500000	0.0	NA
chrX	111500000	111600000	0.0	NA
chrX	111600000	111700000	0.0	NA
chrX	111700000	111800000	0.0008673230928195791	67021
chrX	111800000	111900000	0.0009600407661137443	50947
chrX	111900000	112000000	0.0005691352747722354	57531
chrX	112000000	112100000	0.000575260348513952	28931
chrX	112100000	112200000	0.0005661190837539235	71251
chrX	112200000	112300000	0.0006781238423866977	68433
chrX	112300000	112400000	0.0	NA
chrX	112400000	112500000	0.0	NA
chrX	112500000	112600000	0.0	NA
chrX	112600000	112700000	0.0	NA
chrX	112700000	112800000	0.0008142950700444619	29177
chrX	112800000	112900000	0.0006238382994614894	48656
chrX	112900000	113000000	0.0	NA
chrX	113000000	113100000	0.0	NA
chrX	113100000	113200000	0.0005921378450717553	16190
chrX	113200000	113300000	0.000904069773986139	73176
chrX	113300000	113400000	0.0007309442063964018	76626
chrX	113400000	113500000	0.0008929993921341335	84368
chrX	113500000	113600000	0.0007922689923569534	40927
chrX	113600000	113700000	0.0008345825462298479	83221
chrX	113700000	113800000	0.00047732791171070497	71662
chrX	113800000	113900000	0.00043074028782087064	16058
chrX	113900000	114000000	0.0	NA
chrX	114000000	114100000	0.0	NA
chrX	114100000	114200000	0.0010967820192770176	41507
chrX	114200000	114300000	0.0008436779490096736	72922
chrX	114300000	114400000	0.0005424512846164359	31462
chrX	114400000	114500000	0.0005347218704938178	23784
chrX	114500000	114600000	0.0006096755197006526	67241
chrX	114600000	114700000	0.0007224948406029868	82924
chrX	114700000	114800000	0.0007298659505572158	38538
chrX	114800000	114900000	0.0009989130787450117	8330
chrX	114900000	115000000	0.0004569073033803322	26510
chrX	115000000	115100000	0.0007053717491697035	12512
chrX	115100000	115200000	0.0005412832526861993	65562
chrX	115200000	115300000	0.0009233091445252887	69242
chrX	115300000	115400000	0.0012425753693455707	71602
chrX	115400000	115500000	0.0011653490291557399	80908
chrX	115500000	115600000	0.0008485775310837872	64329
chrX	115600000	115700000	0.0010637120349350534	61160
chrX	115700000	115800000	0.0009039689882638274	52435
chrX	115800000	115900000	0.0005830405456232115	74698
chrX	115900000	116000000	0.000900966026309643	73119
chrX	116000000	116100000	0.0007519070576842633	76196
chrX	116100000	116200000	0.0008945517975273876	81446
chrX	116200000	116300000	0.001118008722281355	78640
chrX	116300000	116400000	0.0009400487940395708	71475
chrX	116400000	116500000	0.001457943980851132	70502
chrX	116500000	116600000	0.0014304050545116591	70238
chrX	116600000	116700000	0.0010484393617207126	74390
chrX	116700000	116800000	0.0009465804734195206	74679
chrX	116800000	116900000	0.0011655506043696817	73773
chrX	116900000	117000000	0.001026879855371519	74148
chrX	117000000	117100000	0.0008217801742788307	22332
chrX	117100000	117200000	0.0	NA
chrX	117200000	117300000	0.0010399249190237365	40347
chrX	117300000	117400000	0.0009207123520653672	77294
chrX	117400000	117500000	0.0008128764306812647	49773
chrX	117500000	117600000	0.0009343803671712617	10631
chrX	117600000	117700000	0.0006277371730581972	14298
chrX	117700000	117800000	0.0	NA
chrX	117800000	117900000	0.0003929296126065146	26803
chrX	117900000	118000000	0.0007370472698327801	29815
chrX	118000000	118100000	0.0006940063378742616	53000
chrX	118100000	118200000	0.0006303530845062294	39921
chrX	118200000	118300000	0.0008412888623932953	21133
chrX	118300000	118400000	0.0006413964000213554	72783
chrX	118400000	118500000	0.0005302734856804972	44581
chrX	118500000	118600000	0.0006998017840071409	26471
chrX	118600000	118700000	0.0007332570799940044	40897
chrX	118700000	118800000	0.0005011828562361485	13229
chrX	118800000	118900000	0.0009936150385740925	36878
chrX	118900000	119000000	0.0008211475570526008	35385
chrX	119000000	119100000	0.0007966340391571059	25144
chrX	119100000	119200000	0.0007322412879902748	48826
chrX	119200000	119300000	0.0004966183594785516	1874
chrX	119300000	119400000	0.0005582188172275149	36215
chrX	119400000	119500000	0.0005550956645000039	38344
chrX	119500000	119600000	0.0009101554300178009	28773
chrX	119600000	119700000	0.0005501809962750715	36035
chrX	119700000	119800000	0.0004736093343907722	44851
chrX	119800000	119900000	0.0009623883129543593	78262
chrX	119900000	120000000	0.0004929741771847029	65493
chrX	120000000	120100000	0.00014467759764895296	4678
chrX	120100000	120200000	0.00025369474093420624	61988
chrX	120200000	120300000	0.0005740995656503759	78949
chrX	120300000	120400000	0.0008767506993119542	78196
chrX	120400000	120500000	0.000990590226997928	77432
chrX	120500000	120600000	0.0013178868840492525	77204
chrX	120600000	120700000	0.0006925903321562496	79432
chrX	120700000	120800000	0.0007911216271801756	88678
chrX	120800000	120900000	0.0006985670905654581	80903
chrX	120900000	121000000	0.0005856667994630145	79332
chrX	121000000	121100000	0.00067258319768384	83464
chrX	121100000	121200000	0.0006235560939389336	79903
chrX	121200000	121300000	0.0007027055717219423	75811
chrX	121300000	121400000	0.0007783026724203192	74375
chrX	121400000	121500000	0.0010377194297884857	77267
chrX	121500000	121600000	0.0009193681286074588	81218
chrX	121600000	121700000	0.0011575512183368208	71563
chrX	121700000	121800000	0.0008405656975864586	84243
chrX	121800000	121900000	0.0009316871576626953	77265
chrX	121900000	122000000	0.0011294879770142264	85213
chrX	122000000	122100000	0.0007315746597244912	82171
chrX	122100000	122200000	0.0005667711673434495	76885
chrX	122200000	122300000	0.000794398366823749	82119
chrX	122300000	122400000	0.0006473947472434613	17186
chrX	122400000	122500000	0.0	NA
chrX	122500000	122600000	0.0	NA
chrX	122600000	122700000	0.0007882017826319219	57093
chrX	122700000	122800000	0.0003833718949998021	21285
chrX	122800000	122900000	0.00043502229003295113	16884
chrX	122900000	123000000	0.0006642202817952242	37929
chrX	123000000	123100000	0.000486917567015352	21411
chrX	123100000	123200000	0.0	NA
chrX	123200000	123300000	0.0007720543318722774	38450
chrX	123300000	123400000	0.0010266339893164585	74654
chrX	123400000	123500000	0.000578879816925223	65027
chrX	123500000	123600000	0.0007866828131593916	2455
chrX	123600000	123700000	0.0	NA
chrX	123700000	123800000	0.0	NA
chrX	123800000	123900000	0.0	NA
chrX	123900000	124000000	0.0	NA
chrX	124000000	124100000	0.0011490846112175326	1941
chrX	124100000	124200000	0.0008199579901389926	80385
chrX	124200000	124300000	0.000725507303779623	87713
chrX	124300000	124400000	0.0005844036077171565	86602
chrX	124400000	124500000	0.0010742170628246072	75313
chrX	124500000	124600000	0.000991722309531798	77644
chrX	124600000	124700000	0.0009791568810977654	78830
chrX	124700000	124800000	0.0006355351974267137	79090
chrX	124800000	124900000	0.00050134994574263	84335
chrX	124900000	125000000	0.0005393821987598272	77285
chrX	125000000	125100000	0.0009765309329262795	77400
chrX	125100000	125200000	0.0009224527342147168	82061
chrX	125200000	125300000	0.0008554445706930366	68702
chrX	125300000	125400000	0.0006595539043274233	72324
chrX	125400000	125500000	0.0007984970852083886	76372
chrX	125500000	125600000	0.0007972884738011958	73295
chrX	125600000	125700000	0.0012122682730725937	78103
chrX	125700000	125800000	0.0006067353280695127	84456
chrX	125800000	125900000	0.0006869772958095461	84984
chrX	125900000	126000000	0.0007682259357906602	76090
chrX	126000000	126100000	0.0009017146573158516	69628
chrX	126100000	126200000	0.0005479547819802535	82209
chrX	126200000	126300000	0.0003410719206451511	75685
chrX	126300000	126400000	0.0003779586058496081	66387
chrX	126400000	126500000	0.0009016967338655412	78716
chrX	126500000	126600000	0.0005439438195545089	80933
chrX	126600000	126700000	0.0006841430292489967	77666
chrX	126700000	126800000	0.0006079295357029367	77423
chrX	126800000	126900000	0.0005880878834533648	88719
chrX	126900000	127000000	0.0008378253622268479	71594
chrX	127000000	127100000	0.0005642778801067965	86740
chrX	127100000	127200000	0.0006812401631710878	82489
chrX	127200000	127300000	0.0006307869525738425	81487
chrX	127300000	127400000	0.0004491842614251906	78164
chrX	127400000	127500000	0.00040146692469183304	86911
chrX	127500000	127600000	0.0003102073866285247	76013
chrX	127600000	127700000	0.00042669668467271155	83845
chrX	127700000	127800000	0.0005141659026091138	82895
chrX	127800000	127900000	0.0006766286925027975	72823
chrX	127900000	128000000	0.0006549532359481071	71949
chrX	128000000	128100000	0.0006449019475405401	82544
chrX	128100000	128200000	0.0006247420089180397	76311
chrX	128200000	128300000	0.00040355115412852145	28145
chrX	128300000	128400000	0.0	NA
chrX	128400000	128500000	0.0	NA
chrX	128500000	128600000	0.0	NA
chrX	128600000	128700000	0.0	NA
chrX	128700000	128800000	0.0	NA
chrX	128800000	128900000	0.0	NA
chrX	128900000	129000000	0.0	NA
chrX	129000000	129100000	0.0	NA
chrX	129100000	129200000	0.0	NA
chrX	129200000	129300000	0.0	NA
chrX	129300000	129400000	0.0	NA
chrX	129400000	129500000	0.0	NA
chrX	129500000	129600000	0.0	NA
chrX	129600000	129700000	0.0	NA
chrX	129700000	129800000	0.0	NA
chrX	129800000	129900000	0.0	NA
chrX	129900000	130000000	0.0	NA
chrX	130000000	130100000	0.0	NA
chrX	130100000	130200000	0.0	NA
chrX	130200000	130300000	0.0	NA
chrX	130300000	130400000	0.0	NA
chrX	130400000	130500000	0.0	NA
chrX	130500000	130600000	0.0	NA
chrX	130600000	130700000	0.0	NA
chrX	130700000	130800000	0.0	NA
chrX	130800000	130900000	0.0	NA
chrX	130900000	131000000	0.0	NA
chrX	131000000	131100000	0.0	NA
chrX	131100000	131200000	0.0	NA
chrX	131200000	131300000	0.0	NA
chrX	131300000	131400000	0.0	NA
chrX	131400000	131500000	0.0	NA
chrX	131500000	131600000	0.0	NA
chrX	131600000	131700000	0.0	NA
chrX	131700000	131800000	0.0	NA
chrX	131800000	131900000	0.0	NA
chrX	131900000	132000000	0.0	NA
chrX	132000000	132100000	0.0	NA
chrX	132100000	132200000	0.0	NA
chrX	132200000	132300000	0.0	NA
chrX	132300000	132400000	0.0	NA
chrX	132400000	132500000	0.0	NA
chrX	132500000	132600000	0.0	NA
chrX	132600000	132700000	0.0	NA
chrX	132700000	132800000	0.0	NA
chrX	132800000	132900000	0.0	NA
chrX	132900000	133000000	0.0	NA
chrX	133000000	133100000	0.0	NA
chrX	133100000	133200000	0.0	NA
chrX	133200000	133300000	0.0	NA
chrX	133300000	133400000	0.0	NA
chrX	133400000	133500000	0.0	NA
chrX	133500000	133600000	0.0	NA
chrX	133600000	133700000	0.0	NA
chrX	133700000	133800000	0.0	NA
chrX	133800000	133900000	0.0	NA
chrX	133900000	134000000	0.0	NA
chrX	134000000	134100000	0.0	NA
chrX	134100000	134200000	0.0	NA
chrX	134200000	134300000	0.0	NA
chrX	134300000	134400000	0.0	NA
chrX	134400000	134500000	0.0	NA
chrX	134500000	134600000	0.0	NA
chrX	134600000	134700000	0.0	NA
chrX	134700000	134800000	0.0	NA
chrX	134800000	134900000	0.0	NA
chrX	134900000	135000000	0.0	NA
chrX	135000000	135100000	0.0	NA
chrX	135100000	135200000	0.0	NA
chrX	135200000	135300000	0.0	NA
chrX	135300000	135400000	0.0	NA
chrX	135400000	135500000	0.0	NA
chrX	135500000	135600000	0.0	NA
chrX	135600000	135700000	0.0	NA
chrX	135700000	135800000	0.0	NA
chrX	135800000	135900000	0.0	NA
chrX	135900000	136000000	0.0	NA
chrX	136000000	136100000	0.0	NA
chrX	136100000	136200000	0.0	NA
chrX	136200000	136300000	0.0	NA
chrX	136300000	136400000	0.0	NA
chrX	136400000	136500000	0.0	NA
chrX	136500000	136600000	0.0	NA
chrX	136600000	136700000	0.0	NA
chrX	136700000	136800000	0.00028723217000304035	2815
chrX	136800000	136900000	0.0004653018681514162	70269
chrX	136900000	137000000	0.0005092460312306541	83240
chrX	137000000	137100000	0.0007380004612221079	76557
chrX	137100000	137200000	0.00034624736316825024	69559
chrX	137200000	137300000	0.000519466230809922	79877
chrX	137300000	137400000	0.0008089728215802943	70831
chrX	137400000	137500000	0.0007817995325808694	81591
chrX	137500000	137600000	0.0010466745759226206	80843
chrX	137600000	137700000	0.0004203653716928049	84750
chrX	137700000	137800000	0.00032449203993359615	11618
chrX	137800000	137900000	0.0	NA
chrX	137900000	138000000	0.0	NA
chrX	138000000	138100000	0.0	NA
chrX	138100000	138200000	0.0	NA
chrX	138200000	138300000	0.0011194994185064065	10876
chrX	138300000	138400000	0.000733926961365103	82163
chrX	138400000	138500000	0.0009818764549704244	78737
chrX	138500000	138600000	0.0006806315735688923	73499
chrX	138600000	138700000	0.0006936781333461268	20843
chrX	138700000	138800000	0.0004305864938586766	8013
chrX	138800000	138900000	0.00040685407657884716	7085
chrX	138900000	139000000	0.00042748954437571565	63780
chrX	139000000	139100000	0.0008934535486038995	42201
chrX	139100000	139200000	0.0006352906712956802	70268
chrX	139200000	139300000	0.0005554291124567615	78120
chrX	139300000	139400000	0.0005514559140432772	63957
chrX	139400000	139500000	0.0004484060989249934	76316
chrX	139500000	139600000	0.0006885418388708724	81907
chrX	139600000	139700000	0.000971364243936325	85526
chrX	139700000	139800000	0.0006513047291835914	65512
chrX	139800000	139900000	0.0012749762656256325	34757
chrX	139900000	140000000	0.0009615904182632334	83458
chrX	140000000	140100000	0.0007770095296028912	63624
chrX	140100000	140200000	0.0	NA
chrX	140200000	140300000	0.0008476322675718442	65869
chrX	140300000	140400000	0.0011356490202897348	53147
chrX	140400000	140500000	0.0008854851866518035	74746
chrX	140500000	140600000	0.001109228305174252	45584
chrX	140600000	140700000	0.0	NA
chrX	140700000	140800000	0.0006398185079166668	29666
chrX	140800000	140900000	0.0009252912961873252	73662
chrX	140900000	141000000	0.0008825724803637159	28070
chrX	141000000	141100000	0.0011376410926613935	81059
chrX	141100000	141200000	0.00118908985835489	81718
chrX	141200000	141300000	0.0010298373839788696	70325
chrX	141300000	141400000	0.001329222891722887	79200
chrX	141400000	141500000	0.001008235841685776	70039
chrX	141500000	141600000	0.0011759125245008452	72042
chrX	141600000	141700000	0.0014488314233060727	84230
chrX	141700000	141800000	0.0011682927335245584	81333
chrX	141800000	141900000	0.0009477577568471555	72238
chrX	141900000	142000000	0.0008496347084246895	74115
chrX	142000000	142100000	0.0008674048416058897	79354
chrX	142100000	142200000	0.0008785500096144562	82860
chrX	142200000	142300000	0.0010758452449337983	85677
chrX	142300000	142400000	0.0008324056859576771	83784
chrX	142400000	142500000	0.0009282640027368811	82097
chrX	142500000	142600000	0.0012225628725661456	79563
chrX	142600000	142700000	0.001028029160369117	74762
chrX	142700000	142800000	0.0008405431041125338	70084
chrX	142800000	142900000	0.001149805845389637	72483
chrX	142900000	143000000	0.0007486633585633939	83030
chrX	143000000	143100000	0.0006114079778575499	79689
chrX	143100000	143200000	0.0006178706556120803	50308
chrX	143200000	143300000	0.0006894303321798047	3317
chrX	143300000	143400000	0.0012057858325225659	83346
chrX	143400000	143500000	0.0009076252036269878	80611
chrX	143500000	143600000	0.0010379539310270483	40018
chrX	143600000	143700000	0.0013112331019927992	85863
chrX	143700000	143800000	0.0011742598224834934	81404
chrX	143800000	143900000	0.0011176360714690613	84151
chrX	143900000	144000000	0.0008846578415979557	84696
chrX	144000000	144100000	0.0011262966833557686	86463
chrX	144100000	144200000	0.0007787181411551439	83878
chrX	144200000	144300000	0.0014824409733604515	85733
chrX	144300000	144400000	0.0009995562733899409	76908
chrX	144400000	144500000	0.0004491298146140402	76452
chrX	144500000	144600000	0.0008258475632645205	79929
chrX	144600000	144700000	0.0009056169994848041	87538
chrX	144700000	144800000	0.0006370655631204447	87024
chrX	144800000	144900000	0.0008563703972659263	82454
chrX	144900000	145000000	0.0007955003550247426	75125
chrX	145000000	145100000	0.0008342476581984403	80131
chrX	145100000	145200000	0.000989335969209238	78751
chrX	145200000	145300000	0.0008085914222253293	83307
chrX	145300000	145400000	0.001168185720890294	76426
chrX	145400000	145500000	0.0009839659688229653	81886
chrX	145500000	145600000	0.0009232022280377057	83363
chrX	145600000	145700000	0.0010538045104735926	88228
chrX	145700000	145800000	0.0006485822442432149	80064
chrX	145800000	145900000	0.0012896515425417133	62280
chrX	145900000	146000000	0.0013281801753096494	72931
chrX	146000000	146100000	0.0009752878053770858	83332
chrX	146100000	146200000	0.0008275898809645054	84928
chrX	146200000	146300000	0.0006632937630846657	65998
chrX	146300000	146400000	0.0008294511879729758	70707
chrX	146400000	146500000	0.0009961094593606383	79162
chrX	146500000	146600000	0.0008468761815360934	82920
chrX	146600000	146700000	0.0008987152426943053	88267
chrX	146700000	146800000	0.00115482873531699	83557
chrX	146800000	146900000	0.0005526895885206017	90871
chrX	146900000	147000000	0.0006634482930062761	68753
chrX	147000000	147100000	0.0005288391309896685	20925
chrX	147100000	147200000	0.0008504166743204926	77770
chrX	147200000	147300000	0.0006457755801209096	69302
chrX	147300000	147400000	0.0004577239436648231	76285
chrX	147400000	147500000	0.0005882270841162437	72248
chrX	147500000	147600000	0.0005825666537709736	71667
chrX	147600000	147700000	0.0	NA
chrX	147700000	147800000	0.0	NA
chrX	147800000	147900000	0.0	NA
chrX	147900000	148000000	0.0	NA
chrX	148000000	148100000	0.0006950047859413237	16561
chrX	148100000	148200000	0.0006287097599731233	86056
chrX	148200000	148300000	0.0007427994871456695	74065
chrX	148300000	148400000	0.0007329905045111058	84756
chrX	148400000	148500000	0.0007320839929100136	79877
chrX	148500000	148600000	0.000931975602867187	55149
chrX	148600000	148700000	0.0006931369543982157	12987
chrX	148700000	148800000	0.0006107776604528768	24016
chrX	148800000	148900000	0.00058518910282818	32428
chrX	148900000	149000000	0.0003775044097624743	2418
chrX	149000000	149100000	0.00016747024616043537	7879
chrX	149100000	149200000	0.00019228206668739495	11561
chrX	149200000	149300000	0.0004230032009188488	80591
chrX	149300000	149400000	0.0007274179662925066	80536
chrX	149400000	149500000	0.0006178255686282842	89618
chrX	149500000	149600000	0.0005816840553891485	27724
chrX	149600000	149700000	0.0013200697435260828	13685
chrX	149700000	149800000	0.0004919313748015822	31273
chrX	149800000	149900000	0.0007617728988192063	17578
chrX	149900000	150000000	0.0003609337767753609	1010
chrX	150000000	150100000	0.0006495708843113749	25319
chrX	150100000	150200000	0.001015611606425595	60222
chrX	150200000	150300000	0.0010311844986628748	75496
chrX	150300000	150400000	0.0009004078945090381	69505
chrX	150400000	150500000	0.000932146511795419	78099
chrX	150500000	150600000	0.000679127513534702	71549
chrX	150600000	150700000	0.0008435809507849575	78061
chrX	150700000	150800000	0.0006153993324213782	16602
chrX	150800000	150900000	0.0011499292553162836	38240
chrX	150900000	151000000	0.0008335080000518463	81420
chrX	151000000	151100000	0.0008812488136791522	77446
chrX	151100000	151200000	0.0008348230757463753	62385
chrX	151200000	151300000	0.0009648124715573658	64938
chrX	151300000	151400000	0.0006241488151901628	26120
chrX	151400000	151500000	0.0	NA
chrX	151500000	151600000	0.0	NA
chrX	151600000	151700000	0.0	NA
chrX	151700000	151800000	0.0	NA
chrX	151800000	151900000	0.0	NA
chrX	151900000	152000000	0.0	NA
chrX	152000000	152100000	0.0	NA
chrX	152100000	152200000	0.0	NA
chrX	152200000	152300000	0.0	NA
chrX	152300000	152400000	0.0	NA
chrX	152400000	152500000	0.0	NA
chrX	152500000	152600000	0.0	NA
chrX	152600000	152700000	0.0	NA
chrX	152700000	152800000	0.0	NA
chrX	152800000	152900000	0.0	NA
chrX	152900000	153000000	0.0	NA
chrX	153000000	153100000	0.0	NA
chrX	153100000	153200000	0.0	NA
chrX	153200000	153300000	0.0	NA
chrX	153300000	153400000	0.0	NA
chrX	153400000	153500000	0.0	NA
chrX	153500000	153600000	0.0	NA
chrX	153600000	153700000	0.0	NA
chrX	153700000	153800000	0.0	NA
chrX	153800000	153900000	0.0	NA
chrX	153900000	154000000	0.0	NA
chrX	154000000	154100000	0.0	NA
chrX	154100000	154200000	0.0	NA
chrX	154200000	154300000	0.0	NA
chrX	154300000	154400000	0.0	NA
chrX	154400000	154500000	0.0	NA
chrX	154500000	154600000	0.0	NA
chrX	154600000	154700000	0.0	NA
chrX	154700000	154800000	0.0	NA
chrX	154800000	154900000	0.0	NA
chrX	154900000	155000000	0.0	NA
chrX	155000000	155100000	0.0	NA
chrX	155100000	155200000	0.0006350403999879126	19719
chrX	155200000	155270560	0.0010532475873161183	12695
